-3.06945550e-03
-0.00000000e+00
2.50305282e-03
5.15016960e-03
7.79437553e-03
1.04948878e-02
1.32441064e-02
1.60499830e-02
1.89097486e-02
2.18191594e-02
2.47710701e-02
2.77574994e-02
3.07704248e-02
3.38026248e-02
3.68480980e-02
3.99021842e-02
4.29615118e-02
4.60237786e-02
4.90874872e-02
5.21517433e-02
5.52160069e-02
5.82799911e-02
6.13435321e-02
6.44065365e-02
6.74689487e-02
7.05307350e-02
7.35918507e-02
7.66522735e-02
7.97119662e-02
8.27709064e-02
8.58290717e-02
8.88864323e-02
9.19429585e-02
9.49986279e-02
9.80533957e-02
1.01107247e-01
1.04160137e-01
1.07212052e-01
1.10262953e-01
1.13312803e-01
1.16361603e-01
1.19409300e-01
1.22455865e-01
1.25501290e-01
1.28545523e-01
1.31588548e-01
1.34630337e-01
1.37670845e-01
1.40710056e-01
1.43747941e-01
1.46784484e-01
1.49819642e-01
1.52853370e-01
1.55885682e-01
1.58916518e-01
1.61945850e-01
1.64973646e-01
1.67999908e-01
1.71024576e-01
1.74047649e-01
1.77069068e-01
1.80088818e-01
1.83106884e-01
1.86123222e-01
1.89137802e-01
1.92150608e-01
1.95161581e-01
1.98170736e-01
2.01178029e-01
2.04183415e-01
2.07186878e-01
2.10188389e-01
2.13187918e-01
2.16185436e-01
2.19180912e-01
2.22174332e-01
2.25165665e-01
2.28154868e-01
2.31141940e-01
2.34126821e-01
2.37109482e-01
2.40089908e-01
2.43068084e-01
2.46043965e-01
2.49017522e-01
2.51988739e-01
2.54957587e-01
2.57924020e-01
2.60888040e-01
2.63849586e-01
2.66808659e-01
2.69765258e-01
2.72719264e-01
2.75670707e-01
2.78619528e-01
2.81565785e-01
2.84509361e-01
2.87450254e-01
2.90388435e-01
2.93323874e-01
2.96256542e-01
2.99186438e-01
3.02113503e-01
3.05037737e-01
3.07959080e-01
3.10877562e-01
3.13793063e-01
3.16705614e-01
3.19615215e-01
3.22521776e-01
3.25425327e-01
3.28325778e-01
3.31223130e-01
3.34117383e-01
3.37008506e-01
3.39896411e-01
3.42781156e-01
3.45662653e-01
3.48540902e-01
3.51415873e-01
3.54287535e-01
3.57155830e-01
3.60020787e-01
3.62882346e-01
3.65740478e-01
3.68595153e-01
3.71446371e-01
3.74294072e-01
3.77138257e-01
3.79978895e-01
3.82815957e-01
3.85649413e-01
3.88479203e-01
3.91305327e-01
3.94127786e-01
3.96946549e-01
3.99761558e-01
4.02572811e-01
4.05380249e-01
4.08183873e-01
4.10983652e-01
4.13779587e-01
4.16571617e-01
4.19359714e-01
4.22143877e-01
4.24924046e-01
4.27700222e-01
4.30472374e-01
4.33240443e-01
4.36004430e-01
4.38764334e-01
4.41520065e-01
4.44271654e-01
4.47019070e-01
4.49762285e-01
4.52501237e-01
4.55235928e-01
4.57966357e-01
4.60692406e-01
4.63414162e-01
4.66131538e-01
4.68844533e-01
4.71553117e-01
4.74257261e-01
4.76956934e-01
4.79652077e-01
4.82342720e-01
4.85028833e-01
4.87710327e-01
4.90387291e-01
4.93059605e-01
4.95727271e-01
4.98390287e-01
5.01048565e-01
5.03702164e-01
5.06350994e-01
5.08995116e-01
5.11634469e-01
5.14268935e-01
5.16898513e-01
5.19523263e-01
5.22143066e-01
5.24757981e-01
5.27367949e-01
5.29972970e-01
5.32572985e-01
5.35167992e-01
5.37757993e-01
5.40342867e-01
5.42922735e-01
5.45497417e-01
5.48066914e-01
5.50631344e-01
5.53190470e-01
5.55744469e-01
5.58293223e-01
5.60836732e-01
5.63374996e-01
5.65907896e-01
5.68435490e-01
5.70957661e-01
5.73474526e-01
5.75985968e-01
5.78491926e-01
5.80992460e-01
5.83487511e-01
5.85977077e-01
5.88461161e-01
5.90939701e-01
5.93412638e-01
5.95879912e-01
5.98341644e-01
6.00797713e-01
6.03248179e-01
6.05692863e-01
6.08131945e-01
6.10565364e-01
6.12993062e-01
6.15414917e-01
6.17830932e-01
6.20241046e-01
6.22645319e-01
6.25043809e-01
6.27436340e-01
6.29823029e-01
6.32203817e-01
6.34578586e-01
6.36947393e-01
6.39310181e-01
6.41666949e-01
6.44017696e-01
6.46362364e-01
6.48700893e-01
6.51033401e-01
6.53359711e-01
6.55679882e-01
6.57993913e-01
6.60301685e-01
6.62603259e-01
6.64898634e-01
6.67187691e-01
6.69470489e-01
6.71746969e-01
6.74017072e-01
6.76280856e-01
6.78538263e-01
6.80789232e-01
6.83033884e-01
6.85272098e-01
6.87503815e-01
6.89729095e-01
6.91947877e-01
6.94160104e-01
6.96365774e-01
6.98564887e-01
7.00757384e-01
7.02943325e-01
7.05122650e-01
7.07295299e-01
7.09461331e-01
7.11620688e-01
7.13773370e-01
7.15919316e-01
7.18058467e-01
7.20190883e-01
7.22316444e-01
7.24435270e-01
7.26547182e-01
7.28652298e-01
7.30750561e-01
7.32841909e-01
7.34926343e-01
7.37003922e-01
7.39074528e-01
7.41138279e-01
7.43194997e-01
7.45244622e-01
7.47287273e-01
7.49322832e-01
7.51351416e-01
7.53372788e-01
7.55387127e-01
7.57394373e-01
7.59394467e-01
7.61387408e-01
7.63373196e-01
7.65351832e-01
7.67323256e-01
7.69287407e-01
7.71244287e-01
7.73193896e-01
7.75136232e-01
7.77071297e-01
7.78998971e-01
7.80919373e-01
7.82832384e-01
7.84738004e-01
7.86636293e-01
7.88527131e-01
7.90410578e-01
7.92286575e-01
7.94155002e-01
7.96016037e-01
7.97869563e-01
7.99715519e-01
8.01553965e-01
8.03384900e-01
8.05208206e-01
8.07023883e-01
8.08832049e-01
8.10632646e-01
8.12425494e-01
8.14210773e-01
8.15988481e-01
8.17758560e-01
8.19520891e-01
8.21275413e-01
8.23022127e-01
8.24761033e-01
8.26492190e-01
8.28215599e-01
8.29931140e-01
8.31638932e-01
8.33338857e-01
8.35030973e-01
8.36715162e-01
8.38391483e-01
8.40059936e-01
8.41720462e-01
8.43373060e-01
8.45017791e-01
8.46654475e-01
8.48283172e-01
8.49903882e-01
8.51516664e-01
8.53121400e-01
8.54718029e-01
8.56306672e-01
8.57887208e-01
8.59459639e-01
8.61024022e-01
8.62580240e-01
8.64128411e-01
8.65668356e-01
8.67200196e-01
8.68723810e-01
8.70239317e-01
8.71746600e-01
8.73245597e-01
8.74736488e-01
8.76219094e-01
8.77693474e-01
8.79159510e-01
8.80617380e-01
8.82066846e-01
8.83508027e-01
8.84940863e-01
8.86365354e-01
8.87781501e-01
8.89189303e-01
8.90588760e-01
8.91979754e-01
8.93362403e-01
8.94736648e-01
8.96102428e-01
8.97459805e-01
8.98808658e-01
9.00149047e-01
9.01480913e-01
9.02804375e-01
9.04119313e-01
9.05425727e-01
9.06723619e-01
9.08012927e-01
9.09293652e-01
9.10565794e-01
9.11829412e-01
9.13084447e-01
9.14330900e-01
9.15568769e-01
9.16798055e-01
9.18018699e-01
9.19230700e-01
9.20434058e-01
9.21628714e-01
9.22814608e-01
9.23991859e-01
9.25160348e-01
9.26320076e-01
9.27471101e-01
9.28613424e-01
9.29746926e-01
9.30871785e-01
9.31987762e-01
9.33095038e-01
9.34193492e-01
9.35283184e-01
9.36364055e-01
9.37436044e-01
9.38499272e-01
9.39553618e-01
9.40599144e-01
9.41635787e-01
9.42663610e-01
9.43682551e-01
9.44692612e-01
9.45693791e-01
9.46686029e-01
9.47669327e-01
9.48643625e-01
9.49609041e-01
9.50565517e-01
9.51512992e-01
9.52451527e-01
9.53381062e-01
9.54301715e-01
9.55213249e-01
9.56115842e-01
9.57009375e-01
9.57893908e-01
9.58769441e-01
9.59635973e-01
9.60493386e-01
9.61341858e-01
9.62181211e-01
9.63011563e-01
9.63832736e-01
9.64644909e-01
9.65447962e-01
9.66241956e-01
9.67026770e-01
9.67802525e-01
9.68569219e-01
9.69326735e-01
9.70075071e-01
9.70814288e-01
9.71544385e-01
9.72265363e-01
9.72977102e-01
9.73679721e-01
9.74373162e-01
9.75057364e-01
9.75732446e-01
9.76398230e-01
9.77054894e-01
9.77702320e-01
9.78340566e-01
9.78969693e-01
9.79589522e-01
9.80200171e-01
9.80801582e-01
9.81393635e-01
9.81976509e-01
9.82550144e-01
9.83114481e-01
9.83669579e-01
9.84215379e-01
9.84751940e-01
9.85279202e-01
9.85797167e-01
9.86305892e-01
9.86805320e-01
9.87295389e-01
9.87776220e-01
9.88247693e-01
9.88709867e-01
9.89162743e-01
9.89606321e-01
9.90040600e-01
9.90465462e-01
9.90881026e-01
9.91287231e-01
9.91684139e-01
9.92071629e-01
9.92449880e-01
9.92818713e-01
9.93178248e-01
9.93528426e-01
9.93869185e-01
9.94200647e-01
9.94522691e-01
9.94835317e-01
9.95138645e-01
9.95432556e-01
9.95717108e-01
9.95992303e-01
9.96258140e-01
9.96514559e-01
9.96761560e-01
9.96999204e-01
9.97227430e-01
9.97446299e-01
9.97655749e-01
9.97855783e-01
9.98046458e-01
9.98227715e-01
9.98399556e-01
9.98561919e-01
9.98714924e-01
9.98858571e-01
9.98992801e-01
9.99117613e-01
9.99232948e-01
9.99338925e-01
9.99435484e-01
9.99522626e-01
9.99600291e-01
9.99668539e-01
9.99727428e-01
9.99776959e-01
9.99817014e-01
9.99847591e-01
9.99868870e-01
9.99880612e-01
9.99882936e-01
9.99875903e-01
9.99859393e-01
9.99833465e-01
9.99798119e-01
9.99753356e-01
9.99699175e-01
9.99635577e-01
9.99562621e-01
9.99480188e-01
9.99388397e-01
9.99287128e-01
9.99176443e-01
9.99056399e-01
9.98926878e-01
9.98787999e-01
9.98639643e-01
9.98481870e-01
9.98314738e-01
9.98138189e-01
9.97952223e-01
9.97756839e-01
9.97552156e-01
9.97337997e-01
9.97114420e-01
9.96881485e-01
9.96639132e-01
9.96387422e-01
9.96126354e-01
9.95855808e-01
9.95575964e-01
9.95286763e-01
9.94988143e-01
9.94680107e-01
9.94362712e-01
9.94036019e-01
9.93699908e-01
9.93354440e-01
9.92999613e-01
9.92635429e-01
9.92261887e-01
9.91878986e-01
9.91486788e-01
9.91085172e-01
9.90674317e-01
9.90254104e-01
9.89824533e-01
9.89385605e-01
9.88937438e-01
9.88479912e-01
9.88013089e-01
9.87536907e-01
9.87051487e-01
9.86556709e-01
9.86052632e-01
9.85539258e-01
9.85016644e-01
9.84484732e-01
9.83943582e-01
9.83393133e-01
9.82833385e-01
9.82264400e-01
9.81686115e-01
9.81098652e-01
9.80501890e-01
9.79895949e-01
9.79280710e-01
9.78656292e-01
9.78022635e-01
9.77379739e-01
9.76727664e-01
9.76066411e-01
9.75395918e-01
9.74716306e-01
9.74027455e-01
9.73329425e-01
9.72622275e-01
9.71905887e-01
9.71180439e-01
9.70445752e-01
9.69701946e-01
9.68949020e-01
9.68186915e-01
9.67415750e-01
9.66635466e-01
9.65846062e-01
9.65047598e-01
9.64239895e-01
9.63423252e-01
9.62597430e-01
9.61762607e-01
9.60918725e-01
9.60065782e-01
9.59203780e-01
9.58332777e-01
9.57452714e-01
9.56563652e-01
9.55665529e-01
9.54758465e-01
9.53842342e-01
9.52917278e-01
9.51983154e-01
9.51040030e-01
9.50088024e-01
9.49127078e-01
9.48157132e-01
9.47178364e-01
9.46190655e-01
9.45194006e-01
9.44188535e-01
9.43174064e-01
9.42150712e-01
9.41118479e-01
9.40077424e-01
9.39027488e-01
9.37968731e-01
9.36901152e-01
9.35824692e-01
9.34739470e-01
9.33645427e-01
9.32542622e-01
9.31430936e-01
9.30310547e-01
9.29181397e-01
9.28043425e-01
9.26896751e-01
9.25741374e-01
9.24577236e-01
9.23404396e-01
9.22222793e-01
9.21032488e-01
9.19833481e-01
9.18625832e-01
9.17409539e-01
9.16184604e-01
9.14951026e-01
9.13708866e-01
9.12458122e-01
9.11198795e-01
9.09930885e-01
9.08654392e-01
9.07369375e-01
9.06075776e-01
9.04773593e-01
9.03462946e-01
9.02143776e-01
9.00816083e-01
8.99479866e-01
8.98135245e-01
8.96782160e-01
8.95420671e-01
8.94050658e-01
8.92672181e-01
8.91285360e-01
8.89890075e-01
8.88486445e-01
8.87074411e-01
8.85654092e-01
8.84225428e-01
8.82788420e-01
8.81343067e-01
8.79889488e-01
8.78427505e-01
8.76957357e-01
8.75478864e-01
8.73992145e-01
8.72497201e-01
8.70994031e-01
8.69482636e-01
8.67963016e-01
8.66435289e-01
8.64899397e-01
8.63355398e-01
8.61803234e-01
8.60242903e-01
8.58674467e-01
8.57097924e-01
8.55513334e-01
8.53920639e-01
8.52319896e-01
8.50711167e-01
8.49094450e-01
8.47469747e-01
8.45836997e-01
8.44196379e-01
8.42547655e-01
8.40891182e-01
8.39226663e-01
8.37554276e-01
8.35873961e-01
8.34185839e-01
8.32489848e-01
8.30786049e-01
8.29074323e-01
8.27354908e-01
8.25627685e-01
8.23892653e-01
8.22149754e-01
8.20399106e-01
8.18640649e-01
8.16874444e-01
8.15100610e-01
8.13319147e-01
8.11529994e-01
8.09733272e-01
8.07928979e-01
8.06116998e-01
8.04297507e-01
8.02470386e-01
8.00635755e-01
7.98793554e-01
7.96943843e-01
7.95086563e-01
7.93221772e-01
7.91349530e-01
7.89469779e-01
7.87582576e-01
7.85687983e-01
7.83786058e-01
7.81876743e-01
7.79960096e-01
7.78036058e-01
7.76104689e-01
7.74165988e-01
7.72220016e-01
7.70266771e-01
7.68306255e-01
7.66338468e-01
7.64363408e-01
7.62381196e-01
7.60391831e-01
7.58395314e-01
7.56391644e-01
7.54380882e-01
7.52362967e-01
7.50338018e-01
7.48305917e-01
7.46266782e-01
7.44220674e-01
7.42167473e-01
7.40107298e-01
7.38040149e-01
7.35966086e-01
7.33885109e-01
7.31797159e-01
7.29702353e-01
7.27600634e-01
7.25492120e-01
7.23376691e-01
7.21254528e-01
7.19125509e-01
7.16989756e-01
7.14847207e-01
7.12697864e-01
7.10541844e-01
7.08379149e-01
7.06209779e-01
7.04033852e-01
7.01851249e-01
6.99661970e-01
6.97466195e-01
6.95263803e-01
6.93054855e-01
6.90839350e-01
6.88617289e-01
6.86388791e-01
6.84153855e-01
6.81912422e-01
6.79664612e-01
6.77410424e-01
6.75149858e-01
6.72882855e-01
6.70609593e-01
6.68329954e-01
6.66044056e-01
6.63751841e-01
6.61453366e-01
6.59148693e-01
6.56837761e-01
6.54520690e-01
6.52197480e-01
6.49868071e-01
6.47532523e-01
6.45190895e-01
6.42843187e-01
6.40489399e-01
6.38129592e-01
6.35763764e-01
6.33391976e-01
6.31014228e-01
6.28630519e-01
6.26240909e-01
6.23845398e-01
6.21444046e-01
6.19036734e-01
6.16623640e-01
6.14204705e-01
6.11779988e-01
6.09349489e-01
6.06913328e-01
6.04471385e-01
6.02023780e-01
5.99570513e-01
5.97111583e-01
5.94647050e-01
5.92176914e-01
5.89701176e-01
5.87219894e-01
5.84733009e-01
5.82240701e-01
5.79742849e-01
5.77239633e-01
5.74730873e-01
5.72216749e-01
5.69697261e-01
5.67172408e-01
5.64642191e-01
5.62106609e-01
5.59565723e-01
5.57019591e-01
5.54468215e-01
5.51911592e-01
5.49349785e-01
5.46782851e-01
5.44210732e-01
5.41633487e-01
5.39051116e-01
5.36463678e-01
5.33871174e-01
5.31273663e-01
5.28671086e-01
5.26063621e-01
5.23451209e-01
5.20833790e-01
5.18211544e-01
5.15584409e-01
5.12952328e-01
5.10315359e-01
5.07673621e-01
5.05027175e-01
5.02376020e-01
4.99720097e-01
4.97059405e-01
4.94394094e-01
4.91724074e-01
4.89049435e-01
4.86370206e-01
4.83686388e-01
4.80998039e-01
4.78305131e-01
4.75607693e-01
4.72905785e-01
4.70199406e-01
4.67488617e-01
4.64773446e-01
4.62053865e-01
4.59329933e-01
4.56601679e-01
4.53869164e-01
4.51132298e-01
4.48391199e-01
4.45645899e-01
4.42896396e-01
4.40142751e-01
4.37384903e-01
4.34622943e-01
4.31856900e-01
4.29086804e-01
4.26312685e-01
4.23534542e-01
4.20752376e-01
4.17966247e-01
4.15176213e-01
4.12382215e-01
4.09584343e-01
4.06782597e-01
4.03977066e-01
4.01167691e-01
3.98354590e-01
3.95537704e-01
3.92717093e-01
3.89892757e-01
3.87064785e-01
3.84233147e-01
3.81397873e-01
3.78559023e-01
3.75716627e-01
3.72870684e-01
3.70021224e-01
3.67168248e-01
3.64311844e-01
3.61451983e-01
3.58588755e-01
3.55722129e-01
3.52852136e-01
3.49978834e-01
3.47102225e-01
3.44222367e-01
3.41339231e-01
3.38452905e-01
3.35563391e-01
3.32670718e-01
3.29774886e-01
3.26875985e-01
3.23973954e-01
3.21068913e-01
3.18160802e-01
3.15249711e-01
3.12335700e-01
3.09418708e-01
3.06498796e-01
3.03575993e-01
3.00650328e-01
2.97721863e-01
2.94790566e-01
2.91856498e-01
2.88919687e-01
2.85980135e-01
2.83037931e-01
2.80093044e-01
2.77145505e-01
2.74195373e-01
2.71242619e-01
2.68287331e-01
2.65329510e-01
2.62369186e-01
2.59406388e-01
2.56441176e-01
2.53473520e-01
2.50503480e-01
2.47531086e-01
2.44556352e-01
2.41579324e-01
2.38600016e-01
2.35618442e-01
2.32634664e-01
2.29648694e-01
2.26660565e-01
2.23670289e-01
2.20677912e-01
2.17683464e-01
2.14686960e-01
2.11688429e-01
2.08687901e-01
2.05685422e-01
2.02680975e-01
1.99674636e-01
1.96666405e-01
1.93656340e-01
1.90644443e-01
1.87630758e-01
1.84615314e-01
1.81598112e-01
1.78579211e-01
1.75558627e-01
1.72536388e-01
1.69512510e-01
1.66487053e-01
1.63460016e-01
1.60431430e-01
1.57401353e-01
1.54369771e-01
1.51336744e-01
1.48302272e-01
1.45266429e-01
1.42229199e-01
1.39190629e-01
1.36150762e-01
1.33109599e-01
1.30067199e-01
1.27023563e-01
1.23978749e-01
1.20932750e-01
1.17885612e-01
1.14837371e-01
1.11788049e-01
1.08737670e-01
1.05686262e-01
1.02633864e-01
9.95804891e-02
9.65261832e-02
9.34709683e-02
9.04148743e-02
8.73579234e-02
8.43001455e-02
8.12415779e-02
7.81822428e-02
7.51221776e-02
7.20613971e-02
6.89999387e-02
6.59378320e-02
6.28751069e-02
5.98117821e-02
5.67478985e-02
5.36834821e-02
5.06185591e-02
4.75531593e-02
4.44873124e-02
4.14210483e-02
3.83543968e-02
3.52873802e-02
3.22200283e-02
2.91523710e-02
2.60844380e-02
2.30162609e-02
1.99478697e-02
1.68792885e-02
1.38105489e-02
1.07416790e-02
7.67270848e-03
4.60366625e-03
1.53458025e-03
-1.53452042e-03
-4.60360665e-03
-7.67264934e-03
-1.07416203e-02
-1.38104903e-02
-1.68792307e-02
-1.99478101e-02
-2.30162013e-02
-2.60843765e-02
-2.91523058e-02
-3.22199613e-02
-3.52873132e-02
-3.83543298e-02
-4.14209850e-02
-4.44872491e-02
-4.75530960e-02
-5.06184958e-02
-5.36834188e-02
-5.67478351e-02
-5.98117188e-02
-6.28750324e-02
-6.59377649e-02
-6.89998716e-02
-7.20613301e-02
-7.51221105e-02
-7.81821832e-02
-8.12415183e-02
-8.43000859e-02
-8.73578638e-02
-9.04148221e-02
-9.34709162e-02
-9.65261310e-02
-9.95804369e-02
-1.02633804e-01
-1.05686195e-01
-1.08737603e-01
-1.11787982e-01
-1.14837311e-01
-1.17885552e-01
-1.20932691e-01
-1.23978682e-01
-1.27023503e-01
-1.30067140e-01
-1.33109540e-01
-1.36150703e-01
-1.39190584e-01
-1.42229155e-01
-1.45266369e-01
-1.48302227e-01
-1.51336670e-01
-1.54369697e-01
-1.57401279e-01
-1.60431355e-01
-1.63459942e-01
-1.66486979e-01
-1.69512451e-01
-1.72536328e-01
-1.75558567e-01
-1.78579152e-01
-1.81598067e-01
-1.84615254e-01
-1.87630713e-01
-1.90644383e-01
-1.93656281e-01
-1.96666375e-01
-1.99674591e-01
-2.02680945e-01
-2.05685362e-01
-2.08687857e-01
-2.11688384e-01
-2.14686900e-01
-2.17683405e-01
-2.20677853e-01
-2.23670229e-01
-2.26660505e-01
-2.29648635e-01
-2.32634604e-01
-2.35618383e-01
-2.38599941e-01
-2.41579235e-01
-2.44556263e-01
-2.47530997e-01
-2.50503391e-01
-2.53473431e-01
-2.56441087e-01
-2.59406328e-01
-2.62369126e-01
-2.65329450e-01
-2.68287271e-01
-2.71242559e-01
-2.74195313e-01
-2.77145445e-01
-2.80092984e-01
-2.83037901e-01
-2.85980105e-01
-2.88919657e-01
-2.91856468e-01
-2.94790536e-01
-2.97721803e-01
-3.00650269e-01
-3.03575933e-01
-3.06498736e-01
-3.09418648e-01
-3.12335640e-01
-3.15249652e-01
-3.18160743e-01
-3.21068823e-01
-3.23973894e-01
-3.26875895e-01
-3.29774827e-01
-3.32670659e-01
-3.35563332e-01
-3.38452846e-01
-3.41339171e-01
-3.44222277e-01
-3.47102165e-01
-3.49978775e-01
-3.52852076e-01
-3.55722070e-01
-3.58588666e-01
-3.61451924e-01
-3.64311755e-01
-3.67168158e-01
-3.70021105e-01
-3.72870594e-01
-3.75716537e-01
-3.78558964e-01
-3.81397814e-01
-3.84233087e-01
-3.87064695e-01
-3.89892697e-01
-3.92717004e-01
-3.95537615e-01
-3.98354471e-01
-4.01167601e-01
-4.03976947e-01
-4.06782508e-01
-4.09584224e-01
-4.12382126e-01
-4.15176094e-01
-4.17966157e-01
-4.20752287e-01
-4.23534423e-01
-4.26312596e-01
-4.29086715e-01
-4.31856841e-01
-4.34622884e-01
-4.37384814e-01
-4.40142632e-01
-4.42896336e-01
-4.45645839e-01
-4.48391169e-01
-4.51132238e-01
-4.53869075e-01
-4.56601620e-01
-4.59329873e-01
-4.62053806e-01
-4.64773387e-01
-4.67488557e-01
-4.70199317e-01
-4.72905666e-01
-4.75607574e-01
-4.78305012e-01
-4.80997950e-01
-4.83686328e-01
-4.86370146e-01
-4.89049405e-01
-4.91724014e-01
-4.94394004e-01
-4.97059345e-01
-4.99720007e-01
-5.02375960e-01
-5.05027175e-01
-5.07673681e-01
-5.10315359e-01
-5.12952209e-01
-5.15584230e-01
-5.18211424e-01
-5.20833731e-01
-5.23451090e-01
-5.26063502e-01
-5.28670967e-01
-5.31273484e-01
-5.33871055e-01
-5.36463559e-01
-5.39051056e-01
-5.41633368e-01
-5.44210613e-01
-5.46782732e-01
-5.49349666e-01
-5.51911473e-01
-5.54468095e-01
-5.57019472e-01
-5.59565604e-01
-5.62106490e-01
-5.64642072e-01
-5.67172348e-01
-5.69697201e-01
-5.72216749e-01
-5.74730873e-01
-5.77239573e-01
-5.79742849e-01
-5.82240641e-01
-5.84733009e-01
-5.87219834e-01
-5.89701176e-01
-5.92176914e-01
-5.94646990e-01
-5.97111523e-01
-5.99570394e-01
-6.02023661e-01
-6.04471207e-01
-6.06913149e-01
-6.09349370e-01
-6.11779928e-01
-6.14204705e-01
-6.16623640e-01
-6.19036734e-01
-6.21443927e-01
-6.23845339e-01
-6.26240790e-01
-6.28630459e-01
-6.31014168e-01
-6.33391917e-01
-6.35763705e-01
-6.38129592e-01
-6.40489399e-01
-6.42843127e-01
-6.45190775e-01
-6.47532403e-01
-6.49867892e-01
-6.52197361e-01
-6.54520571e-01
-6.56837702e-01
-6.59148574e-01
-6.61453247e-01
-6.63751721e-01
-6.66043997e-01
-6.68329954e-01
-6.70609534e-01
-6.72882855e-01
-6.75149798e-01
-6.77410364e-01
-6.79664612e-01
-6.81912422e-01
-6.84153855e-01
-6.86388791e-01
-6.88617289e-01
-6.90839350e-01
-6.93054855e-01
-6.95263803e-01
-6.97466135e-01
-6.99661970e-01
-7.01851130e-01
-7.04033732e-01
-7.06209719e-01
-7.08379090e-01
-7.10541725e-01
-7.12697804e-01
-7.14847147e-01
-7.16989756e-01
-7.19125569e-01
-7.21254528e-01
-7.23376751e-01
-7.25492120e-01
-7.27600634e-01
-7.29702294e-01
-7.31797099e-01
-7.33885050e-01
-7.35966027e-01
-7.38040090e-01
-7.40107298e-01
-7.42167532e-01
-7.44220674e-01
-7.46266842e-01
-7.48305917e-01
-7.50338018e-01
-7.52362967e-01
-7.54380882e-01
-7.56391644e-01
-7.58395314e-01
-7.60391831e-01
-7.62381196e-01
-7.64363408e-01
-7.66338468e-01
-7.68306255e-01
-7.70266771e-01
-7.72220016e-01
-7.74165988e-01
-7.76104629e-01
-7.78036058e-01
-7.79960096e-01
-7.81876802e-01
-7.83786118e-01
-7.85688043e-01
-7.87582636e-01
-7.89469779e-01
-7.91349530e-01
-7.93221772e-01
-7.95086503e-01
-7.96943784e-01
-7.98793495e-01
-8.00635695e-01
-8.02470386e-01
-8.04297447e-01
-8.06116939e-01
-8.07928860e-01
-8.09733093e-01
-8.11529815e-01
-8.13319027e-01
-8.15100610e-01
-8.16874504e-01
-8.18640769e-01
-8.20399284e-01
-8.22149992e-01
-8.23892891e-01
-8.25627923e-01
-8.27355027e-01
-8.29074502e-01
-8.30786109e-01
-8.32489908e-01
-8.34185898e-01
-8.35874021e-01
-8.37554276e-01
-8.39226663e-01
-8.40891182e-01
-8.42547774e-01
-8.44196379e-01
-8.45837116e-01
-8.47469807e-01
-8.49094510e-01
-8.50711286e-01
-8.52320015e-01
-8.53920698e-01
-8.55513334e-01
-8.57097864e-01
-8.58674407e-01
-8.60242844e-01
-8.61803114e-01
-8.63355398e-01
-8.64899397e-01
-8.66435349e-01
-8.67963076e-01
-8.69482636e-01
-8.70993972e-01
-8.72497201e-01
-8.73992145e-01
-8.75478745e-01
-8.76957238e-01
-8.78427446e-01
-8.79889429e-01
-8.81343067e-01
-8.82788420e-01
-8.84225428e-01
-8.85654151e-01
-8.87074471e-01
-8.88486445e-01
-8.89890075e-01
-8.91285300e-01
-8.92672181e-01
-8.94050598e-01
-8.95420551e-01
-8.96782100e-01
-8.98135245e-01
-8.99479926e-01
-9.00816143e-01
-9.02143836e-01
-9.03463006e-01
-9.04773653e-01
-9.06075835e-01
-9.07369375e-01
-9.08654451e-01
-9.09930885e-01
-9.11198795e-01
-9.12458122e-01
-9.13708866e-01
-9.14951026e-01
-9.16184604e-01
-9.17409599e-01
-9.18625891e-01
-9.19833541e-01
-9.21032488e-01
-9.22222793e-01
-9.23404336e-01
-9.24577177e-01
-9.25741315e-01
-9.26896691e-01
-9.28043365e-01
-9.29181218e-01
-9.30310428e-01
-9.31430876e-01
-9.32542562e-01
-9.33645427e-01
-9.34739470e-01
-9.35824752e-01
-9.36901152e-01
-9.37968791e-01
-9.39027548e-01
-9.40077424e-01
-9.41118538e-01
-9.42150712e-01
-9.43174064e-01
-9.44188535e-01
-9.45194066e-01
-9.46190655e-01
-9.47178423e-01
-9.48157251e-01
-9.49127197e-01
-9.50088084e-01
-9.51040089e-01
-9.51983213e-01
-9.52917278e-01
-9.53842402e-01
-9.54758525e-01
-9.55665648e-01
-9.56563711e-01
-9.57452774e-01
-9.58332837e-01
-9.59203839e-01
-9.60065842e-01
-9.60918784e-01
-9.61762667e-01
-9.62597489e-01
-9.63423252e-01
-9.64239955e-01
-9.65047538e-01
-9.65846062e-01
-9.66635466e-01
-9.67415810e-01
-9.68187034e-01
-9.68949080e-01
-9.69702065e-01
-9.70445871e-01
-9.71180499e-01
-9.71906006e-01
-9.72622335e-01
-9.73329484e-01
-9.74027455e-01
-9.74716246e-01
-9.75395918e-01
-9.76066351e-01
-9.76727664e-01
-9.77379739e-01
-9.78022575e-01
-9.78656232e-01
-9.79280710e-01
-9.79895890e-01
-9.80501890e-01
-9.81098711e-01
-9.81686175e-01
-9.82264459e-01
-9.82833385e-01
-9.83393073e-01
-9.83943582e-01
-9.84484732e-01
-9.85016644e-01
-9.85539317e-01
-9.86052692e-01
-9.86556709e-01
-9.87051487e-01
-9.87537026e-01
-9.88013148e-01
-9.88479972e-01
-9.88937497e-01
-9.89385664e-01
-9.89824533e-01
-9.90254104e-01
-9.90674376e-01
-9.91085291e-01
-9.91486847e-01
-9.91879046e-01
-9.92261946e-01
-9.92635429e-01
-9.92999613e-01
-9.93354440e-01
-9.93699908e-01
-9.94036019e-01
-9.94362772e-01
-9.94680107e-01
-9.94988084e-01
-9.95286763e-01
-9.95576024e-01
-9.95855927e-01
-9.96126413e-01
-9.96387482e-01
-9.96639192e-01
-9.96881485e-01
-9.97114420e-01
-9.97337997e-01
-9.97552156e-01
-9.97756898e-01
-9.97952282e-01
-9.98138249e-01
-9.98314798e-01
-9.98481870e-01
-9.98639584e-01
-9.98787940e-01
-9.98926818e-01
-9.99056399e-01
-9.99176443e-01
-9.99287128e-01
-9.99388397e-01
-9.99480188e-01
-9.99562621e-01
-9.99635577e-01
-9.99699116e-01
-9.99753296e-01
-9.99798059e-01
-9.99833345e-01
-9.99859273e-01
-9.99875784e-01
-9.99882877e-01
-9.99880493e-01
-9.99868751e-01
-9.99847531e-01
-9.99816895e-01
-9.99776840e-01
-9.99727368e-01
-9.99668479e-01
-9.99600232e-01
-9.99522567e-01
-9.99435425e-01
-9.99338865e-01
-9.99232948e-01
-9.99117613e-01
-9.98992801e-01
-9.98858631e-01
-9.98715043e-01
-9.98562038e-01
-9.98399615e-01
-9.98227775e-01
-9.98046517e-01
-9.97855842e-01
-9.97655749e-01
-9.97446358e-01
-9.97227490e-01
-9.96999204e-01
-9.96761501e-01
-9.96514499e-01
-9.96258140e-01
-9.95992303e-01
-9.95717168e-01
-9.95432615e-01
-9.95138645e-01
-9.94835317e-01
-9.94522631e-01
-9.94200587e-01
-9.93869185e-01
-9.93528426e-01
-9.93178248e-01
-9.92818713e-01
-9.92449820e-01
-9.92071629e-01
-9.91684079e-01
-9.91287231e-01
-9.90880966e-01
-9.90465403e-01
-9.90040481e-01
-9.89606261e-01
-9.89162743e-01
-9.88709867e-01
-9.88247633e-01
-9.87776160e-01
-9.87295389e-01
-9.86805320e-01
-9.86305892e-01
-9.85797167e-01
-9.85279262e-01
-9.84751940e-01
-9.84215379e-01
-9.83669519e-01
-9.83114421e-01
-9.82550025e-01
-9.81976449e-01
-9.81393576e-01
-9.80801463e-01
-9.80200112e-01
-9.79589522e-01
-9.78969693e-01
-9.78340626e-01
-9.77702320e-01
-9.77054894e-01
-9.76398289e-01
-9.75732386e-01
-9.75057364e-01
-9.74373162e-01
-9.73679721e-01
-9.72977161e-01
-9.72265363e-01
-9.71544385e-01
-9.70814288e-01
-9.70075071e-01
-9.69326735e-01
-9.68569219e-01
-9.67802584e-01
-9.67026770e-01
-9.66241956e-01
-9.65447962e-01
-9.64644909e-01
-9.63832796e-01
-9.63011563e-01
-9.62181211e-01
-9.61341858e-01
-9.60493386e-01
-9.59635973e-01
-9.58769500e-01
-9.57893968e-01
-9.57009435e-01
-9.56115842e-01
-9.55213249e-01
-9.54301655e-01
-9.53381062e-01
-9.52451468e-01
-9.51512992e-01
-9.50565457e-01
-9.49609041e-01
-9.48643625e-01
-9.47669327e-01
-9.46686029e-01
-9.45693791e-01
-9.44692612e-01
-9.43682551e-01
-9.42663610e-01
-9.41635847e-01
-9.40599203e-01
-9.39553678e-01
-9.38499331e-01
-9.37436104e-01
-9.36364055e-01
-9.35283124e-01
-9.34193492e-01
-9.33095038e-01
-9.31987822e-01
-9.30871725e-01
-9.29746926e-01
-9.28613424e-01
-9.27471101e-01
-9.26320076e-01
-9.25160289e-01
-9.23991799e-01
-9.22814608e-01
-9.21628714e-01
-9.20434117e-01
-9.19230759e-01
-9.18018758e-01
-9.16798055e-01
-9.15568769e-01
-9.14330900e-01
-9.13084447e-01
-9.11829472e-01
-9.10565853e-01
-9.09293711e-01
-9.08012986e-01
-9.06723678e-01
-9.05425787e-01
-9.04119372e-01
-9.02804494e-01
-9.01481032e-01
-9.00149107e-01
-8.98808718e-01
-8.97459865e-01
-8.96102488e-01
-8.94736707e-01
-8.93362403e-01
-8.91979814e-01
-8.90588760e-01
-8.89189303e-01
-8.87781501e-01
-8.86365294e-01
-8.84940743e-01
-8.83507967e-01
-8.82066727e-01
-8.80617321e-01
-8.79159451e-01
-8.77693355e-01
-8.76219034e-01
-8.74736428e-01
-8.73245656e-01
-8.71746600e-01
-8.70239317e-01
-8.68723869e-01
-8.67200196e-01
-8.65668416e-01
-8.64128411e-01
-8.62580299e-01
-8.61024022e-01
-8.59459698e-01
-8.57887149e-01
-8.56306612e-01
-8.54718029e-01
-8.53121340e-01
-8.51516664e-01
-8.49903882e-01
-8.48283172e-01
-8.46654475e-01
-8.45017791e-01
-8.43373179e-01
-8.41720521e-01
-8.40059996e-01
-8.38391542e-01
-8.36715221e-01
-8.35031033e-01
-8.33338976e-01
-8.31638992e-01
-8.29931200e-01
-8.28215659e-01
-8.26492310e-01
-8.24761152e-01
-8.23022187e-01
-8.21275473e-01
-8.19520950e-01
-8.17758620e-01
-8.15988600e-01
-8.14210951e-01
-8.12425613e-01
-8.10632646e-01
-8.08832049e-01
-8.07023883e-01
-8.05208087e-01
-8.03384781e-01
-8.01553905e-01
-7.99715519e-01
-7.97869563e-01
-7.96016097e-01
-7.94155061e-01
-7.92286575e-01
-7.90410578e-01
-7.88527131e-01
-7.86636293e-01
-7.84738064e-01
-7.82832444e-01
-7.80919433e-01
-7.78999031e-01
-7.77071357e-01
-7.75136292e-01
-7.73193955e-01
-7.71244347e-01
-7.69287407e-01
-7.67323256e-01
-7.65351892e-01
-7.63373256e-01
-7.61387467e-01
-7.59394526e-01
-7.57394433e-01
-7.55387187e-01
-7.53372848e-01
-7.51351357e-01
-7.49322891e-01
-7.47287273e-01
-7.45244622e-01
-7.43194938e-01
-7.41138220e-01
-7.39074528e-01
-7.37003982e-01
-7.34926403e-01
-7.32841909e-01
-7.30750561e-01
-7.28652298e-01
-7.26547182e-01
-7.24435270e-01
-7.22316504e-01
-7.20190883e-01
-7.18058467e-01
-7.15919316e-01
-7.13773370e-01
-7.11620688e-01
-7.09461331e-01
-7.07295358e-01
-7.05122650e-01
-7.02943325e-01
-7.00757384e-01
-6.98564827e-01
-6.96365774e-01
-6.94160104e-01
-6.91947937e-01
-6.89729154e-01
-6.87503874e-01
-6.85272157e-01
-6.83034003e-01
-6.80789351e-01
-6.78538322e-01
-6.76280916e-01
-6.74017191e-01
-6.71747029e-01
-6.69470608e-01
-6.67187810e-01
-6.64898753e-01
-6.62603378e-01
-6.60301745e-01
-6.57993972e-01
-6.55679941e-01
-6.53359771e-01
-6.51033461e-01
-6.48700953e-01
-6.46362424e-01
-6.44017816e-01
-6.41667068e-01
-6.39310300e-01
-6.36947453e-01
-6.34578645e-01
-6.32203817e-01
-6.29823089e-01
-6.27436459e-01
-6.25043929e-01
-6.22645497e-01
-6.20241225e-01
-6.17831051e-01
-6.15414977e-01
-6.12993121e-01
-6.10565484e-01
-6.08132124e-01
-6.05693042e-01
-6.03248298e-01
-6.00797892e-01
-5.98341823e-01
-5.95880032e-01
-5.93412697e-01
-5.90939760e-01
-5.88461220e-01
-5.85977197e-01
-5.83487630e-01
-5.80992579e-01
-5.78491986e-01
-5.75986028e-01
-5.73474586e-01
-5.70957780e-01
-5.68435550e-01
-5.65907955e-01
-5.63374996e-01
-5.60836792e-01
-5.58293283e-01
-5.55744529e-01
-5.53190529e-01
-5.50631404e-01
-5.48067033e-01
-5.45497477e-01
-5.42922795e-01
-5.40342987e-01
-5.37758052e-01
-5.35168111e-01
-5.32573104e-01
-5.29973090e-01
-5.27368069e-01
-5.24758101e-01
-5.22143245e-01
-5.19523382e-01
-5.16898632e-01
-5.14268994e-01
-5.11634469e-01
-5.08995116e-01
-5.06351054e-01
-5.03702164e-01
-5.01048565e-01
-4.98390287e-01
-4.95727301e-01
-4.93059665e-01
-4.90387350e-01
-4.87710416e-01
-4.85028893e-01
-4.82342780e-01
-4.79652137e-01
-4.76956964e-01
-4.74257290e-01
-4.71553147e-01
-4.68844563e-01
-4.66131598e-01
-4.63414222e-01
-4.60692436e-01
-4.57966387e-01
-4.55235958e-01
-4.52501267e-01
-4.49762315e-01
-4.47019130e-01
-4.44271713e-01
-4.41520125e-01
-4.38764364e-01
-4.36004490e-01
-4.33240503e-01
-4.30472434e-01
-4.27700281e-01
-4.24924135e-01
-4.22143966e-01
-4.19359833e-01
-4.16571707e-01
-4.13779706e-01
-4.10983771e-01
-4.08183992e-01
-4.05380338e-01
-4.02572870e-01
-3.99761617e-01
-3.96946609e-01
-3.94127846e-01
-3.91305387e-01
-3.88479263e-01
-3.85649472e-01
-3.82816017e-01
-3.79978955e-01
-3.77138287e-01
-3.74294102e-01
-3.71446401e-01
-3.68595183e-01
-3.65740508e-01
-3.62882376e-01
-3.60020816e-01
-3.57155859e-01
-3.54287535e-01
-3.51415902e-01
-3.48540962e-01
-3.45662713e-01
-3.42781216e-01
-3.39896500e-01
-3.37008566e-01
-3.34117472e-01
-3.31223220e-01
-3.28325838e-01
-3.25425386e-01
-3.22521836e-01
-3.19615275e-01
-3.16705674e-01
-3.13793123e-01
-3.10877591e-01
-3.07959139e-01
-3.05037796e-01
-3.02113593e-01
-2.99186498e-01
-2.96256632e-01
-2.93323934e-01
-2.90388495e-01
-2.87450314e-01
-2.84509450e-01
-2.81565875e-01
-2.78619647e-01
-2.75670797e-01
-2.72719324e-01
-2.69765317e-01
-2.66808748e-01
-2.63849676e-01
-2.60888129e-01
-2.57924139e-01
-2.54957676e-01
-2.51988828e-01
-2.49017596e-01
-2.46044025e-01
-2.43068144e-01
-2.40089968e-01
-2.37109527e-01
-2.34126866e-01
-2.31141984e-01
-2.28154942e-01
-2.25165725e-01
-2.22174391e-01
-2.19180971e-01
-2.16185480e-01
-2.13187963e-01
-2.10188434e-01
-2.07186922e-01
-2.04183474e-01
-2.01178104e-01
-1.98170811e-01
-1.95161670e-01
-1.92150682e-01
-1.89137891e-01
-1.86123297e-01
-1.83106959e-01
-1.80088907e-01
-1.77069142e-01
-1.74047723e-01
-1.71024650e-01
-1.67999968e-01
-1.64973706e-01
-1.61945894e-01
-1.58916563e-01
-1.55885726e-01
-1.52853429e-01
-1.49819702e-01
-1.46784559e-01
-1.43748030e-01
-1.40710145e-01
-1.37670919e-01
-1.34630412e-01
-1.31588608e-01
-1.28545582e-01
-1.25501335e-01
-1.22455925e-01
-1.19409353e-01
-1.16361655e-01
-1.13312863e-01
-1.10263005e-01
-1.07212104e-01
-1.04160197e-01
-1.01107307e-01
-9.80534554e-02
-9.49986875e-02
-9.19430181e-02
-8.88864920e-02
-8.58291313e-02
-8.27709660e-02
-7.97120258e-02
-7.66523331e-02
-7.35919103e-02
-7.05307946e-02
-6.74690157e-02
-6.44065961e-02
-6.13435917e-02
-5.82800470e-02
-5.52160665e-02
-5.21517992e-02
-4.90875505e-02
-4.60238382e-02
-4.29615714e-02
-3.99022438e-02
-3.68481539e-02
-3.38026844e-02
-3.07704825e-02
-2.77575552e-02
-2.47711241e-02
-2.18192078e-02
-1.89097933e-02
-1.60500221e-02
-1.32441372e-02
-1.04949083e-02
-7.79438531e-03
-5.15016355e-03
-2.50304304e-03
5.96046448e-08
3.06951511e-03
