-3.06945550e-03
-0.00000000e+00
2.61064689e-03
5.36362687e-03
8.09612870e-03
1.08606629e-02
1.36466380e-02
1.64623782e-02
1.93083510e-02
2.21855380e-02
2.50929669e-02
2.80287713e-02
3.09902225e-02
3.39741185e-02
3.69770303e-02
3.99955623e-02
4.30265293e-02
4.60670814e-02
4.91147824e-02
5.21676168e-02
5.52239791e-02
5.82826287e-02
6.13426417e-02
6.44033402e-02
6.74642399e-02
7.05250055e-02
7.35854283e-02
7.66453370e-02
7.97046348e-02
8.27632323e-02
8.58210847e-02
8.88781399e-02
9.19343755e-02
9.49897468e-02
9.80442315e-02
1.01097785e-01
1.04150392e-01
1.07202023e-01
1.10252649e-01
1.13302216e-01
1.16350725e-01
1.19398139e-01
1.22444429e-01
1.25489563e-01
1.28533512e-01
1.31576240e-01
1.34617746e-01
1.37657985e-01
1.40696928e-01
1.43734530e-01
1.46770775e-01
1.49805635e-01
1.52839094e-01
1.55871108e-01
1.58901647e-01
1.61930710e-01
1.64958239e-01
1.67984232e-01
1.71008617e-01
1.74031392e-01
1.77052528e-01
1.80072010e-01
1.83089793e-01
1.86105847e-01
1.89120144e-01
1.92132667e-01
1.95143372e-01
1.98152244e-01
2.01159239e-01
2.04164341e-01
2.07167521e-01
2.10168749e-01
2.13167995e-01
2.16165245e-01
2.19160438e-01
2.22153589e-01
2.25144625e-01
2.28133544e-01
2.31120318e-01
2.34104916e-01
2.37087309e-01
2.40067452e-01
2.43045360e-01
2.46020958e-01
2.48994246e-01
2.51965165e-01
2.54933745e-01
2.57899940e-01
2.60863662e-01
2.63824940e-01
2.66783744e-01
2.69740045e-01
2.72693783e-01
2.75644928e-01
2.78593540e-01
2.81539500e-01
2.84482807e-01
2.87423402e-01
2.90361285e-01
2.93296456e-01
2.96228886e-01
2.99158484e-01
3.02085280e-01
3.05009216e-01
3.07930291e-01
3.10848475e-01
3.13763738e-01
3.16676050e-01
3.19585353e-01
3.22491646e-01
3.25394899e-01
3.28295112e-01
3.31192195e-01
3.34086180e-01
3.36977035e-01
3.39864701e-01
3.42749149e-01
3.45630348e-01
3.48508328e-01
3.51383001e-01
3.54254395e-01
3.57122421e-01
3.59987110e-01
3.62848401e-01
3.65706265e-01
3.68560672e-01
3.71411622e-01
3.74259084e-01
3.77103001e-01
3.79943371e-01
3.82780194e-01
3.85613352e-01
3.88442904e-01
3.91268760e-01
3.94090950e-01
3.96909446e-01
3.99724185e-01
4.02535170e-01
4.05342370e-01
4.08145785e-01
4.10945356e-01
4.13740993e-01
4.16532755e-01
4.19320554e-01
4.22104448e-01
4.24884349e-01
4.27660257e-01
4.30432111e-01
4.33199942e-01
4.35963660e-01
4.38723296e-01
4.41478759e-01
4.44230109e-01
4.46977288e-01
4.49720234e-01
4.52458948e-01
4.55193371e-01
4.57923502e-01
4.60649341e-01
4.63370860e-01
4.66087967e-01
4.68800694e-01
4.71509039e-01
4.74212915e-01
4.76912320e-01
4.79607254e-01
4.82297659e-01
4.84983504e-01
4.87664759e-01
4.90341425e-01
4.93013471e-01
4.95680869e-01
4.98343587e-01
5.01001656e-01
5.03654957e-01
5.06303549e-01
5.08947432e-01
5.11586547e-01
5.14220774e-01
5.16850173e-01
5.19474626e-01
5.22094250e-01
5.24708927e-01
5.27318656e-01
5.29923439e-01
5.32523215e-01
5.35117984e-01
5.37707746e-01
5.40292382e-01
5.42871952e-01
5.45446396e-01
5.48015714e-01
5.50579846e-01
5.53138793e-01
5.55692613e-01
5.58241129e-01
5.60784400e-01
5.63322365e-01
5.65855026e-01
5.68382323e-01
5.70904315e-01
5.73420882e-01
5.75932086e-01
5.78437865e-01
5.80938160e-01
5.83432972e-01
5.85922301e-01
5.88406146e-01
5.90884447e-01
5.93357146e-01
5.95824242e-01
5.98285735e-01
6.00741565e-01
6.03191793e-01
6.05636299e-01
6.08075202e-01
6.10508323e-01
6.12935722e-01
6.15357339e-01
6.17773116e-01
6.20183051e-01
6.22587204e-01
6.24985456e-01
6.27377748e-01
6.29764199e-01
6.32144690e-01
6.34519279e-01
6.36887848e-01
6.39250457e-01
6.41607046e-01
6.43957555e-01
6.46301985e-01
6.48640335e-01
6.50972545e-01
6.53298676e-01
6.55618608e-01
6.57932401e-01
6.60239935e-01
6.62541330e-01
6.64836466e-01
6.67125344e-01
6.69407904e-01
6.71684146e-01
6.73954070e-01
6.76217616e-01
6.78474784e-01
6.80725574e-01
6.82969987e-01
6.85207963e-01
6.87439501e-01
6.89664602e-01
6.91883147e-01
6.94095194e-01
6.96300626e-01
6.98499560e-01
7.00691879e-01
7.02877641e-01
7.05056727e-01
7.07229197e-01
7.09395051e-01
7.11554170e-01
7.13706613e-01
7.15852380e-01
7.17991412e-01
7.20123589e-01
7.22249031e-01
7.24367619e-01
7.26479352e-01
7.28584230e-01
7.30682254e-01
7.32773483e-01
7.34857738e-01
7.36935079e-01
7.39005506e-01
7.41069019e-01
7.43125498e-01
7.45174944e-01
7.47217357e-01
7.49252796e-01
7.51281083e-01
7.53302336e-01
7.55316496e-01
7.57323563e-01
7.59323418e-01
7.61316180e-01
7.63301849e-01
7.65280247e-01
7.67251492e-01
7.69215465e-01
7.71172166e-01
7.73121655e-01
7.75063813e-01
7.76998639e-01
7.78926194e-01
7.80846357e-01
7.82759190e-01
7.84664690e-01
7.86562741e-01
7.88453400e-01
7.90336668e-01
7.92212486e-01
7.94080853e-01
7.95941651e-01
7.97794938e-01
7.99640715e-01
8.01478922e-01
8.03309560e-01
8.05132627e-01
8.06948125e-01
8.08756053e-01
8.10556531e-01
8.12349379e-01
8.14134657e-01
8.15912247e-01
8.17682147e-01
8.19444299e-01
8.21198583e-01
8.22945237e-01
8.24684024e-01
8.26415122e-01
8.28138351e-01
8.29853773e-01
8.31561327e-01
8.33261013e-01
8.34952891e-01
8.36636901e-01
8.38313103e-01
8.39981377e-01
8.41641784e-01
8.43294203e-01
8.44938755e-01
8.46575260e-01
8.48203897e-01
8.49824488e-01
8.51437032e-01
8.53041589e-01
8.54638100e-01
8.56226563e-01
8.57806981e-01
8.59379351e-01
8.60943556e-01
8.62499654e-01
8.64047706e-01
8.65587533e-01
8.67119193e-01
8.68642747e-01
8.70158076e-01
8.71665180e-01
8.73164117e-01
8.74654830e-01
8.76137257e-01
8.77611458e-01
8.79077375e-01
8.80535066e-01
8.81984472e-01
8.83425474e-01
8.84858131e-01
8.86282504e-01
8.87698591e-01
8.89106274e-01
8.90505552e-01
8.91896486e-01
8.93278956e-01
8.94653022e-01
8.96018744e-01
8.97375941e-01
8.98724675e-01
9.00065005e-01
9.01396811e-01
9.02720094e-01
9.04034853e-01
9.05341089e-01
9.06638801e-01
9.07927990e-01
9.09208655e-01
9.10480678e-01
9.11744177e-01
9.12999094e-01
9.14245486e-01
9.15483236e-01
9.16712403e-01
9.17932928e-01
9.19144750e-01
9.20347989e-01
9.21542525e-01
9.22728360e-01
9.23905432e-01
9.25073862e-01
9.26233530e-01
9.27384496e-01
9.28526700e-01
9.29660141e-01
9.30784822e-01
9.31900799e-01
9.33007896e-01
9.34106231e-01
9.35195744e-01
9.36276495e-01
9.37348425e-01
9.38411534e-01
9.39465821e-01
9.40511286e-01
9.41547871e-01
9.42575574e-01
9.43594396e-01
9.44604278e-01
9.45605278e-01
9.46597338e-01
9.47580576e-01
9.48554814e-01
9.49520171e-01
9.50476587e-01
9.51424003e-01
9.52362418e-01
9.53291953e-01
9.54212487e-01
9.55123961e-01
9.56026435e-01
9.56920028e-01
9.57804501e-01
9.58679974e-01
9.59546328e-01
9.60403740e-01
9.61252093e-01
9.62091386e-01
9.62921560e-01
9.63742733e-01
9.64554727e-01
9.65357721e-01
9.66151595e-01
9.66936409e-01
9.67712104e-01
9.68478680e-01
9.69236135e-01
9.69984472e-01
9.70723689e-01
9.71453667e-01
9.72174585e-01
9.72886264e-01
9.73588705e-01
9.74282086e-01
9.74966228e-01
9.75641251e-01
9.76306975e-01
9.76963520e-01
9.77611005e-01
9.78249192e-01
9.78878200e-01
9.79497969e-01
9.80108500e-01
9.80709732e-01
9.81301844e-01
9.81884718e-01
9.82458293e-01
9.83022571e-01
9.83577669e-01
9.84123409e-01
9.84659910e-01
9.85187173e-01
9.85705078e-01
9.86213744e-01
9.86713052e-01
9.87203121e-01
9.87683892e-01
9.88155305e-01
9.88617420e-01
9.89070237e-01
9.89513755e-01
9.89947915e-01
9.90372777e-01
9.90788341e-01
9.91194546e-01
9.91591454e-01
9.91978943e-01
9.92357135e-01
9.92725968e-01
9.93085444e-01
9.93435562e-01
9.93776262e-01
9.94107664e-01
9.94429708e-01
9.94742393e-01
9.95045662e-01
9.95339572e-01
9.95624065e-01
9.95899260e-01
9.96165037e-01
9.96421397e-01
9.96668398e-01
9.96906042e-01
9.97134268e-01
9.97353077e-01
9.97562468e-01
9.97762501e-01
9.97953176e-01
9.98134315e-01
9.98306155e-01
9.98468578e-01
9.98621583e-01
9.98765171e-01
9.98899400e-01
9.99024212e-01
9.99139547e-01
9.99245465e-01
9.99342024e-01
9.99429166e-01
9.99506891e-01
9.99575138e-01
9.99634027e-01
9.99683499e-01
9.99723554e-01
9.99754131e-01
9.99775410e-01
9.99787152e-01
9.99789476e-01
9.99782443e-01
9.99765933e-01
9.99740005e-01
9.99704659e-01
9.99659956e-01
9.99605834e-01
9.99542236e-01
9.99469161e-01
9.99386787e-01
9.99294937e-01
9.99193728e-01
9.99083042e-01
9.98962998e-01
9.98833477e-01
9.98694599e-01
9.98546302e-01
9.98388648e-01
9.98221517e-01
9.98044968e-01
9.97859001e-01
9.97663617e-01
9.97458875e-01
9.97244716e-01
9.97021198e-01
9.96788204e-01
9.96545911e-01
9.96294200e-01
9.96033192e-01
9.95762706e-01
9.95482862e-01
9.95193601e-01
9.94895041e-01
9.94587064e-01
9.94269729e-01
9.93942976e-01
9.93606925e-01
9.93261576e-01
9.92906749e-01
9.92542624e-01
9.92169142e-01
9.91786301e-01
9.91394043e-01
9.90992546e-01
9.90581691e-01
9.90161479e-01
9.89731967e-01
9.89293098e-01
9.88844931e-01
9.88387465e-01
9.87920702e-01
9.87444520e-01
9.86959159e-01
9.86464441e-01
9.85960424e-01
9.85447109e-01
9.84924555e-01
9.84392703e-01
9.83851612e-01
9.83301163e-01
9.82741535e-01
9.82172608e-01
9.81594443e-01
9.81007040e-01
9.80410337e-01
9.79804337e-01
9.79189157e-01
9.78564799e-01
9.77931201e-01
9.77288425e-01
9.76636410e-01
9.75975156e-01
9.75304782e-01
9.74625230e-01
9.73936498e-01
9.73238587e-01
9.72531438e-01
9.71815169e-01
9.71089721e-01
9.70355093e-01
9.69611347e-01
9.68858421e-01
9.68096435e-01
9.67325330e-01
9.66545105e-01
9.65755761e-01
9.64957356e-01
9.64149773e-01
9.63333189e-01
9.62507486e-01
9.61672783e-01
9.60828960e-01
9.59976137e-01
9.59114254e-01
9.58243310e-01
9.57363367e-01
9.56474364e-01
9.55576301e-01
9.54669297e-01
9.53753173e-01
9.52828109e-01
9.51894104e-01
9.50951099e-01
9.49999094e-01
9.49038267e-01
9.48068500e-01
9.47089851e-01
9.46102262e-01
9.45105731e-01
9.44100261e-01
9.43085909e-01
9.42062676e-01
9.41030562e-01
9.39989567e-01
9.38939691e-01
9.37881052e-01
9.36813533e-01
9.35737252e-01
9.34652150e-01
9.33558166e-01
9.32455480e-01
9.31343913e-01
9.30223644e-01
9.29094613e-01
9.27956760e-01
9.26810205e-01
9.25654888e-01
9.24490869e-01
9.23318088e-01
9.22136605e-01
9.20946479e-01
9.19747591e-01
9.18540001e-01
9.17323768e-01
9.16098893e-01
9.14865434e-01
9.13623393e-01
9.12372768e-01
9.11113560e-01
9.09845769e-01
9.08569455e-01
9.07284498e-01
9.05991018e-01
9.04688954e-01
9.03378427e-01
9.02059436e-01
9.00731921e-01
8.99395883e-01
8.98051381e-01
8.96698415e-01
8.95336986e-01
8.93967092e-01
8.92588794e-01
8.91202092e-01
8.89806926e-01
8.88403475e-01
8.86991620e-01
8.85571361e-01
8.84142816e-01
8.82705927e-01
8.81260693e-01
8.79807174e-01
8.78345430e-01
8.76875341e-01
8.75396967e-01
8.73910367e-01
8.72415543e-01
8.70912492e-01
8.69401276e-01
8.67881894e-01
8.66354287e-01
8.64818513e-01
8.63274574e-01
8.61722529e-01
8.60162318e-01
8.58594060e-01
8.57017756e-01
8.55433345e-01
8.53840828e-01
8.52240264e-01
8.50631714e-01
8.49015117e-01
8.47390592e-01
8.45758080e-01
8.44117463e-01
8.42469037e-01
8.40812564e-01
8.39148283e-01
8.37476015e-01
8.35795939e-01
8.34107995e-01
8.32412183e-01
8.30708504e-01
8.28997016e-01
8.27277720e-01
8.25550556e-01
8.23815644e-01
8.22072923e-01
8.20322394e-01
8.18564117e-01
8.16798151e-01
8.15024436e-01
8.13243032e-01
8.11454058e-01
8.09657454e-01
8.07853222e-01
8.06041479e-01
8.04222167e-01
8.02395225e-01
8.00560772e-01
7.98718750e-01
7.96869218e-01
7.95012176e-01
7.93147624e-01
7.91275501e-01
7.89395988e-01
7.87509024e-01
7.85614610e-01
7.83712864e-01
7.81803668e-01
7.79887140e-01
7.77963340e-01
7.76032150e-01
7.74093688e-01
7.72147834e-01
7.70194769e-01
7.68234432e-01
7.66266823e-01
7.64292002e-01
7.62309968e-01
7.60320723e-01
7.58324444e-01
7.56320953e-01
7.54310310e-01
7.52292633e-01
7.50267804e-01
7.48235941e-01
7.46197045e-01
7.44151115e-01
7.42098153e-01
7.40038157e-01
7.37971187e-01
7.35897303e-01
7.33816445e-01
7.31728733e-01
7.29634166e-01
7.27532685e-01
7.25424290e-01
7.23309100e-01
7.21187115e-01
7.19058335e-01
7.16922760e-01
7.14780390e-01
7.12631226e-01
7.10475445e-01
7.08312988e-01
7.06143856e-01
7.03968048e-01
7.01785624e-01
6.99596584e-01
6.97400987e-01
6.95198774e-01
6.92990065e-01
6.90774739e-01
6.88552916e-01
6.86324596e-01
6.84089839e-01
6.81848645e-01
6.79601073e-01
6.77347124e-01
6.75086737e-01
6.72820032e-01
6.70547009e-01
6.68267608e-01
6.65981889e-01
6.63689852e-01
6.61391556e-01
6.59087062e-01
6.56776369e-01
6.54459476e-01
6.52136385e-01
6.49807274e-01
6.47471964e-01
6.45130634e-01
6.42783165e-01
6.40429616e-01
6.38069987e-01
6.35704398e-01
6.33332849e-01
6.30955279e-01
6.28571808e-01
6.26182437e-01
6.23787105e-01
6.21385932e-01
6.18978918e-01
6.16566002e-01
6.14147305e-01
6.11722767e-01
6.09292507e-01
6.06856525e-01
6.04414821e-01
6.01967394e-01
5.99514365e-01
5.97055733e-01
5.94591439e-01
5.92121542e-01
5.89646041e-01
5.87164998e-01
5.84678411e-01
5.82186282e-01
5.79688728e-01
5.77185631e-01
5.74677229e-01
5.72163343e-01
5.69644153e-01
5.67119479e-01
5.64589500e-01
5.62054157e-01
5.59513450e-01
5.56967556e-01
5.54416358e-01
5.51859975e-01
5.49298406e-01
5.46731710e-01
5.44159830e-01
5.41582882e-01
5.39000750e-01
5.36413550e-01
5.33821285e-01
5.31223953e-01
5.28621674e-01
5.26014447e-01
5.23402274e-01
5.20785093e-01
5.18163085e-01
5.15536189e-01
5.12904406e-01
5.10267735e-01
5.07626235e-01
5.04979968e-01
5.02329051e-01
4.99673337e-01
4.97012973e-01
4.94347870e-01
4.91678149e-01
4.89003778e-01
4.86324787e-01
4.83641207e-01
4.80953038e-01
4.78260368e-01
4.75563198e-01
4.72861558e-01
4.70155448e-01
4.67444927e-01
4.64729995e-01
4.62010682e-01
4.59287018e-01
4.56559002e-01
4.53826696e-01
4.51090127e-01
4.48349297e-01
4.45604265e-01
4.42855030e-01
4.40101624e-01
4.37344044e-01
4.34582353e-01
4.31816578e-01
4.29046750e-01
4.26272839e-01
4.23494935e-01
4.20713037e-01
4.17927146e-01
4.15137321e-01
4.12343651e-01
4.09546047e-01
4.06744570e-01
4.03939277e-01
4.01130199e-01
3.98317307e-01
3.95500720e-01
3.92680377e-01
3.89856339e-01
3.87028605e-01
3.84197235e-01
3.81362259e-01
3.78523678e-01
3.75681549e-01
3.72835875e-01
3.69986653e-01
3.67133945e-01
3.64277810e-01
3.61418217e-01
3.58555257e-01
3.55688870e-01
3.52819175e-01
3.49946141e-01
3.47069830e-01
3.44190240e-01
3.41307372e-01
3.38421315e-01
3.35532099e-01
3.32639694e-01
3.29744130e-01
3.26845467e-01
3.23943734e-01
3.21038932e-01
3.18131119e-01
3.15220296e-01
3.12306523e-01
3.09389800e-01
3.06470156e-01
3.03547621e-01
3.00622255e-01
2.97694057e-01
2.94763058e-01
2.91829258e-01
2.88892716e-01
2.85953462e-01
2.83011526e-01
2.80066878e-01
2.77119637e-01
2.74169743e-01
2.71217316e-01
2.68262297e-01
2.65304744e-01
2.62344688e-01
2.59382188e-01
2.56417215e-01
2.53449798e-01
2.50480056e-01
2.47507930e-01
2.44533479e-01
2.41556734e-01
2.38577709e-01
2.35596418e-01
2.32612923e-01
2.29627207e-01
2.26639360e-01
2.23649353e-01
2.20657274e-01
2.17663094e-01
2.14666873e-01
2.11668625e-01
2.08668366e-01
2.05666155e-01
2.02662006e-01
1.99655950e-01
1.96648002e-01
1.93638220e-01
1.90626606e-01
1.87613219e-01
1.84598044e-01
1.81581140e-01
1.78562522e-01
1.75542220e-01
1.72520265e-01
1.69496685e-01
1.66471481e-01
1.63444728e-01
1.60416439e-01
1.57386616e-01
1.54355332e-01
1.51322573e-01
1.48288399e-01
1.45252824e-01
1.42215878e-01
1.39177606e-01
1.36138007e-01
1.33097127e-01
1.30055010e-01
1.27011672e-01
1.23967141e-01
1.20921440e-01
1.17874593e-01
1.14826635e-01
1.11777604e-01
1.08727507e-01
1.05676383e-01
1.02624275e-01
9.95711908e-02
9.65171754e-02
9.34622362e-02
9.04064253e-02
8.73497576e-02
8.42922702e-02
8.12339857e-02
7.81749338e-02
7.51151517e-02
7.20546544e-02
6.89934865e-02
6.59316629e-02
6.28692210e-02
5.98061904e-02
5.67425936e-02
5.36784641e-02
5.06138280e-02
4.75487113e-02
4.44831513e-02
4.14171740e-02
3.83508056e-02
3.52840796e-02
3.22170146e-02
2.91496459e-02
2.60820016e-02
2.30141114e-02
1.99460052e-02
1.68777127e-02
1.38092590e-02
1.07406760e-02
7.67199276e-03
4.60323645e-03
1.53443671e-03
-1.53437734e-03
-4.60317731e-03
-7.67193269e-03
-1.07406164e-02
-1.38091985e-02
-1.68776512e-02
-1.99459437e-02
-2.30140481e-02
-2.60819364e-02
-2.91495807e-02
-3.22169513e-02
-3.52840126e-02
-3.83507460e-02
-4.14171107e-02
-4.44830880e-02
-4.75486480e-02
-5.06137609e-02
-5.36783971e-02
-5.67425303e-02
-5.98061234e-02
-6.28691539e-02
-6.59316033e-02
-6.89934194e-02
-7.20546022e-02
-7.51150921e-02
-7.81748816e-02
-8.12339336e-02
-8.42922106e-02
-8.73497054e-02
-9.04063657e-02
-9.34621841e-02
-9.65171158e-02
-9.95711461e-02
-1.02624215e-01
-1.05676323e-01
-1.08727448e-01
-1.11777529e-01
-1.14826575e-01
-1.17874533e-01
-1.20921373e-01
-1.23967081e-01
-1.27011627e-01
-1.30054981e-01
-1.33097097e-01
-1.36137977e-01
-1.39177591e-01
-1.42215863e-01
-1.45252809e-01
-1.48288384e-01
-1.51322559e-01
-1.54355302e-01
-1.57386586e-01
-1.60416380e-01
-1.63444668e-01
-1.66471422e-01
-1.69496611e-01
-1.72520205e-01
-1.75542161e-01
-1.78562462e-01
-1.81581080e-01
-1.84597999e-01
-1.87613174e-01
-1.90626591e-01
-1.93638206e-01
-1.96648002e-01
-1.99655950e-01
-2.02661991e-01
-2.05666140e-01
-2.08668336e-01
-2.11668581e-01
-2.14666829e-01
-2.17663050e-01
-2.20657229e-01
-2.23649323e-01
-2.26639315e-01
-2.29627162e-01
-2.32612848e-01
-2.35596329e-01
-2.38577604e-01
-2.41556630e-01
-2.44533390e-01
-2.47507840e-01
-2.50479966e-01
-2.53449738e-01
-2.56417125e-01
-2.59382099e-01
-2.62344599e-01
-2.65304625e-01
-2.68262178e-01
-2.71217197e-01
-2.74169654e-01
-2.77119517e-01
-2.80066788e-01
-2.83011407e-01
-2.85953373e-01
-2.88892597e-01
-2.91829139e-01
-2.94762939e-01
-2.97693938e-01
-3.00622165e-01
-3.03547561e-01
-3.06470096e-01
-3.09389740e-01
-3.12306464e-01
-3.15220207e-01
-3.18131030e-01
-3.21038842e-01
-3.23943645e-01
-3.26845348e-01
-3.29744011e-01
-3.32639575e-01
-3.35531980e-01
-3.38421196e-01
-3.41307253e-01
-3.44190091e-01
-3.47069710e-01
-3.49946022e-01
-3.52819055e-01
-3.55688781e-01
-3.58555168e-01
-3.61418158e-01
-3.64277720e-01
-3.67133856e-01
-3.69986534e-01
-3.72835726e-01
-3.75681400e-01
-3.78523558e-01
-3.81362140e-01
-3.84197116e-01
-3.87028486e-01
-3.89856189e-01
-3.92680258e-01
-3.95500600e-01
-3.98317218e-01
-4.01130080e-01
-4.03939158e-01
-4.06744480e-01
-4.09545958e-01
-4.12343562e-01
-4.15137261e-01
-4.17927057e-01
-4.20712918e-01
-4.23494816e-01
-4.26272720e-01
-4.29046631e-01
-4.31816489e-01
-4.34582293e-01
-4.37343985e-01
-4.40101564e-01
-4.42854971e-01
-4.45604205e-01
-4.48349237e-01
-4.51090097e-01
-4.53826636e-01
-4.56558943e-01
-4.59286958e-01
-4.62010622e-01
-4.64729935e-01
-4.67444867e-01
-4.70155388e-01
-4.72861499e-01
-4.75563139e-01
-4.78260279e-01
-4.80952948e-01
-4.83641088e-01
-4.86324668e-01
-4.89003658e-01
-4.91678029e-01
-4.94347781e-01
-4.97012854e-01
-4.99673218e-01
-5.02328932e-01
-5.04979849e-01
-5.07626116e-01
-5.10267615e-01
-5.12904286e-01
-5.15536070e-01
-5.18163025e-01
-5.20784974e-01
-5.23402154e-01
-5.26014328e-01
-5.28621614e-01
-5.31223834e-01
-5.33821106e-01
-5.36413372e-01
-5.39000630e-01
-5.41582763e-01
-5.44159710e-01
-5.46731651e-01
-5.49298406e-01
-5.51859975e-01
-5.54416358e-01
-5.56967437e-01
-5.59513330e-01
-5.62053978e-01
-5.64589262e-01
-5.67119300e-01
-5.69643915e-01
-5.72163165e-01
-5.74677110e-01
-5.77185512e-01
-5.79688549e-01
-5.82186162e-01
-5.84678292e-01
-5.87164938e-01
-5.89646041e-01
-5.92121542e-01
-5.94591439e-01
-5.97055733e-01
-5.99514365e-01
-6.01967394e-01
-6.04414701e-01
-6.06856406e-01
-6.09292388e-01
-6.11722708e-01
-6.14147246e-01
-6.16565943e-01
-6.18978918e-01
-6.21385932e-01
-6.23787105e-01
-6.26182318e-01
-6.28571689e-01
-6.30955160e-01
-6.33332729e-01
-6.35704339e-01
-6.38069987e-01
-6.40429616e-01
-6.42783165e-01
-6.45130575e-01
-6.47471964e-01
-6.49807215e-01
-6.52136385e-01
-6.54459417e-01
-6.56776249e-01
-6.59086943e-01
-6.61391437e-01
-6.63689733e-01
-6.65981770e-01
-6.68267488e-01
-6.70546889e-01
-6.72819972e-01
-6.75086677e-01
-6.77347064e-01
-6.79601073e-01
-6.81848645e-01
-6.84089839e-01
-6.86324596e-01
-6.88552916e-01
-6.90774739e-01
-6.92990065e-01
-6.95198715e-01
-6.97400928e-01
-6.99596524e-01
-7.01785564e-01
-7.03967988e-01
-7.06143737e-01
-7.08312929e-01
-7.10475445e-01
-7.12631226e-01
-7.14780331e-01
-7.16922700e-01
-7.19058275e-01
-7.21187115e-01
-7.23309159e-01
-7.25424290e-01
-7.27532685e-01
-7.29634106e-01
-7.31728733e-01
-7.33816445e-01
-7.35897243e-01
-7.37971127e-01
-7.40038097e-01
-7.42098093e-01
-7.44151115e-01
-7.46197104e-01
-7.48236001e-01
-7.50267863e-01
-7.52292693e-01
-7.54310369e-01
-7.56321013e-01
-7.58324444e-01
-7.60320783e-01
-7.62309968e-01
-7.64292002e-01
-7.66266823e-01
-7.68234432e-01
-7.70194769e-01
-7.72147834e-01
-7.74093688e-01
-7.76032209e-01
-7.77963340e-01
-7.79887199e-01
-7.81803727e-01
-7.83712864e-01
-7.85614669e-01
-7.87509024e-01
-7.89395988e-01
-7.91275501e-01
-7.93147564e-01
-7.95012116e-01
-7.96869218e-01
-7.98718750e-01
-8.00560713e-01
-8.02395225e-01
-8.04222107e-01
-8.06041479e-01
-8.07853281e-01
-8.09657454e-01
-8.11454058e-01
-8.13243032e-01
-8.15024436e-01
-8.16798151e-01
-8.18564236e-01
-8.20322514e-01
-8.22073042e-01
-8.23815823e-01
-8.25550795e-01
-8.27277899e-01
-8.28997195e-01
-8.30708623e-01
-8.32412243e-01
-8.34107995e-01
-8.35795999e-01
-8.37476015e-01
-8.39148283e-01
-8.40812624e-01
-8.42469096e-01
-8.44117582e-01
-8.45758080e-01
-8.47390652e-01
-8.49015236e-01
-8.50631773e-01
-8.52240324e-01
-8.53840888e-01
-8.55433404e-01
-8.57017815e-01
-8.58594179e-01
-8.60162437e-01
-8.61722589e-01
-8.63274634e-01
-8.64818513e-01
-8.66354287e-01
-8.67881894e-01
-8.69401336e-01
-8.70912492e-01
-8.72415483e-01
-8.73910367e-01
-8.75396967e-01
-8.76875281e-01
-8.78345370e-01
-8.79807174e-01
-8.81260633e-01
-8.82705867e-01
-8.84142756e-01
-8.85571301e-01
-8.86991560e-01
-8.88403416e-01
-8.89806867e-01
-8.91201973e-01
-8.92588735e-01
-8.93967032e-01
-8.95336926e-01
-8.96698415e-01
-8.98051381e-01
-8.99395883e-01
-9.00731981e-01
-9.02059495e-01
-9.03378546e-01
-9.04689014e-01
-9.05991077e-01
-9.07284498e-01
-9.08569455e-01
-9.09845769e-01
-9.11113560e-01
-9.12372768e-01
-9.13623393e-01
-9.14865434e-01
-9.16098893e-01
-9.17323768e-01
-9.18540001e-01
-9.19747531e-01
-9.20946419e-01
-9.22136605e-01
-9.23318028e-01
-9.24490750e-01
-9.25654829e-01
-9.26810086e-01
-9.27956700e-01
-9.29094493e-01
-9.30223584e-01
-9.31343853e-01
-9.32455361e-01
-9.33558106e-01
-9.34652030e-01
-9.35737193e-01
-9.36813533e-01
-9.37880993e-01
-9.38939691e-01
-9.39989567e-01
-9.41030562e-01
-9.42062676e-01
-9.43085909e-01
-9.44100261e-01
-9.45105672e-01
-9.46102202e-01
-9.47089851e-01
-9.48068619e-01
-9.49038386e-01
-9.49999213e-01
-9.50951159e-01
-9.51894164e-01
-9.52828169e-01
-9.53753233e-01
-9.54669297e-01
-9.55576301e-01
-9.56474304e-01
-9.57363307e-01
-9.58243251e-01
-9.59114254e-01
-9.59976137e-01
-9.60829020e-01
-9.61672783e-01
-9.62507546e-01
-9.63333189e-01
-9.64149833e-01
-9.64957356e-01
-9.65755820e-01
-9.66545165e-01
-9.67325389e-01
-9.68096554e-01
-9.68858600e-01
-9.69611466e-01
-9.70355213e-01
-9.71089840e-01
-9.71815288e-01
-9.72531557e-01
-9.73238647e-01
-9.73936558e-01
-9.74625289e-01
-9.75304842e-01
-9.75975215e-01
-9.76636350e-01
-9.77288365e-01
-9.77931142e-01
-9.78564799e-01
-9.79189157e-01
-9.79804337e-01
-9.80410278e-01
-9.81006920e-01
-9.81594384e-01
-9.82172608e-01
-9.82741535e-01
-9.83301163e-01
-9.83851612e-01
-9.84392703e-01
-9.84924614e-01
-9.85447168e-01
-9.85960484e-01
-9.86464500e-01
-9.86959159e-01
-9.87444580e-01
-9.87920702e-01
-9.88387525e-01
-9.88844931e-01
-9.89293098e-01
-9.89731967e-01
-9.90161479e-01
-9.90581691e-01
-9.90992606e-01
-9.91394222e-01
-9.91786420e-01
-9.92169261e-01
-9.92542744e-01
-9.92906868e-01
-9.93261635e-01
-9.93607044e-01
-9.93943095e-01
-9.94269788e-01
-9.94587123e-01
-9.94895101e-01
-9.95193660e-01
-9.95482862e-01
-9.95762706e-01
-9.96033192e-01
-9.96294260e-01
-9.96545970e-01
-9.96788263e-01
-9.97021198e-01
-9.97244775e-01
-9.97458935e-01
-9.97663617e-01
-9.97859001e-01
-9.98044968e-01
-9.98221517e-01
-9.98388588e-01
-9.98546302e-01
-9.98694599e-01
-9.98833477e-01
-9.98962939e-01
-9.99082983e-01
-9.99193668e-01
-9.99294877e-01
-9.99386668e-01
-9.99469042e-01
-9.99542058e-01
-9.99605596e-01
-9.99659717e-01
-9.99704480e-01
-9.99739766e-01
-9.99765754e-01
-9.99782205e-01
-9.99789238e-01
-9.99786913e-01
-9.99775112e-01
-9.99753892e-01
-9.99723315e-01
-9.99683321e-01
-9.99633908e-01
-9.99575078e-01
-9.99506831e-01
-9.99429107e-01
-9.99342024e-01
-9.99245524e-01
-9.99139607e-01
-9.99024272e-01
-9.98899519e-01
-9.98765349e-01
-9.98621762e-01
-9.98468757e-01
-9.98306394e-01
-9.98134494e-01
-9.97953296e-01
-9.97762620e-01
-9.97562528e-01
-9.97353017e-01
-9.97134209e-01
-9.96905923e-01
-9.96668279e-01
-9.96421278e-01
-9.96164918e-01
-9.95899141e-01
-9.95623946e-01
-9.95339513e-01
-9.95045543e-01
-9.94742334e-01
-9.94429648e-01
-9.94107604e-01
-9.93776202e-01
-9.93435442e-01
-9.93085325e-01
-9.92725909e-01
-9.92357135e-01
-9.91979003e-01
-9.91591394e-01
-9.91194546e-01
-9.90788341e-01
-9.90372777e-01
-9.89947915e-01
-9.89513695e-01
-9.89070177e-01
-9.88617420e-01
-9.88155305e-01
-9.87683833e-01
-9.87203121e-01
-9.86712992e-01
-9.86213624e-01
-9.85705018e-01
-9.85187054e-01
-9.84659910e-01
-9.84123349e-01
-9.83577609e-01
-9.83022571e-01
-9.82458293e-01
-9.81884718e-01
-9.81301904e-01
-9.80709791e-01
-9.80108500e-01
-9.79497910e-01
-9.78878081e-01
-9.78249133e-01
-9.77611005e-01
-9.76963580e-01
-9.76307034e-01
-9.75641191e-01
-9.74966228e-01
-9.74282026e-01
-9.73588705e-01
-9.72886205e-01
-9.72174525e-01
-9.71453667e-01
-9.70723629e-01
-9.69984472e-01
-9.69236135e-01
-9.68478680e-01
-9.67712104e-01
-9.66936409e-01
-9.66151595e-01
-9.65357721e-01
-9.64554727e-01
-9.63742673e-01
-9.62921560e-01
-9.62091327e-01
-9.61252093e-01
-9.60403740e-01
-9.59546387e-01
-9.58680034e-01
-9.57804620e-01
-9.56920087e-01
-9.56026554e-01
-9.55124080e-01
-9.54212546e-01
-9.53292072e-01
-9.52362537e-01
-9.51424122e-01
-9.50476646e-01
-9.49520290e-01
-9.48554933e-01
-9.47580636e-01
-9.46597397e-01
-9.45605338e-01
-9.44604337e-01
-9.43594396e-01
-9.42575574e-01
-9.41547871e-01
-9.40511286e-01
-9.39465880e-01
-9.38411593e-01
-9.37348485e-01
-9.36276555e-01
-9.35195744e-01
-9.34106231e-01
-9.33007836e-01
-9.31900740e-01
-9.30784762e-01
-9.29660141e-01
-9.28526700e-01
-9.27384496e-01
-9.26233590e-01
-9.25073922e-01
-9.23905492e-01
-9.22728360e-01
-9.21542525e-01
-9.20347989e-01
-9.19144750e-01
-9.17932868e-01
-9.16712344e-01
-9.15483177e-01
-9.14245427e-01
-9.12999094e-01
-9.11744177e-01
-9.10480678e-01
-9.09208655e-01
-9.07927990e-01
-9.06638861e-01
-9.05341089e-01
-9.04034853e-01
-9.02720034e-01
-9.01396751e-01
-9.00064945e-01
-8.98724675e-01
-8.97375941e-01
-8.96018744e-01
-8.94653082e-01
-8.93278956e-01
-8.91896427e-01
-8.90505493e-01
-8.89106214e-01
-8.87698472e-01
-8.86282444e-01
-8.84858072e-01
-8.83425415e-01
-8.81984413e-01
-8.80535066e-01
-8.79077435e-01
-8.77611458e-01
-8.76137257e-01
-8.74654770e-01
-8.73164058e-01
-8.71665180e-01
-8.70158017e-01
-8.68642688e-01
-8.67119193e-01
-8.65587473e-01
-8.64047587e-01
-8.62499654e-01
-8.60943556e-01
-8.59379292e-01
-8.57806981e-01
-8.56226563e-01
-8.54638100e-01
-8.53041649e-01
-8.51437092e-01
-8.49824488e-01
-8.48203957e-01
-8.46575320e-01
-8.44938815e-01
-8.43294263e-01
-8.41641843e-01
-8.39981437e-01
-8.38313162e-01
-8.36636961e-01
-8.34952950e-01
-8.33261013e-01
-8.31561327e-01
-8.29853714e-01
-8.28138411e-01
-8.26415241e-01
-8.24684262e-01
-8.22945416e-01
-8.21198821e-01
-8.19444418e-01
-8.17682266e-01
-8.15912366e-01
-8.14134836e-01
-8.12349677e-01
-8.10556829e-01
-8.08756411e-01
-8.06948423e-01
-8.05132866e-01
-8.03309679e-01
-8.01479042e-01
-7.99640775e-01
-7.97794998e-01
-7.95941651e-01
-7.94080853e-01
-7.92212486e-01
-7.90336668e-01
-7.88453400e-01
-7.86562741e-01
-7.84664690e-01
-7.82759249e-01
-7.80846417e-01
-7.78926253e-01
-7.76998699e-01
-7.75063872e-01
-7.73121715e-01
-7.71172285e-01
-7.69215584e-01
-7.67251611e-01
-7.65280366e-01
-7.63301969e-01
-7.61316419e-01
-7.59323597e-01
-7.57323682e-01
-7.55316615e-01
-7.53302395e-01
-7.51281142e-01
-7.49252856e-01
-7.47217417e-01
-7.45174944e-01
-7.43125498e-01
-7.41068959e-01
-7.39005446e-01
-7.36935019e-01
-7.34857678e-01
-7.32773364e-01
-7.30682254e-01
-7.28584170e-01
-7.26479292e-01
-7.24367499e-01
-7.22248912e-01
-7.20123529e-01
-7.17991352e-01
-7.15852380e-01
-7.13706613e-01
-7.11554110e-01
-7.09394932e-01
-7.07229197e-01
-7.05056727e-01
-7.02877641e-01
-7.00691938e-01
-6.98499680e-01
-6.96300745e-01
-6.94095314e-01
-6.91883266e-01
-6.89664662e-01
-6.87439561e-01
-6.85208082e-01
-6.82970107e-01
-6.80725694e-01
-6.78474963e-01
-6.76217735e-01
-6.73954189e-01
-6.71684265e-01
-6.69408023e-01
-6.67125463e-01
-6.64836586e-01
-6.62541449e-01
-6.60240054e-01
-6.57932460e-01
-6.55618668e-01
-6.53298676e-01
-6.50972605e-01
-6.48640335e-01
-6.46302044e-01
-6.43957675e-01
-6.41607106e-01
-6.39250517e-01
-6.36887908e-01
-6.34519339e-01
-6.32144749e-01
-6.29764259e-01
-6.27377808e-01
-6.24985516e-01
-6.22587264e-01
-6.20183170e-01
-6.17773235e-01
-6.15357459e-01
-6.12935841e-01
-6.10508382e-01
-6.08075202e-01
-6.05636418e-01
-6.03191853e-01
-6.00741684e-01
-5.98285794e-01
-5.95824301e-01
-5.93357265e-01
-5.90884566e-01
-5.88406265e-01
-5.85922420e-01
-5.83433092e-01
-5.80938280e-01
-5.78437924e-01
-5.75932145e-01
-5.73420942e-01
-5.70904374e-01
-5.68382382e-01
-5.65855086e-01
-5.63322425e-01
-5.60784400e-01
-5.58241069e-01
-5.55692554e-01
-5.53138793e-01
-5.50579906e-01
-5.48015773e-01
-5.45446455e-01
-5.42872012e-01
-5.40292442e-01
-5.37707806e-01
-5.35118043e-01
-5.32523274e-01
-5.29923499e-01
-5.27318716e-01
-5.24709046e-01
-5.22094369e-01
-5.19474804e-01
-5.16850293e-01
-5.14220953e-01
-5.11586726e-01
-5.08947670e-01
-5.06303847e-01
-5.03655195e-01
-5.01001835e-01
-4.98343796e-01
-4.95681018e-01
-4.93013591e-01
-4.90341514e-01
-4.87664819e-01
-4.84983534e-01
-4.82297689e-01
-4.79607314e-01
-4.76912409e-01
-4.74213004e-01
-4.71509129e-01
-4.68800813e-01
-4.66088057e-01
-4.63370949e-01
-4.60649461e-01
-4.57923621e-01
-4.55193460e-01
-4.52459008e-01
-4.49720293e-01
-4.46977317e-01
-4.44230199e-01
-4.41478848e-01
-4.38723385e-01
-4.35963750e-01
-4.33200002e-01
-4.30432200e-01
-4.27660346e-01
-4.24884439e-01
-4.22104508e-01
-4.19320643e-01
-4.16532815e-01
-4.13741052e-01
-4.10945386e-01
-4.08145845e-01
-4.05342460e-01
-4.02535260e-01
-3.99724275e-01
-3.96909535e-01
-3.94091040e-01
-3.91268820e-01
-3.88442963e-01
-3.85613412e-01
-3.82780224e-01
-3.79943430e-01
-3.77103060e-01
-3.74259144e-01
-3.71411681e-01
-3.68560731e-01
-3.65706295e-01
-3.62848431e-01
-3.59987170e-01
-3.57122481e-01
-3.54254454e-01
-3.51383060e-01
-3.48508388e-01
-3.45630407e-01
-3.42749208e-01
-3.39864761e-01
-3.36977065e-01
-3.34086239e-01
-3.31192255e-01
-3.28295171e-01
-3.25394958e-01
-3.22491705e-01
-3.19585413e-01
-3.16676080e-01
-3.13763797e-01
-3.10848534e-01
-3.07930380e-01
-3.05009276e-01
-3.02085310e-01
-2.99158514e-01
-2.96228915e-01
-2.93296516e-01
-2.90361345e-01
-2.87423432e-01
-2.84482837e-01
-2.81539559e-01
-2.78593600e-01
-2.75645018e-01
-2.72693872e-01
-2.69740134e-01
-2.66783834e-01
-2.63825029e-01
-2.60863751e-01
-2.57900029e-01
-2.54933834e-01
-2.51965255e-01
-2.48994321e-01
-2.46021032e-01
-2.43045434e-01
-2.40067527e-01
-2.37087369e-01
-2.34104976e-01
-2.31120378e-01
-2.28133604e-01
-2.25144684e-01
-2.22153634e-01
-2.19160497e-01
-2.16165289e-01
-2.13168055e-01
-2.10168809e-01
-2.07167581e-01
-2.04164401e-01
-2.01159298e-01
-1.98152304e-01
-1.95143446e-01
-1.92132741e-01
-1.89120218e-01
-1.86105922e-01
-1.83089852e-01
-1.80072069e-01
-1.77052587e-01
-1.74031436e-01
-1.71008646e-01
-1.67984247e-01
-1.64958268e-01
-1.61930740e-01
-1.58901691e-01
-1.55871153e-01
-1.52839139e-01
-1.49805695e-01
-1.46770835e-01
-1.43734589e-01
-1.40696988e-01
-1.37658060e-01
-1.34617835e-01
-1.31576329e-01
-1.28533587e-01
-1.25489622e-01
-1.22444496e-01
-1.19398199e-01
-1.16350792e-01
-1.13302283e-01
-1.10252701e-01
-1.07202090e-01
-1.04150459e-01
-1.01097852e-01
-9.80442911e-02
-9.49898139e-02
-9.19344351e-02
-8.88781995e-02
-8.58211368e-02
-8.27632844e-02
-7.97046870e-02
-7.66453966e-02
-7.35854954e-02
-7.05250725e-02
-6.74642995e-02
-6.44033998e-02
-6.13427013e-02
-5.82826883e-02
-5.52240387e-02
-5.21676801e-02
-4.91148420e-02
-4.60671410e-02
-4.30265889e-02
-3.99956219e-02
-3.69770862e-02
-3.39741707e-02
-3.09902728e-02
-2.80288160e-02
-2.50930097e-02
-2.21855771e-02
-1.93083826e-02
-1.64624043e-02
-1.36466557e-02
-1.08606722e-02
-8.09612963e-03
-5.36361430e-03
-2.61063385e-03
5.96046448e-08
3.06951511e-03
