-3.06945550e-03
-0.00000000e+00
1.20455632e-03
2.44349102e-03
3.64070851e-03
4.84926905e-03
6.05409779e-03
7.26002594e-03
8.46552290e-03
9.67105664e-03
1.08764656e-02
1.20817842e-02
1.32869873e-02
1.44920675e-02
1.56970117e-02
1.69018116e-02
1.81064531e-02
1.93109252e-02
2.05152147e-02
2.17193142e-02
2.29232088e-02
2.41268892e-02
2.53303424e-02
2.65335608e-02
2.77365278e-02
2.89392378e-02
3.01416777e-02
3.13438326e-02
3.25456969e-02
3.37472558e-02
3.49484980e-02
3.61494087e-02
3.73499840e-02
3.85502055e-02
3.97500694e-02
4.09495607e-02
4.21486683e-02
4.33473811e-02
4.45456877e-02
4.57435772e-02
4.69410345e-02
4.81380522e-02
4.93346192e-02
5.05307242e-02
5.17263561e-02
5.29215038e-02
5.41161560e-02
5.53102978e-02
5.65039217e-02
5.76970167e-02
5.88895716e-02
6.00815713e-02
6.12730086e-02
6.24638721e-02
6.36541471e-02
6.48438334e-02
6.60329014e-02
6.72213584e-02
6.84091821e-02
6.95963725e-02
7.07828999e-02
7.19687566e-02
7.31539428e-02
7.43384436e-02
7.55222440e-02
7.67053366e-02
7.78877139e-02
7.90693536e-02
8.02502632e-02
8.14304128e-02
8.26097950e-02
8.37884098e-02
8.49662349e-02
8.61432552e-02
8.73194709e-02
8.84948745e-02
8.96694437e-02
9.08431634e-02
9.20160338e-02
9.31880474e-02
9.43591744e-02
9.55294222e-02
9.66987759e-02
9.78672281e-02
9.90347490e-02
1.00201346e-01
1.01367004e-01
1.02531716e-01
1.03695452e-01
1.04858220e-01
1.06020004e-01
1.07180789e-01
1.08340569e-01
1.09499328e-01
1.10657066e-01
1.11813769e-01
1.12969413e-01
1.14124008e-01
1.15277521e-01
1.16429955e-01
1.17581300e-01
1.18731536e-01
1.19880654e-01
1.21028647e-01
1.22175500e-01
1.23321205e-01
1.24465771e-01
1.25609159e-01
1.26751378e-01
1.27892390e-01
1.29032210e-01
1.30170822e-01
1.31308213e-01
1.32444367e-01
1.33579284e-01
1.34712949e-01
1.35845333e-01
1.36976451e-01
1.38106287e-01
1.39234811e-01
1.40362039e-01
1.41487956e-01
1.42612517e-01
1.43735766e-01
1.44857645e-01
1.45978168e-01
1.47097334e-01
1.48215115e-01
1.49331495e-01
1.50446475e-01
1.51560038e-01
1.52672186e-01
1.53782919e-01
1.54892191e-01
1.56000018e-01
1.57106355e-01
1.58211231e-01
1.59314618e-01
1.60416514e-01
1.61516890e-01
1.62615761e-01
1.63713098e-01
1.64808914e-01
1.65903166e-01
1.66995868e-01
1.68086991e-01
1.69176534e-01
1.70264482e-01
1.71350837e-01
1.72435597e-01
1.73518732e-01
1.74600244e-01
1.75680101e-01
1.76758304e-01
1.77834868e-01
1.78909749e-01
1.79982960e-01
1.81054458e-01
1.82124272e-01
1.83192357e-01
1.84258729e-01
1.85323372e-01
1.86386287e-01
1.87447444e-01
1.88506857e-01
1.89564481e-01
1.90620318e-01
1.91674381e-01
1.92726642e-01
1.93777084e-01
1.94825709e-01
1.95872515e-01
1.96917459e-01
1.97960570e-01
1.99001819e-01
2.00041205e-01
2.01078683e-01
2.02114284e-01
2.03147992e-01
2.04179823e-01
2.05209747e-01
2.06237718e-01
2.07263738e-01
2.08287805e-01
2.09309921e-01
2.10330069e-01
2.11348251e-01
2.12364435e-01
2.13378623e-01
2.14390814e-01
2.15400994e-01
2.16409132e-01
2.17415228e-01
2.18419299e-01
2.19421327e-01
2.20421284e-01
2.21419170e-01
2.22414970e-01
2.23408684e-01
2.24400312e-01
2.25389823e-01
2.26377234e-01
2.27362499e-01
2.28345647e-01
2.29326636e-01
2.30305463e-01
2.31282145e-01
2.32256636e-01
2.33228952e-01
2.34199062e-01
2.35166982e-01
2.36132681e-01
2.37096176e-01
2.38057435e-01
2.39016473e-01
2.39973262e-01
2.40927786e-01
2.41880059e-01
2.42830053e-01
2.43777767e-01
2.44723186e-01
2.45666310e-01
2.46607125e-01
2.47545615e-01
2.48481795e-01
2.49415621e-01
2.50347108e-01
2.51276255e-01
2.52203047e-01
2.53127456e-01
2.54049510e-01
2.54969209e-01
2.55886555e-01
2.56801486e-01
2.57713974e-01
2.58624017e-01
2.59531617e-01
2.60436773e-01
2.61339456e-01
2.62239724e-01
2.63137519e-01
2.64032841e-01
2.64925689e-01
2.65816033e-01
2.66703933e-01
2.67589301e-01
2.68472165e-01
2.69352496e-01
2.70230323e-01
2.71105587e-01
2.71978319e-01
2.72848457e-01
2.73716033e-01
2.74581075e-01
2.75443494e-01
2.76303351e-01
2.77160585e-01
2.78015226e-01
2.78867275e-01
2.79716730e-01
2.80563563e-01
2.81407773e-01
2.82249331e-01
2.83088207e-01
2.83924401e-01
2.84757912e-01
2.85588741e-01
2.86416918e-01
2.87242383e-01
2.88065135e-01
2.88885176e-01
2.89702535e-01
2.90517122e-01
2.91328996e-01
2.92138159e-01
2.92944580e-01
2.93748260e-01
2.94549197e-01
2.95347333e-01
2.96142727e-01
2.96935320e-01
2.97725111e-01
2.98512101e-01
2.99296260e-01
3.00077647e-01
3.00856173e-01
3.01631898e-01
3.02404761e-01
3.03174824e-01
3.03942025e-01
3.04706424e-01
3.05467993e-01
3.06226701e-01
3.06982547e-01
3.07735503e-01
3.08485538e-01
3.09232652e-01
3.09976846e-01
3.10718119e-01
3.11456472e-01
3.12191874e-01
3.12924325e-01
3.13653857e-01
3.14380437e-01
3.15104067e-01
3.15824747e-01
3.16542447e-01
3.17257166e-01
3.17968905e-01
3.18677664e-01
3.19383442e-01
3.20086241e-01
3.20786029e-01
3.21482778e-01
3.22176516e-01
3.22867215e-01
3.23554873e-01
3.24239492e-01
3.24921042e-01
3.25599581e-01
3.26275021e-01
3.26947421e-01
3.27616751e-01
3.28282982e-01
3.28946143e-01
3.29606205e-01
3.30263197e-01
3.30917060e-01
3.31567854e-01
3.32215518e-01
3.32860082e-01
3.33501488e-01
3.34139764e-01
3.34774852e-01
3.35406810e-01
3.36035609e-01
3.36661220e-01
3.37283701e-01
3.37902993e-01
3.38519126e-01
3.39132071e-01
3.39741826e-01
3.40348393e-01
3.40951741e-01
3.41551900e-01
3.42148870e-01
3.42742622e-01
3.43333155e-01
3.43920469e-01
3.44504535e-01
3.45085412e-01
3.45663071e-01
3.46237451e-01
3.46808553e-01
3.47376376e-01
3.47940922e-01
3.48502189e-01
3.49060178e-01
3.49614859e-01
3.50166291e-01
3.50714415e-01
3.51259261e-01
3.51800799e-01
3.52339029e-01
3.52873951e-01
3.53405535e-01
3.53933811e-01
3.54458779e-01
3.54980409e-01
3.55498731e-01
3.56013715e-01
3.56525391e-01
3.57033730e-01
3.57538730e-01
3.58040392e-01
3.58538717e-01
3.59033644e-01
3.59525144e-01
3.60013217e-01
3.60497922e-01
3.60979199e-01
3.61457139e-01
3.61931622e-01
3.62402707e-01
3.62870425e-01
3.63334715e-01
3.63795578e-01
3.64253044e-01
3.64707083e-01
3.65157694e-01
3.65604907e-01
3.66048634e-01
3.66488934e-01
3.66925806e-01
3.67359221e-01
3.67789209e-01
3.68215710e-01
3.68638784e-01
3.69058371e-01
3.69474530e-01
3.69887203e-01
3.70296448e-01
3.70702207e-01
3.71104509e-01
3.71503323e-01
3.71898621e-01
3.72290403e-01
3.72678638e-01
3.73063385e-01
3.73444617e-01
3.73822302e-01
3.74196500e-01
3.74567181e-01
3.74934345e-01
3.75298023e-01
3.75658154e-01
3.76014739e-01
3.76367778e-01
3.76717269e-01
3.77063245e-01
3.77405643e-01
3.77744496e-01
3.78079802e-01
3.78411561e-01
3.78739774e-01
3.79064411e-01
3.79385471e-01
3.79702985e-01
3.80016923e-01
3.80327284e-01
3.80634069e-01
3.80937278e-01
3.81236911e-01
3.81532967e-01
3.81825447e-01
3.82114351e-01
3.82399678e-01
3.82681429e-01
3.82959604e-01
3.83234203e-01
3.83505225e-01
3.83772612e-01
3.84036392e-01
3.84296536e-01
3.84553045e-01
3.84805918e-01
3.85055155e-01
3.85300756e-01
3.85542721e-01
3.85781050e-01
3.86015743e-01
3.86246800e-01
3.86474192e-01
3.86697978e-01
3.86918098e-01
3.87134612e-01
3.87347460e-01
3.87556702e-01
3.87762278e-01
3.87964249e-01
3.88162553e-01
3.88357222e-01
3.88548255e-01
3.88735592e-01
3.88919324e-01
3.89099360e-01
3.89275759e-01
3.89448464e-01
3.89617532e-01
3.89782906e-01
3.89944673e-01
3.90102714e-01
3.90257120e-01
3.90407801e-01
3.90554845e-01
3.90698224e-01
3.90837938e-01
3.90973955e-01
3.91106308e-01
3.91234994e-01
3.91359985e-01
3.91481280e-01
3.91598910e-01
3.91712844e-01
3.91823113e-01
3.91929686e-01
3.92032564e-01
3.92131716e-01
3.92227203e-01
3.92318964e-01
3.92407060e-01
3.92491460e-01
3.92572135e-01
3.92649144e-01
3.92722428e-01
3.92792046e-01
3.92857939e-01
3.92920166e-01
3.92978698e-01
3.93033504e-01
3.93084615e-01
3.93132031e-01
3.93175751e-01
3.93215775e-01
3.93252105e-01
3.93284738e-01
3.93313676e-01
3.93338919e-01
3.93360466e-01
3.93378317e-01
3.93392473e-01
3.93402904e-01
3.93409640e-01
3.93412679e-01
3.93411994e-01
3.93407583e-01
3.93399447e-01
3.93387586e-01
3.93372029e-01
3.93352777e-01
3.93329769e-01
3.93303096e-01
3.93272728e-01
3.93238664e-01
3.93200874e-01
3.93159419e-01
3.93114269e-01
3.93065423e-01
3.93012851e-01
3.92956614e-01
3.92896682e-01
3.92833054e-01
3.92765731e-01
3.92694712e-01
3.92619997e-01
3.92541587e-01
3.92459482e-01
3.92373711e-01
3.92284214e-01
3.92191023e-01
3.92094135e-01
3.91993552e-01
3.91889274e-01
3.91781300e-01
3.91669631e-01
3.91554266e-01
3.91435206e-01
3.91312480e-01
3.91186059e-01
3.91055971e-01
3.90922219e-01
3.90784770e-01
3.90643626e-01
3.90498847e-01
3.90350342e-01
3.90198201e-01
3.90042424e-01
3.89882952e-01
3.89719784e-01
3.89552981e-01
3.89382482e-01
3.89208347e-01
3.89030546e-01
3.88849080e-01
3.88663977e-01
3.88475209e-01
3.88282746e-01
3.88086677e-01
3.87886941e-01
3.87683541e-01
3.87476534e-01
3.87265891e-01
3.87051612e-01
3.86833668e-01
3.86612117e-01
3.86386901e-01
3.86158049e-01
3.85925591e-01
3.85689467e-01
3.85449737e-01
3.85206342e-01
3.84959340e-01
3.84708673e-01
3.84454399e-01
3.84196460e-01
3.83934915e-01
3.83669734e-01
3.83400917e-01
3.83128524e-01
3.82852525e-01
3.82572919e-01
3.82289737e-01
3.82002980e-01
3.81712675e-01
3.81418765e-01
3.81121308e-01
3.80820245e-01
3.80515635e-01
3.80207419e-01
3.79895627e-01
3.79580289e-01
3.79261345e-01
3.78938854e-01
3.78612787e-01
3.78283173e-01
3.77949983e-01
3.77613276e-01
3.77272993e-01
3.76929164e-01
3.76581818e-01
3.76230896e-01
3.75876427e-01
3.75518441e-01
3.75156909e-01
3.74791831e-01
3.74423265e-01
3.74051154e-01
3.73675555e-01
3.73296410e-01
3.72913778e-01
3.72527629e-01
3.72137964e-01
3.71744782e-01
3.71348083e-01
3.70947868e-01
3.70544136e-01
3.70136946e-01
3.69726300e-01
3.69312197e-01
3.68894637e-01
3.68473619e-01
3.68049115e-01
3.67621154e-01
3.67189765e-01
3.66754949e-01
3.66316706e-01
3.65874976e-01
3.65429819e-01
3.64981234e-01
3.64529222e-01
3.64073753e-01
3.63614887e-01
3.63152593e-01
3.62686902e-01
3.62217784e-01
3.61745268e-01
3.61269355e-01
3.60790044e-01
3.60307336e-01
3.59821230e-01
3.59331727e-01
3.58838826e-01
3.58342528e-01
3.57842833e-01
3.57339740e-01
3.56833339e-01
3.56323600e-01
3.55810553e-01
3.55294198e-01
3.54774475e-01
3.54251415e-01
3.53725016e-01
3.53195310e-01
3.52662325e-01
3.52125973e-01
3.51586372e-01
3.51043433e-01
3.50497186e-01
3.49947631e-01
3.49394828e-01
3.48838747e-01
3.48279357e-01
3.47716689e-01
3.47150743e-01
3.46581519e-01
3.46009016e-01
3.45433235e-01
3.44854206e-01
3.44271958e-01
3.43686491e-01
3.43097776e-01
3.42505872e-01
3.41910720e-01
3.41312379e-01
3.40710849e-01
3.40106070e-01
3.39498103e-01
3.38886946e-01
3.38272601e-01
3.37655097e-01
3.37034404e-01
3.36410552e-01
3.35783511e-01
3.35153341e-01
3.34520012e-01
3.33883524e-01
3.33243877e-01
3.32601070e-01
3.31955105e-01
3.31306040e-01
3.30653906e-01
3.29998642e-01
3.29340309e-01
3.28678846e-01
3.28014314e-01
3.27346683e-01
3.26675981e-01
3.26002210e-01
3.25325400e-01
3.24645489e-01
3.23962539e-01
3.23276550e-01
3.22587520e-01
3.21895450e-01
3.21200371e-01
3.20502222e-01
3.19801033e-01
3.19096863e-01
3.18389684e-01
3.17679554e-01
3.16966444e-01
3.16250324e-01
3.15531254e-01
3.14809233e-01
3.14084262e-01
3.13356310e-01
3.12625438e-01
3.11891615e-01
3.11154872e-01
3.10415149e-01
3.09672534e-01
3.08926970e-01
3.08178484e-01
3.07427049e-01
3.06672692e-01
3.05915505e-01
3.05155456e-01
3.04392576e-01
3.03626835e-01
3.02858263e-01
3.02086860e-01
3.01312596e-01
3.00535500e-01
2.99755603e-01
2.98972905e-01
2.98187375e-01
2.97399014e-01
2.96607882e-01
2.95813948e-01
2.95017242e-01
2.94217736e-01
2.93415457e-01
2.92610437e-01
2.91802675e-01
2.90992171e-01
2.90178925e-01
2.89362967e-01
2.88544297e-01
2.87722915e-01
2.86898792e-01
2.86072016e-01
2.85242528e-01
2.84410357e-01
2.83575505e-01
2.82737970e-01
2.81897783e-01
2.81054914e-01
2.80209422e-01
2.79361278e-01
2.78510541e-01
2.77657151e-01
2.76801199e-01
2.75942624e-01
2.75081426e-01
2.74217695e-01
2.73351341e-01
2.72482455e-01
2.71610945e-01
2.70736933e-01
2.69860357e-01
2.68981248e-01
2.68099576e-01
2.67215401e-01
2.66328722e-01
2.65439570e-01
2.64547884e-01
2.63653725e-01
2.62757093e-01
2.61858016e-01
2.60956436e-01
2.60052443e-01
2.59145975e-01
2.58237094e-01
2.57325739e-01
2.56411970e-01
2.55495757e-01
2.54577130e-01
2.53656119e-01
2.52732754e-01
2.51807064e-01
2.50878990e-01
2.49948561e-01
2.49015778e-01
2.48080641e-01
2.47143194e-01
2.46203408e-01
2.45261312e-01
2.44316906e-01
2.43370220e-01
2.42421225e-01
2.41469949e-01
2.40516409e-01
2.39560589e-01
2.38602549e-01
2.37642244e-01
2.36679703e-01
2.35714942e-01
2.34747961e-01
2.33778790e-01
2.32807398e-01
2.31833830e-01
2.30858073e-01
2.29880139e-01
2.28900045e-01
2.27917820e-01
2.26933435e-01
2.25946918e-01
2.24958271e-01
2.23967507e-01
2.22974643e-01
2.21979678e-01
2.20982641e-01
2.19983518e-01
2.18982324e-01
2.17979074e-01
2.16973767e-01
2.15966418e-01
2.14957044e-01
2.13945642e-01
2.12932214e-01
2.11916804e-01
2.10899398e-01
2.09879994e-01
2.08858624e-01
2.07835302e-01
2.06810027e-01
2.05782786e-01
2.04753593e-01
2.03722492e-01
2.02689469e-01
2.01654539e-01
2.00617731e-01
1.99579030e-01
1.98538452e-01
1.97496012e-01
1.96451709e-01
1.95405573e-01
1.94357589e-01
1.93307787e-01
1.92256153e-01
1.91202700e-01
1.90147460e-01
1.89090431e-01
1.88031629e-01
1.86971068e-01
1.85908735e-01
1.84844658e-01
1.83778852e-01
1.82711318e-01
1.81642070e-01
1.80571109e-01
1.79498434e-01
1.78424090e-01
1.77348047e-01
1.76270351e-01
1.75191000e-01
1.74109995e-01
1.73027366e-01
1.71943098e-01
1.70857221e-01
1.69769734e-01
1.68680638e-01
1.67589977e-01
1.66497722e-01
1.65403903e-01
1.64308533e-01
1.63211614e-01
1.62113145e-01
1.61013171e-01
1.59911677e-01
1.58808678e-01
1.57704204e-01
1.56598225e-01
1.55490786e-01
1.54381871e-01
1.53271496e-01
1.52159676e-01
1.51046440e-01
1.49931774e-01
1.48815721e-01
1.47698268e-01
1.46579415e-01
1.45459190e-01
1.44337595e-01
1.43214643e-01
1.42090350e-01
1.40964717e-01
1.39837757e-01
1.38709471e-01
1.37579888e-01
1.36449009e-01
1.35316849e-01
1.34183422e-01
1.33048713e-01
1.31912783e-01
1.30775586e-01
1.29637182e-01
1.28497541e-01
1.27356693e-01
1.26214653e-01
1.25071436e-01
1.23927034e-01
1.22781463e-01
1.21634737e-01
1.20486863e-01
1.19337864e-01
1.18187748e-01
1.17036514e-01
1.15884177e-01
1.14730746e-01
1.13576248e-01
1.12420678e-01
1.11264050e-01
1.10106379e-01
1.08947664e-01
1.07787929e-01
1.06627189e-01
1.05465434e-01
1.04302697e-01
1.03138968e-01
1.01974279e-01
1.00808620e-01
9.96420234e-02
9.84744802e-02
9.73060206e-02
9.61366370e-02
9.49663594e-02
9.37951729e-02
9.26231146e-02
9.14501846e-02
9.02763978e-02
8.91017541e-02
8.79262760e-02
8.67499784e-02
8.55728537e-02
8.43949318e-02
8.32162127e-02
8.20367113e-02
8.08564350e-02
7.96753988e-02
7.84936175e-02
7.73110986e-02
7.61278421e-02
7.49438778e-02
7.37592131e-02
7.25738481e-02
7.13877976e-02
7.02010840e-02
6.90137073e-02
6.78256825e-02
6.66370168e-02
6.54477328e-02
6.42578229e-02
6.30673170e-02
6.18762113e-02
6.06845282e-02
5.94922788e-02
5.82994632e-02
5.71061000e-02
5.59122041e-02
5.47177792e-02
5.35228401e-02
5.23273945e-02
5.11314608e-02
4.99350466e-02
4.87381592e-02
4.75408174e-02
4.63430285e-02
4.51448001e-02
4.39461470e-02
4.27470803e-02
4.15476114e-02
4.03477512e-02
3.91475148e-02
3.79469059e-02
3.67459394e-02
3.55446264e-02
3.43429819e-02
3.31410132e-02
3.19387317e-02
3.07361539e-02
2.95332856e-02
2.83301380e-02
2.71267239e-02
2.59230565e-02
2.47191433e-02
2.35149991e-02
2.23106351e-02
2.11060606e-02
1.99012887e-02
1.86963286e-02
1.74911954e-02
1.62858944e-02
1.50804436e-02
1.38748502e-02
1.26691265e-02
1.14632826e-02
1.02573317e-02
9.05128382e-03
7.84515217e-03
6.63894601e-03
5.43267746e-03
4.22635768e-03
3.01999832e-03
1.81361078e-03
6.07206137e-04
-5.99204213e-04
-1.80560874e-03
-3.01199639e-03
-4.21835575e-03
-5.42467507e-03
-6.63094316e-03
-7.83714931e-03
-9.04328190e-03
-1.02493288e-02
-1.14552807e-02
-1.26611236e-02
-1.38668474e-02
-1.50724407e-02
-1.62778944e-02
-1.74831934e-02
-1.86883286e-02
-1.98932886e-02
-2.10980643e-02
-2.23026387e-02
-2.35070027e-02
-2.47111470e-02
-2.59150565e-02
-2.71187257e-02
-2.83221379e-02
-2.95252837e-02
-3.07281520e-02
-3.19307297e-02
-3.31330113e-02
-3.43349800e-02
-3.55366245e-02
-3.67379338e-02
-3.79388966e-02
-3.91395055e-02
-4.03397419e-02
-4.15396020e-02
-4.27390672e-02
-4.39381339e-02
-4.51367833e-02
-4.63350117e-02
-4.75328006e-02
-4.87301461e-02
-4.99270335e-02
-5.11234477e-02
-5.23193777e-02
-5.35148159e-02
-5.47097512e-02
-5.59041724e-02
-5.70980720e-02
-5.82914315e-02
-5.94842434e-02
-6.06764965e-02
-6.18681833e-02
-6.30592853e-02
-6.42497987e-02
-6.54397011e-02
-6.66289926e-02
-6.78176507e-02
-6.90056756e-02
-7.01930523e-02
-7.13797659e-02
-7.25658163e-02
-7.37511814e-02
-7.49358460e-02
-7.61198103e-02
-7.73030594e-02
-7.84855783e-02
-7.96673596e-02
-8.08483958e-02
-8.20286721e-02
-8.32081735e-02
-8.43868926e-02
-8.55648220e-02
-8.67419466e-02
-8.79182518e-02
-8.90937299e-02
-9.02683735e-02
-9.14421603e-02
-9.26150903e-02
-9.37871486e-02
-9.49583277e-02
-9.61286128e-02
-9.72979888e-02
-9.84664559e-02
-9.96339992e-02
-1.00800604e-01
-1.01966262e-01
-1.03130966e-01
-1.04294695e-01
-1.05457440e-01
-1.06619187e-01
-1.07779928e-01
-1.08939663e-01
-1.10098377e-01
-1.11256056e-01
-1.12412684e-01
-1.13568254e-01
-1.14722759e-01
-1.15876183e-01
-1.17028520e-01
-1.18179753e-01
-1.19329870e-01
-1.20478868e-01
-1.21626735e-01
-1.22773454e-01
-1.23919033e-01
-1.25063434e-01
-1.26206681e-01
-1.27348721e-01
-1.28489569e-01
-1.29629210e-01
-1.30767629e-01
-1.31904811e-01
-1.33040771e-01
-1.34175479e-01
-1.35308906e-01
-1.36441082e-01
-1.37571961e-01
-1.38701543e-01
-1.39829829e-01
-1.40956789e-01
-1.42082423e-01
-1.43206730e-01
-1.44329697e-01
-1.45451292e-01
-1.46571532e-01
-1.47690400e-01
-1.48807853e-01
-1.49923921e-01
-1.51038572e-01
-1.52151808e-01
-1.53263614e-01
-1.54373989e-01
-1.55482888e-01
-1.56590343e-01
-1.57696322e-01
-1.58800811e-01
-1.59903824e-01
-1.61005318e-01
-1.62105307e-01
-1.63203761e-01
-1.64300695e-01
-1.65396065e-01
-1.66489884e-01
-1.67582139e-01
-1.68672815e-01
-1.69761911e-01
-1.70849398e-01
-1.71935290e-01
-1.73019543e-01
-1.74102202e-01
-1.75183207e-01
-1.76262558e-01
-1.77340269e-01
-1.78416297e-01
-1.79490671e-01
-1.80563331e-01
-1.81634307e-01
-1.82703555e-01
-1.83771089e-01
-1.84836909e-01
-1.85900986e-01
-1.86963305e-01
-1.88023880e-01
-1.89082667e-01
-1.90139696e-01
-1.91194922e-01
-1.92248374e-01
-1.93300009e-01
-1.94349810e-01
-1.95397794e-01
-1.96443945e-01
-1.97488248e-01
-1.98530704e-01
-1.99571282e-01
-2.00609982e-01
-2.01646790e-01
-2.02681720e-01
-2.03714728e-01
-2.04745844e-01
-2.05775037e-01
-2.06802264e-01
-2.07827568e-01
-2.08850890e-01
-2.09872276e-01
-2.10891664e-01
-2.11909071e-01
-2.12924495e-01
-2.13937908e-01
-2.14949310e-01
-2.15958685e-01
-2.16966033e-01
-2.17971340e-01
-2.18974605e-01
-2.19975799e-01
-2.20974937e-01
-2.21972004e-01
-2.22966969e-01
-2.23959848e-01
-2.24950612e-01
-2.25939244e-01
-2.26925761e-01
-2.27910146e-01
-2.28892386e-01
-2.29872480e-01
-2.30850413e-01
-2.31826156e-01
-2.32799754e-01
-2.33771145e-01
-2.34740332e-01
-2.35707313e-01
-2.36672089e-01
-2.37634629e-01
-2.38594934e-01
-2.39552990e-01
-2.40508810e-01
-2.41462350e-01
-2.42413625e-01
-2.43362635e-01
-2.44309351e-01
-2.45253757e-01
-2.46195853e-01
-2.47135639e-01
-2.48073101e-01
-2.49008238e-01
-2.49941036e-01
-2.50871480e-01
-2.51799554e-01
-2.52725273e-01
-2.53648639e-01
-2.54569650e-01
-2.55488276e-01
-2.56404519e-01
-2.57318318e-01
-2.58229673e-01
-2.59138584e-01
-2.60045052e-01
-2.60949075e-01
-2.61850625e-01
-2.62749761e-01
-2.63646394e-01
-2.64540553e-01
-2.65432239e-01
-2.66321421e-01
-2.67208129e-01
-2.68092304e-01
-2.68973976e-01
-2.69853085e-01
-2.70729691e-01
-2.71603733e-01
-2.72475213e-01
-2.73344159e-01
-2.74210513e-01
-2.75074303e-01
-2.75935471e-01
-2.76794076e-01
-2.77650088e-01
-2.78503478e-01
-2.79354244e-01
-2.80202389e-01
-2.81047910e-01
-2.81890810e-01
-2.82731026e-01
-2.83568561e-01
-2.84403414e-01
-2.85235614e-01
-2.86065131e-01
-2.86891967e-01
-2.87716061e-01
-2.88537472e-01
-2.89356142e-01
-2.90172160e-01
-2.90985405e-01
-2.91795909e-01
-2.92603672e-01
-2.93408692e-01
-2.94210970e-01
-2.95010477e-01
-2.95807213e-01
-2.96601176e-01
-2.97392339e-01
-2.98180670e-01
-2.98966229e-01
-2.99748957e-01
-3.00528884e-01
-3.01305979e-01
-3.02080244e-01
-3.02851677e-01
-3.03620249e-01
-3.04385990e-01
-3.05148900e-01
-3.05908978e-01
-3.06666195e-01
-3.07420522e-01
-3.08171958e-01
-3.08920443e-01
-3.09666008e-01
-3.10408652e-01
-3.11148375e-01
-3.11885148e-01
-3.12619001e-01
-3.13349903e-01
-3.14077854e-01
-3.14802855e-01
-3.15524936e-01
-3.16244006e-01
-3.16960126e-01
-3.17673266e-01
-3.18383425e-01
-3.19090605e-01
-3.19794804e-01
-3.20495963e-01
-3.21194112e-01
-3.21889251e-01
-3.22581321e-01
-3.23270351e-01
-3.23956370e-01
-3.24639320e-01
-3.25319260e-01
-3.25996131e-01
-3.26669902e-01
-3.27340633e-01
-3.28008264e-01
-3.28672826e-01
-3.29334289e-01
-3.29992682e-01
-3.30647945e-01
-3.31300110e-01
-3.31949204e-01
-3.32595170e-01
-3.33237976e-01
-3.33877653e-01
-3.34514141e-01
-3.35147500e-01
-3.35777670e-01
-3.36404711e-01
-3.37028563e-01
-3.37649286e-01
-3.38266820e-01
-3.38881165e-01
-3.39492321e-01
-3.40100288e-01
-3.40705067e-01
-3.41306627e-01
-3.41904998e-01
-3.42500180e-01
-3.43092114e-01
-3.43680829e-01
-3.44266325e-01
-3.44848603e-01
-3.45427632e-01
-3.46003383e-01
-3.46575916e-01
-3.47145140e-01
-3.47711056e-01
-3.48273754e-01
-3.48833144e-01
-3.49389285e-01
-3.49942148e-01
-3.50491703e-01
-3.51037949e-01
-3.51580918e-01
-3.52120548e-01
-3.52656871e-01
-3.53189886e-01
-3.53719592e-01
-3.54245961e-01
-3.54769021e-01
-3.55288744e-01
-3.55805159e-01
-3.56318235e-01
-3.56827974e-01
-3.57334405e-01
-3.57837498e-01
-3.58337194e-01
-3.58833522e-01
-3.59326422e-01
-3.59815955e-01
-3.60302061e-01
-3.60784799e-01
-3.61264139e-01
-3.61740053e-01
-3.62212598e-01
-3.62681717e-01
-3.63147438e-01
-3.63609701e-01
-3.64068598e-01
-3.64524037e-01
-3.64976108e-01
-3.65424722e-01
-3.65869910e-01
-3.66311640e-01
-3.66749913e-01
-3.67184728e-01
-3.67616117e-01
-3.68044049e-01
-3.68468553e-01
-3.68889570e-01
-3.69307160e-01
-3.69721264e-01
-3.70131910e-01
-3.70539099e-01
-3.70942831e-01
-3.71343046e-01
-3.71739745e-01
-3.72132957e-01
-3.72522652e-01
-3.72908831e-01
-3.73291492e-01
-3.73670638e-01
-3.74046266e-01
-3.74418378e-01
-3.74786973e-01
-3.75152022e-01
-3.75513583e-01
-3.75871599e-01
-3.76226068e-01
-3.76577020e-01
-3.76924366e-01
-3.77268195e-01
-3.77608478e-01
-3.77945244e-01
-3.78278404e-01
-3.78608048e-01
-3.78934115e-01
-3.79256636e-01
-3.79575580e-01
-3.79890949e-01
-3.80202770e-01
-3.80510986e-01
-3.80815625e-01
-3.81116688e-01
-3.81414175e-01
-3.81708086e-01
-3.81998420e-01
-3.82285178e-01
-3.82568359e-01
-3.82847965e-01
-3.83123994e-01
-3.83396417e-01
-3.83665234e-01
-3.83930445e-01
-3.84192020e-01
-3.84449959e-01
-3.84704262e-01
-3.84954929e-01
-3.85201961e-01
-3.85445356e-01
-3.85685116e-01
-3.85921240e-01
-3.86153728e-01
-3.86382550e-01
-3.86607766e-01
-3.86829317e-01
-3.87047261e-01
-3.87261540e-01
-3.87472212e-01
-3.87679219e-01
-3.87882620e-01
-3.88082355e-01
-3.88278455e-01
-3.88470918e-01
-3.88659686e-01
-3.88844818e-01
-3.89026284e-01
-3.89204115e-01
-3.89378250e-01
-3.89548749e-01
-3.89715552e-01
-3.89878750e-01
-3.90038222e-01
-3.90194058e-01
-3.90346199e-01
-3.90494704e-01
-3.90639514e-01
-3.90780628e-01
-3.90918076e-01
-3.91051888e-01
-3.91181976e-01
-3.91308397e-01
-3.91431123e-01
-3.91550213e-01
-3.91665578e-01
-3.91777277e-01
-3.91885251e-01
-3.91989559e-01
-3.92090142e-01
-3.92187059e-01
-3.92280281e-01
-3.92369777e-01
-3.92455608e-01
-3.92537743e-01
-3.92616153e-01
-3.92690897e-01
-3.92761916e-01
-3.92829269e-01
-3.92892897e-01
-3.92952859e-01
-3.93009096e-01
-3.93061668e-01
-3.93110543e-01
-3.93155694e-01
-3.93197149e-01
-3.93234909e-01
-3.93268973e-01
-3.93299371e-01
-3.93326044e-01
-3.93349022e-01
-3.93368304e-01
-3.93383861e-01
-3.93395722e-01
-3.93403858e-01
-3.93408328e-01
-3.93409073e-01
-3.93406093e-01
-3.93399388e-01
-3.93388987e-01
-3.93374860e-01
-3.93357038e-01
-3.93335491e-01
-3.93310249e-01
-3.93281311e-01
-3.93248677e-01
-3.93212318e-01
-3.93172294e-01
-3.93128574e-01
-3.93081158e-01
-3.93030018e-01
-3.92975211e-01
-3.92916709e-01
-3.92854512e-01
-3.92788619e-01
-3.92719001e-01
-3.92645717e-01
-3.92568737e-01
-3.92488062e-01
-3.92403722e-01
-3.92315656e-01
-3.92223924e-01
-3.92128468e-01
-3.92029315e-01
-3.91926497e-01
-3.91819984e-01
-3.91709745e-01
-3.91595870e-01
-3.91478270e-01
-3.91357005e-01
-3.91232014e-01
-3.91103357e-01
-3.90971005e-01
-3.90834987e-01
-3.90695274e-01
-3.90551895e-01
-3.90404880e-01
-3.90254170e-01
-3.90099794e-01
-3.89941752e-01
-3.89780045e-01
-3.89614671e-01
-3.89445603e-01
-3.89272898e-01
-3.89096558e-01
-3.88916522e-01
-3.88732851e-01
-3.88545513e-01
-3.88354510e-01
-3.88159871e-01
-3.87961596e-01
-3.87759656e-01
-3.87554079e-01
-3.87344897e-01
-3.87132019e-01
-3.86915535e-01
-3.86695385e-01
-3.86471629e-01
-3.86244208e-01
-3.86013150e-01
-3.85778487e-01
-3.85540158e-01
-3.85298222e-01
-3.85052621e-01
-3.84803414e-01
-3.84550571e-01
-3.84294093e-01
-3.84033978e-01
-3.83770227e-01
-3.83502841e-01
-3.83231848e-01
-3.82957280e-01
-3.82679135e-01
-3.82397413e-01
-3.82112116e-01
-3.81823242e-01
-3.81530792e-01
-3.81234735e-01
-3.80935103e-01
-3.80631924e-01
-3.80325139e-01
-3.80014807e-01
-3.79700869e-01
-3.79383385e-01
-3.79062295e-01
-3.78737658e-01
-3.78409445e-01
-3.78077716e-01
-3.77742410e-01
-3.77403557e-01
-3.77061158e-01
-3.76715213e-01
-3.76365721e-01
-3.76012683e-01
-3.75656098e-01
-3.75296026e-01
-3.74932408e-01
-3.74565274e-01
-3.74194592e-01
-3.73820424e-01
-3.73442709e-01
-3.73061508e-01
-3.72676760e-01
-3.72288495e-01
-3.71896714e-01
-3.71501416e-01
-3.71102631e-01
-3.70700359e-01
-3.70294601e-01
-3.69885385e-01
-3.69472712e-01
-3.69056582e-01
-3.68636996e-01
-3.68213952e-01
-3.67787451e-01
-3.67357522e-01
-3.66924107e-01
-3.66487294e-01
-3.66047025e-01
-3.65603298e-01
-3.65156144e-01
-3.64705533e-01
-3.64251524e-01
-3.63794059e-01
-3.63333225e-01
-3.62868935e-01
-3.62401277e-01
-3.61930192e-01
-3.61455679e-01
-3.60977799e-01
-3.60496521e-01
-3.60011846e-01
-3.59523773e-01
-3.59032303e-01
-3.58537436e-01
-3.58039171e-01
-3.57537508e-01
-3.57032537e-01
-3.56524229e-01
-3.56012583e-01
-3.55497599e-01
-3.54979277e-01
-3.54457647e-01
-3.53932679e-01
-3.53404403e-01
-3.52872819e-01
-3.52337927e-01
-3.51799697e-01
-3.51258188e-01
-3.50713342e-01
-3.50165218e-01
-3.49613786e-01
-3.49059105e-01
-3.48501146e-01
-3.47939909e-01
-3.47375363e-01
-3.46807539e-01
-3.46236467e-01
-3.45662117e-01
-3.45084488e-01
-3.44503641e-01
-3.43919575e-01
-3.43332291e-01
-3.42741787e-01
-3.42148036e-01
-3.41551095e-01
-3.40950906e-01
-3.40347558e-01
-3.39740992e-01
-3.39131266e-01
-3.38518322e-01
-3.37902218e-01
-3.37282926e-01
-3.36660445e-01
-3.36034834e-01
-3.35406065e-01
-3.34774137e-01
-3.34139049e-01
-3.33500803e-01
-3.32859397e-01
-3.32214862e-01
-3.31567228e-01
-3.30916494e-01
-3.30262631e-01
-3.29605669e-01
-3.28945637e-01
-3.28282505e-01
-3.27616274e-01
-3.26946944e-01
-3.26274574e-01
-3.25599134e-01
-3.24920624e-01
-3.24239075e-01
-3.23554456e-01
-3.22866827e-01
-3.22176158e-01
-3.21482450e-01
-3.20785701e-01
-3.20085913e-01
-3.19383115e-01
-3.18677336e-01
-3.17968577e-01
-3.17256838e-01
-3.16542149e-01
-3.15824449e-01
-3.15103799e-01
-3.14380169e-01
-3.13653618e-01
-3.12924117e-01
-3.12191665e-01
-3.11456293e-01
-3.10717970e-01
-3.09976697e-01
-3.09232503e-01
-3.08485389e-01
-3.07735354e-01
-3.06982398e-01
-3.06226581e-01
-3.05467874e-01
-3.04706335e-01
-3.03941965e-01
-3.03174764e-01
-3.02404732e-01
-3.01631868e-01
-3.00856143e-01
-3.00077647e-01
-2.99296290e-01
-2.98512101e-01
-2.97725141e-01
-2.96935380e-01
-2.96142846e-01
-2.95347482e-01
-2.94549346e-01
-2.93748438e-01
-2.92944759e-01
-2.92138338e-01
-2.91329205e-01
-2.90517300e-01
-2.89702713e-01
-2.88885385e-01
-2.88065314e-01
-2.87242591e-01
-2.86417156e-01
-2.85589010e-01
-2.84758180e-01
-2.83924699e-01
-2.83088505e-01
-2.82249659e-01
-2.81408131e-01
-2.80563951e-01
-2.79717177e-01
-2.78867751e-01
-2.78015733e-01
-2.77161092e-01
-2.76303858e-01
-2.75444031e-01
-2.74581641e-01
-2.73716629e-01
-2.72849023e-01
-2.71978885e-01
-2.71106184e-01
-2.70230889e-01
-2.69353092e-01
-2.68472761e-01
-2.67589897e-01
-2.66704559e-01
-2.65816689e-01
-2.64926344e-01
-2.64033496e-01
-2.63138205e-01
-2.62240410e-01
-2.61340171e-01
-2.60437459e-01
-2.59532332e-01
-2.58624732e-01
-2.57714689e-01
-2.56802231e-01
-2.55887330e-01
-2.54970014e-01
-2.54050314e-01
-2.53128260e-01
-2.52203822e-01
-2.51277030e-01
-2.50347912e-01
-2.49416411e-01
-2.48482585e-01
-2.47546420e-01
-2.46607915e-01
-2.45667115e-01
-2.44724005e-01
-2.43778586e-01
-2.42830873e-01
-2.41880894e-01
-2.40928620e-01
-2.39974096e-01
-2.39017293e-01
-2.38058269e-01
-2.37096995e-01
-2.36133501e-01
-2.35167786e-01
-2.34199867e-01
-2.33229741e-01
-2.32257441e-01
-2.31282949e-01
-2.30306283e-01
-2.29327440e-01
-2.28346452e-01
-2.27363303e-01
-2.26378039e-01
-2.25390643e-01
-2.24401131e-01
-2.23409504e-01
-2.22415790e-01
-2.21419975e-01
-2.20422104e-01
-2.19422147e-01
-2.18420133e-01
-2.17416063e-01
-2.16409951e-01
-2.15401798e-01
-2.14391634e-01
-2.13379443e-01
-2.12365240e-01
-2.11349055e-01
-2.10330874e-01
-2.09310725e-01
-2.08288610e-01
-2.07264543e-01
-2.06238523e-01
-2.05210552e-01
-2.04180643e-01
-2.03148827e-01
-2.02115104e-01
-2.01079503e-01
-2.00042009e-01
-1.99002624e-01
-1.97961360e-01
-1.96918249e-01
-1.95873305e-01
-1.94826499e-01
-1.93777874e-01
-1.92727432e-01
-1.91675171e-01
-1.90621123e-01
-1.89565271e-01
-1.88507661e-01
-1.87448263e-01
-1.86387107e-01
-1.85324192e-01
-1.84259549e-01
-1.83193177e-01
-1.82125092e-01
-1.81055278e-01
-1.79983765e-01
-1.78910553e-01
-1.77835673e-01
-1.76759124e-01
-1.75680920e-01
-1.74601048e-01
-1.73519552e-01
-1.72436416e-01
-1.71351671e-01
-1.70265317e-01
-1.69177368e-01
-1.68087825e-01
-1.66996703e-01
-1.65904000e-01
-1.64809749e-01
-1.63713962e-01
-1.62616611e-01
-1.61517754e-01
-1.60417363e-01
-1.59315467e-01
-1.58212066e-01
-1.57107189e-01
-1.56000853e-01
-1.54893026e-01
-1.53783754e-01
-1.52673021e-01
-1.51560873e-01
-1.50447294e-01
-1.49332315e-01
-1.48215920e-01
-1.47098139e-01
-1.45978972e-01
-1.44858450e-01
-1.43736571e-01
-1.42613322e-01
-1.41488746e-01
-1.40362829e-01
-1.39235601e-01
-1.38107076e-01
-1.36977240e-01
-1.35846123e-01
-1.34713724e-01
-1.33580044e-01
-1.32445142e-01
-1.31308973e-01
-1.30171597e-01
-1.29032984e-01
-1.27893150e-01
-1.26752123e-01
-1.25609919e-01
-1.24466524e-01
-1.23321965e-01
-1.22176245e-01
-1.21029384e-01
-1.19881384e-01
-1.18732259e-01
-1.17582016e-01
-1.16430677e-01
-1.15278237e-01
-1.14124708e-01
-1.12970114e-01
-1.11814462e-01
-1.10657752e-01
-1.09500013e-01
-1.08341247e-01
-1.07181460e-01
-1.06020667e-01
-1.04858875e-01
-1.03696108e-01
-1.02532357e-01
-1.01367645e-01
-1.00201979e-01
-9.90353748e-02
-9.78678390e-02
-9.66993794e-02
-9.55300257e-02
-9.43597630e-02
-9.31886211e-02
-9.20166001e-02
-9.08437222e-02
-8.96699876e-02
-8.84954110e-02
-8.73200074e-02
-8.61437842e-02
-8.49667490e-02
-8.37889165e-02
-8.26103017e-02
-8.14309120e-02
-8.02507475e-02
-7.90698379e-02
-7.78881833e-02
-7.67057985e-02
-7.55226985e-02
-7.43388906e-02
-7.31543824e-02
-7.19691962e-02
-7.07833245e-02
-6.95967898e-02
-6.84095994e-02
-6.72217682e-02
-6.60333112e-02
-6.48442283e-02
-6.36545420e-02
-6.24642596e-02
-6.12733886e-02
-6.00819476e-02
-5.88899367e-02
-5.76973781e-02
-5.65042756e-02
-5.53106479e-02
-5.41164987e-02
-5.29218428e-02
-5.17266877e-02
-5.05310483e-02
-4.93349358e-02
-4.81383614e-02
-4.69413362e-02
-4.57438715e-02
-4.45459746e-02
-4.33476642e-02
-4.21489440e-02
-4.09498289e-02
-3.97503302e-02
-3.85504588e-02
-3.73502262e-02
-3.61496434e-02
-3.49487215e-02
-3.37474719e-02
-3.25459056e-02
-3.13440338e-02
-3.01418677e-02
-2.89394204e-02
-2.77367011e-02
-2.65337229e-02
-2.53304970e-02
-2.41270326e-02
-2.29233429e-02
-2.17194390e-02
-2.05153301e-02
-1.93110295e-02
-1.81065481e-02
-1.69018991e-02
-1.56970918e-02
-1.44921374e-02
-1.32870488e-02
-1.20818373e-02
-1.08765103e-02
-9.67109390e-03
-8.46555177e-03
-7.26004550e-03
-6.05410850e-03
-4.84927092e-03
-3.64070339e-03
-2.44347472e-03
-1.20454154e-03
5.96046448e-08
3.06951511e-03
