-3.06945550e-03
-0.00000000e+00
9.71832953e-04
1.96133764e-03
2.90792994e-03
3.86578590e-03
4.81991330e-03
5.77515177e-03
6.72997255e-03
7.68484548e-03
8.63961130e-03
9.59430914e-03
1.05489129e-02
1.15034208e-02
1.24578206e-02
1.34121059e-02
1.43662654e-02
1.53202908e-02
1.62741728e-02
1.72279049e-02
1.81814749e-02
1.91348735e-02
2.00880952e-02
2.10411306e-02
2.19939668e-02
2.29465999e-02
2.38990169e-02
2.48512104e-02
2.58031730e-02
2.67548915e-02
2.77063623e-02
2.86575723e-02
2.96085142e-02
3.05591784e-02
3.15095559e-02
3.24596427e-02
3.34094204e-02
3.43588889e-02
3.53080332e-02
3.62568460e-02
3.72053161e-02
3.81534435e-02
3.91012058e-02
4.00486067e-02
4.09956351e-02
4.19422761e-02
4.28885259e-02
4.38343696e-02
4.47798073e-02
4.57248241e-02
4.66694161e-02
4.76135649e-02
4.85572703e-02
4.95005175e-02
5.04433028e-02
5.13856113e-02
5.23274392e-02
5.32687753e-02
5.42096123e-02
5.51499389e-02
5.60897514e-02
5.70290387e-02
5.79677895e-02
5.89059964e-02
5.98436520e-02
6.07807450e-02
6.17172681e-02
6.26532063e-02
6.35885596e-02
6.45233244e-02
6.54574856e-02
6.63910359e-02
6.73239529e-02
6.82562366e-02
6.91878796e-02
7.01188818e-02
7.10492283e-02
7.19788969e-02
7.29078948e-02
7.38362074e-02
7.47638196e-02
7.56907389e-02
7.66169429e-02
7.75424317e-02
7.84671903e-02
7.93912113e-02
8.03144947e-02
8.12370181e-02
8.21587741e-02
8.30797702e-02
8.39999840e-02
8.49194154e-02
8.58380422e-02
8.67558643e-02
8.76728669e-02
8.85890499e-02
8.95043984e-02
9.04189125e-02
9.13325697e-02
9.22453776e-02
9.31573212e-02
9.40683857e-02
9.49785635e-02
9.58878547e-02
9.67962518e-02
9.77037326e-02
9.86102968e-02
9.95159373e-02
1.00420631e-01
1.01324394e-01
1.02227211e-01
1.03129074e-01
1.04029953e-01
1.04929857e-01
1.05828762e-01
1.06726691e-01
1.07623607e-01
1.08519524e-01
1.09414414e-01
1.10308282e-01
1.11201108e-01
1.12092890e-01
1.12983622e-01
1.13873295e-01
1.14761904e-01
1.15649424e-01
1.16535865e-01
1.17421217e-01
1.18305452e-01
1.19188584e-01
1.20070592e-01
1.20951474e-01
1.21831216e-01
1.22709826e-01
1.23587273e-01
1.24463558e-01
1.25338674e-01
1.26212627e-01
1.27085388e-01
1.27956957e-01
1.28827333e-01
1.29696488e-01
1.30564421e-01
1.31431147e-01
1.32296622e-01
1.33160859e-01
1.34023860e-01
1.34885594e-01
1.35746077e-01
1.36605263e-01
1.37463167e-01
1.38319790e-01
1.39175117e-01
1.40029132e-01
1.40881822e-01
1.41733199e-01
1.42583236e-01
1.43431917e-01
1.44279271e-01
1.45125270e-01
1.45969912e-01
1.46813169e-01
1.47655055e-01
1.48495570e-01
1.49334669e-01
1.50172368e-01
1.51008666e-01
1.51843533e-01
1.52676985e-01
1.53509021e-01
1.54339612e-01
1.55168742e-01
1.55996427e-01
1.56822622e-01
1.57647356e-01
1.58470586e-01
1.59292355e-01
1.60112619e-01
1.60931379e-01
1.61748618e-01
1.62564352e-01
1.63378552e-01
1.64191231e-01
1.65002346e-01
1.65811926e-01
1.66619956e-01
1.67426407e-01
1.68231294e-01
1.69034585e-01
1.69836283e-01
1.70636401e-01
1.71434894e-01
1.72231793e-01
1.73027083e-01
1.73820734e-01
1.74612761e-01
1.75403133e-01
1.76191866e-01
1.76978946e-01
1.77764356e-01
1.78548113e-01
1.79330200e-01
1.80110589e-01
1.80889279e-01
1.81666270e-01
1.82441562e-01
1.83215126e-01
1.83986977e-01
1.84757099e-01
1.85525492e-01
1.86292157e-01
1.87057048e-01
1.87820196e-01
1.88581556e-01
1.89341158e-01
1.90098986e-01
1.90855011e-01
1.91609263e-01
1.92361727e-01
1.93112358e-01
1.93861187e-01
1.94608182e-01
1.95353374e-01
1.96096718e-01
1.96838215e-01
1.97577879e-01
1.98315680e-01
1.99051619e-01
1.99785694e-01
2.00517878e-01
2.01248184e-01
2.01976582e-01
2.02703103e-01
2.03427717e-01
2.04150438e-01
2.04871267e-01
2.05590159e-01
2.06307098e-01
2.07022086e-01
2.07735121e-01
2.08446220e-01
2.09155336e-01
2.09862515e-01
2.10567713e-01
2.11270928e-01
2.11972147e-01
2.12671384e-01
2.13368624e-01
2.14063868e-01
2.14757085e-01
2.15448305e-01
2.16137484e-01
2.16824636e-01
2.17509747e-01
2.18192816e-01
2.18873858e-01
2.19552815e-01
2.20229715e-01
2.20904544e-01
2.21577302e-01
2.22247988e-01
2.22916588e-01
2.23583087e-01
2.24247485e-01
2.24909782e-01
2.25569949e-01
2.26228014e-01
2.26883948e-01
2.27537736e-01
2.28189394e-01
2.28838921e-01
2.29486287e-01
2.30131507e-01
2.30774567e-01
2.31415465e-01
2.32054174e-01
2.32690707e-01
2.33325034e-01
2.33957186e-01
2.34587118e-01
2.35214859e-01
2.35840395e-01
2.36463711e-01
2.37084791e-01
2.37703651e-01
2.38320291e-01
2.38934681e-01
2.39546835e-01
2.40156740e-01
2.40764394e-01
2.41369769e-01
2.41972893e-01
2.42573738e-01
2.43172303e-01
2.43768573e-01
2.44362578e-01
2.44954258e-01
2.45543644e-01
2.46130735e-01
2.46715501e-01
2.47297943e-01
2.47878075e-01
2.48455867e-01
2.49031335e-01
2.49604464e-01
2.50175238e-01
2.50743687e-01
2.51309782e-01
2.51873493e-01
2.52434880e-01
2.52993882e-01
2.53550529e-01
2.54104823e-01
2.54656732e-01
2.55206287e-01
2.55753458e-01
2.56298244e-01
2.56840587e-01
2.57380486e-01
2.57917941e-01
2.58452952e-01
2.58985519e-01
2.59515643e-01
2.60043353e-01
2.60568589e-01
2.61091411e-01
2.61611789e-01
2.62129694e-01
2.62645125e-01
2.63158113e-01
2.63668597e-01
2.64176607e-01
2.64682144e-01
2.65185207e-01
2.65685767e-01
2.66183853e-01
2.66679436e-01
2.67172545e-01
2.67663121e-01
2.68151194e-01
2.68636763e-01
2.69119799e-01
2.69600332e-01
2.70078301e-01
2.70553708e-01
2.71026582e-01
2.71496952e-01
2.71964759e-01
2.72430032e-01
2.72892684e-01
2.73352832e-01
2.73810387e-01
2.74265319e-01
2.74717718e-01
2.75167525e-01
2.75614768e-01
2.76059389e-01
2.76501417e-01
2.76940852e-01
2.77377725e-01
2.77811974e-01
2.78243601e-01
2.78672636e-01
2.79099017e-01
2.79522806e-01
2.79943943e-01
2.80362487e-01
2.80778408e-01
2.81191677e-01
2.81602323e-01
2.82010317e-01
2.82415628e-01
2.82818258e-01
2.83218205e-01
2.83615470e-01
2.84010053e-01
2.84401953e-01
2.84791201e-01
2.85177797e-01
2.85561711e-01
2.85942912e-01
2.86321431e-01
2.86697268e-01
2.87070364e-01
2.87440807e-01
2.87808537e-01
2.88173586e-01
2.88535893e-01
2.88895518e-01
2.89252400e-01
2.89606571e-01
2.89958030e-01
2.90306777e-01
2.90652782e-01
2.90996075e-01
2.91336596e-01
2.91674405e-01
2.92009473e-01
2.92341799e-01
2.92671412e-01
2.92998284e-01
2.93322384e-01
2.93643743e-01
2.93962359e-01
2.94278234e-01
2.94591308e-01
2.94901609e-01
2.95209169e-01
2.95513958e-01
2.95815945e-01
2.96115130e-01
2.96411514e-01
2.96705127e-01
2.96995938e-01
2.97283947e-01
2.97569185e-01
2.97851592e-01
2.98131198e-01
2.98408002e-01
2.98682004e-01
2.98953176e-01
2.99221575e-01
2.99487144e-01
2.99749941e-01
3.00009906e-01
3.00267041e-01
3.00521374e-01
3.00772846e-01
3.01021516e-01
3.01267385e-01
3.01510364e-01
3.01750541e-01
3.01987886e-01
3.02222401e-01
3.02454084e-01
3.02682906e-01
3.02908927e-01
3.03132057e-01
3.03352386e-01
3.03569883e-01
3.03784549e-01
3.03996384e-01
3.04205358e-01
3.04411501e-01
3.04614812e-01
3.04815292e-01
3.05012941e-01
3.05207759e-01
3.05399746e-01
3.05588901e-01
3.05775195e-01
3.05958658e-01
3.06139261e-01
3.06317002e-01
3.06491911e-01
3.06663901e-01
3.06832939e-01
3.06999087e-01
3.07162315e-01
3.07322621e-01
3.07480007e-01
3.07634443e-01
3.07785928e-01
3.07934493e-01
3.08080167e-01
3.08222920e-01
3.08362752e-01
3.08499634e-01
3.08633596e-01
3.08764607e-01
3.08892697e-01
3.09017837e-01
3.09140056e-01
3.09259355e-01
3.09375733e-01
3.09489220e-01
3.09599787e-01
3.09707433e-01
3.09812129e-01
3.09913903e-01
3.10012728e-01
3.10108632e-01
3.10201585e-01
3.10291618e-01
3.10378730e-01
3.10462922e-01
3.10544223e-01
3.10622603e-01
3.10698062e-01
3.10770571e-01
3.10840160e-01
3.10906798e-01
3.10970515e-01
3.11031282e-01
3.11089128e-01
3.11144054e-01
3.11196059e-01
3.11245173e-01
3.11291367e-01
3.11334640e-01
3.11374962e-01
3.11412364e-01
3.11446816e-01
3.11478347e-01
3.11506927e-01
3.11532587e-01
3.11555326e-01
3.11575145e-01
3.11592072e-01
3.11606079e-01
3.11617166e-01
3.11625302e-01
3.11630517e-01
3.11632782e-01
3.11632127e-01
3.11628520e-01
3.11621994e-01
3.11612576e-01
3.11600238e-01
3.11584979e-01
3.11566800e-01
3.11545670e-01
3.11521620e-01
3.11494678e-01
3.11464787e-01
3.11431944e-01
3.11396182e-01
3.11357498e-01
3.11315894e-01
3.11271369e-01
3.11223924e-01
3.11173558e-01
3.11120301e-01
3.11064065e-01
3.11004907e-01
3.10942799e-01
3.10877770e-01
3.10809791e-01
3.10738921e-01
3.10665101e-01
3.10588390e-01
3.10508728e-01
3.10426176e-01
3.10340673e-01
3.10252249e-01
3.10160905e-01
3.10066611e-01
3.09969395e-01
3.09869230e-01
3.09766144e-01
3.09660137e-01
3.09551209e-01
3.09439391e-01
3.09324592e-01
3.09206903e-01
3.09086293e-01
3.08962733e-01
3.08836222e-01
3.08706790e-01
3.08574468e-01
3.08439195e-01
3.08301002e-01
3.08159858e-01
3.08015794e-01
3.07868779e-01
3.07718843e-01
3.07566017e-01
3.07410240e-01
3.07251543e-01
3.07089895e-01
3.06925356e-01
3.06757897e-01
3.06587487e-01
3.06414187e-01
3.06238055e-01
3.06059062e-01
3.05877209e-01
3.05692524e-01
3.05505008e-01
3.05314660e-01
3.05121452e-01
3.04925412e-01
3.04726541e-01
3.04524809e-01
3.04320246e-01
3.04112792e-01
3.03902507e-01
3.03689331e-01
3.03473383e-01
3.03254575e-01
3.03032935e-01
3.02808434e-01
3.02581102e-01
3.02350938e-01
3.02117974e-01
3.01882148e-01
3.01643521e-01
3.01402032e-01
3.01157743e-01
3.00910592e-01
3.00660640e-01
3.00407827e-01
3.00152212e-01
2.99893796e-01
2.99632549e-01
2.99368471e-01
2.99101591e-01
2.98831910e-01
2.98559397e-01
2.98284113e-01
2.98006028e-01
2.97725141e-01
2.97441453e-01
2.97154933e-01
2.96865642e-01
2.96573579e-01
2.96278685e-01
2.95980990e-01
2.95680493e-01
2.95377225e-01
2.95071185e-01
2.94762343e-01
2.94450730e-01
2.94136345e-01
2.93819189e-01
2.93499291e-01
2.93176651e-01
2.92851269e-01
2.92523146e-01
2.92192310e-01
2.91858703e-01
2.91522384e-01
2.91183323e-01
2.90841490e-01
2.90496945e-01
2.90149689e-01
2.89799690e-01
2.89446950e-01
2.89091527e-01
2.88733363e-01
2.88372517e-01
2.88008958e-01
2.87642658e-01
2.87273645e-01
2.86901981e-01
2.86527604e-01
2.86150515e-01
2.85770744e-01
2.85388261e-01
2.85003126e-01
2.84615278e-01
2.84224808e-01
2.83831656e-01
2.83435822e-01
2.83037305e-01
2.82636106e-01
2.82232225e-01
2.81825662e-01
2.81416476e-01
2.81004608e-01
2.80590087e-01
2.80172944e-01
2.79753178e-01
2.79330790e-01
2.78905779e-01
2.78478146e-01
2.78047860e-01
2.77615011e-01
2.77179509e-01
2.76741445e-01
2.76300788e-01
2.75857508e-01
2.75411665e-01
2.74963200e-01
2.74512172e-01
2.74058521e-01
2.73602307e-01
2.73143530e-01
2.72682190e-01
2.72218287e-01
2.71751821e-01
2.71282792e-01
2.70811200e-01
2.70337075e-01
2.69860417e-01
2.69381195e-01
2.68899471e-01
2.68415183e-01
2.67928392e-01
2.67439097e-01
2.66947299e-01
2.66452998e-01
2.65956193e-01
2.65456915e-01
2.64955103e-01
2.64450818e-01
2.63944089e-01
2.63434857e-01
2.62923181e-01
2.62409002e-01
2.61892378e-01
2.61373252e-01
2.60851711e-01
2.60327697e-01
2.59801209e-01
2.59272307e-01
2.58740962e-01
2.58207172e-01
2.57670939e-01
2.57132292e-01
2.56591201e-01
2.56047666e-01
2.55501688e-01
2.54953325e-01
2.54402608e-01
2.53849566e-01
2.53294110e-01
2.52736270e-01
2.52176076e-01
2.51613528e-01
2.51048595e-01
2.50481337e-01
2.49911696e-01
2.49339744e-01
2.48765424e-01
2.48188779e-01
2.47609794e-01
2.47028500e-01
2.46444866e-01
2.45858923e-01
2.45270655e-01
2.44680092e-01
2.44087234e-01
2.43492082e-01
2.42894650e-01
2.42294922e-01
2.41692916e-01
2.41088644e-01
2.40482107e-01
2.39873290e-01
2.39262238e-01
2.38648906e-01
2.38033369e-01
2.37415567e-01
2.36795560e-01
2.36173317e-01
2.35548839e-01
2.34922171e-01
2.34293282e-01
2.33662203e-01
2.33028919e-01
2.32393458e-01
2.31755793e-01
2.31115952e-01
2.30473936e-01
2.29829773e-01
2.29183421e-01
2.28534922e-01
2.27884278e-01
2.27231503e-01
2.26576582e-01
2.25919530e-01
2.25260347e-01
2.24599048e-01
2.23935649e-01
2.23270148e-01
2.22602531e-01
2.21932828e-01
2.21261039e-01
2.20587164e-01
2.19911233e-01
2.19233215e-01
2.18553171e-01
2.17871040e-01
2.17186883e-01
2.16500655e-01
2.15812400e-01
2.15122133e-01
2.14429826e-01
2.13735521e-01
2.13039204e-01
2.12340876e-01
2.11640552e-01
2.10938245e-01
2.10233957e-01
2.09527701e-01
2.08819464e-01
2.08109260e-01
2.07397103e-01
2.06682980e-01
2.05966905e-01
2.05248877e-01
2.04528913e-01
2.03807026e-01
2.03083247e-01
2.02357560e-01
2.01629996e-01
2.00900540e-01
2.00169191e-01
1.99435949e-01
1.98700830e-01
1.97963849e-01
1.97225004e-01
1.96484312e-01
1.95741773e-01
1.94997415e-01
1.94251209e-01
1.93503186e-01
1.92753330e-01
1.92001656e-01
1.91248178e-01
1.90492898e-01
1.89735845e-01
1.88976988e-01
1.88216373e-01
1.87454000e-01
1.86689839e-01
1.85923934e-01
1.85156271e-01
1.84386879e-01
1.83615759e-01
1.82842895e-01
1.82068333e-01
1.81292042e-01
1.80514067e-01
1.79734379e-01
1.78952992e-01
1.78169921e-01
1.77385181e-01
1.76598787e-01
1.75810739e-01
1.75021037e-01
1.74229696e-01
1.73436701e-01
1.72642067e-01
1.71845809e-01
1.71047941e-01
1.70248479e-01
1.69447422e-01
1.68644756e-01
1.67840511e-01
1.67034686e-01
1.66227281e-01
1.65418312e-01
1.64607793e-01
1.63795739e-01
1.62982136e-01
1.62166983e-01
1.61350325e-01
1.60532147e-01
1.59712449e-01
1.58891246e-01
1.58068553e-01
1.57244369e-01
1.56418726e-01
1.55591592e-01
1.54763013e-01
1.53932959e-01
1.53101459e-01
1.52268514e-01
1.51434153e-01
1.50598377e-01
1.49761185e-01
1.48922592e-01
1.48082584e-01
1.47241190e-01
1.46398410e-01
1.45554245e-01
1.44708723e-01
1.43861845e-01
1.43013611e-01
1.42164052e-01
1.41313136e-01
1.40460879e-01
1.39607310e-01
1.38752446e-01
1.37896270e-01
1.37038782e-01
1.36180028e-01
1.35319978e-01
1.34458661e-01
1.33596063e-01
1.32732213e-01
1.31867141e-01
1.31000802e-01
1.30133241e-01
1.29264459e-01
1.28394470e-01
1.27523258e-01
1.26650840e-01
1.25777245e-01
1.24902472e-01
1.24026529e-01
1.23149410e-01
1.22271143e-01
1.21391721e-01
1.20511167e-01
1.19629480e-01
1.18746668e-01
1.17862731e-01
1.16977692e-01
1.16091549e-01
1.15204319e-01
1.14316002e-01
1.13426603e-01
1.12536140e-01
1.11644626e-01
1.10752068e-01
1.09858461e-01
1.08963817e-01
1.08068146e-01
1.07171468e-01
1.06273778e-01
1.05375089e-01
1.04475416e-01
1.03574760e-01
1.02673128e-01
1.01770528e-01
1.00866973e-01
9.99624729e-02
9.90570337e-02
9.81506631e-02
9.72433612e-02
9.63351503e-02
9.54260379e-02
9.45160240e-02
9.36051160e-02
9.26933363e-02
9.17806849e-02
9.08671692e-02
8.99527967e-02
8.90375823e-02
8.81215334e-02
8.72046575e-02
8.62869546e-02
8.53684396e-02
8.44491199e-02
8.35290104e-02
8.26081112e-02
8.16864446e-02
8.07640105e-02
7.98408091e-02
7.89168626e-02
7.79921710e-02
7.70667493e-02
7.61405975e-02
7.52137303e-02
7.42861629e-02
7.33578950e-02
7.24289343e-02
7.14992955e-02
7.05689788e-02
6.96379989e-02
6.87063709e-02
6.77740872e-02
6.68411702e-02
6.59076273e-02
6.49734661e-02
6.40386939e-02
6.31033182e-02
6.21673465e-02
6.12307936e-02
6.02936633e-02
5.93559667e-02
5.84177114e-02
5.74789084e-02
5.65395653e-02
5.55996895e-02
5.46592921e-02
5.37183769e-02
5.27769588e-02
5.18350489e-02
5.08926474e-02
4.99497689e-02
4.90064211e-02
4.80626151e-02
4.71183546e-02
4.61736470e-02
4.52285111e-02
4.42829467e-02
4.33369689e-02
4.23905812e-02
4.14437950e-02
4.04966213e-02
3.95490676e-02
3.86011377e-02
3.76528502e-02
3.67042050e-02
3.57552208e-02
3.48058976e-02
3.38562503e-02
3.29062827e-02
3.19560021e-02
3.10054235e-02
3.00545543e-02
2.91034020e-02
2.81519759e-02
2.72002853e-02
2.62483377e-02
2.52961442e-02
2.43437123e-02
2.33910512e-02
2.24381685e-02
2.14850754e-02
2.05317810e-02
1.95782948e-02
1.86246224e-02
1.76707767e-02
1.67167634e-02
1.57625936e-02
1.48082757e-02
1.38538191e-02
1.28992321e-02
1.19445231e-02
1.09897023e-02
1.00347791e-02
9.07976087e-03
8.12465698e-03
7.16947718e-03
6.21423032e-03
5.25892479e-03
4.30356991e-03
3.34817474e-03
2.39274814e-03
1.43729919e-03
4.81836731e-04
-4.73630265e-04
-1.42909272e-03
-2.38454179e-03
-3.33996839e-03
-4.29536356e-03
-5.25071844e-03
-6.20602351e-03
-7.16126990e-03
-8.11644923e-03
-9.07155313e-03
-1.00265704e-02
-1.09814946e-02
-1.19363144e-02
-1.28910225e-02
-1.38456104e-02
-1.48000671e-02
-1.57543849e-02
-1.67085547e-02
-1.76625662e-02
-1.86164118e-02
-1.95700824e-02
-2.05235705e-02
-2.14768630e-02
-2.24299543e-02
-2.33828370e-02
-2.43354961e-02
-2.52879299e-02
-2.62401234e-02
-2.71920711e-02
-2.81437598e-02
-2.90951878e-02
-3.00463401e-02
-3.09972093e-02
-3.19477879e-02
-3.28980647e-02
-3.38480286e-02
-3.47976796e-02
-3.57470028e-02
-3.66959870e-02
-3.76446322e-02
-3.85929197e-02
-3.95408459e-02
-4.04883996e-02
-4.14355733e-02
-4.23823558e-02
-4.33287434e-02
-4.42747213e-02
-4.52202857e-02
-4.61654216e-02
-4.71101254e-02
-4.80543859e-02
-4.89981957e-02
-4.99415398e-02
-5.08844182e-02
-5.18268123e-02
-5.27687259e-02
-5.37101403e-02
-5.46510518e-02
-5.55914454e-02
-5.65313213e-02
-5.74706644e-02
-5.84094711e-02
-5.93477227e-02
-6.02854192e-02
-6.12225495e-02
-6.21591061e-02
-6.30950704e-02
-6.40304536e-02
-6.49652258e-02
-6.58993870e-02
-6.68329298e-02
-6.77658468e-02
-6.86981305e-02
-6.96297586e-02
-7.05607384e-02
-7.14910477e-02
-7.24206865e-02
-7.33496472e-02
-7.42779225e-02
-7.52054900e-02
-7.61323571e-02
-7.70585090e-02
-7.79839307e-02
-7.89086223e-02
-7.98325762e-02
-8.07557777e-02
-8.16782191e-02
-8.25998932e-02
-8.35207924e-02
-8.44409019e-02
-8.53602141e-02
-8.62787291e-02
-8.71964321e-02
-8.81133154e-02
-8.90293717e-02
-8.99445862e-02
-9.08589587e-02
-9.17724818e-02
-9.26851332e-02
-9.35969129e-02
-9.45078135e-02
-9.54178274e-02
-9.63269472e-02
-9.72351506e-02
-9.81424525e-02
-9.90488231e-02
-9.99542698e-02
-1.00858770e-01
-1.01762325e-01
-1.02664933e-01
-1.03566572e-01
-1.04467228e-01
-1.05366901e-01
-1.06265590e-01
-1.07163280e-01
-1.08059965e-01
-1.08955629e-01
-1.09850265e-01
-1.10743865e-01
-1.11636430e-01
-1.12527944e-01
-1.13418400e-01
-1.14307791e-01
-1.15196116e-01
-1.16083339e-01
-1.16969481e-01
-1.17854521e-01
-1.18738450e-01
-1.19621269e-01
-1.20502956e-01
-1.21383511e-01
-1.22262932e-01
-1.23141199e-01
-1.24018312e-01
-1.24894254e-01
-1.25769019e-01
-1.26642615e-01
-1.27515018e-01
-1.28386229e-01
-1.29256234e-01
-1.30125016e-01
-1.30992562e-01
-1.31858885e-01
-1.32723972e-01
-1.33587822e-01
-1.34450406e-01
-1.35311723e-01
-1.36171773e-01
-1.37030542e-01
-1.37888029e-01
-1.38744220e-01
-1.39599100e-01
-1.40452668e-01
-1.41304925e-01
-1.42155841e-01
-1.43005416e-01
-1.43853649e-01
-1.44700527e-01
-1.45546049e-01
-1.46390200e-01
-1.47232980e-01
-1.48074389e-01
-1.48914397e-01
-1.49753004e-01
-1.50590196e-01
-1.51425973e-01
-1.52260333e-01
-1.53093264e-01
-1.53924763e-01
-1.54754817e-01
-1.55583411e-01
-1.56410530e-01
-1.57236174e-01
-1.58060357e-01
-1.58883050e-01
-1.59704253e-01
-1.60523951e-01
-1.61342144e-01
-1.62158802e-01
-1.62973940e-01
-1.63787544e-01
-1.64599612e-01
-1.65410146e-01
-1.66219115e-01
-1.67026520e-01
-1.67832345e-01
-1.68636605e-01
-1.69439256e-01
-1.70240313e-01
-1.71039790e-01
-1.71837658e-01
-1.72633916e-01
-1.73428550e-01
-1.74221545e-01
-1.75012901e-01
-1.75802603e-01
-1.76590651e-01
-1.77377045e-01
-1.78161785e-01
-1.78944856e-01
-1.79726243e-01
-1.80505931e-01
-1.81283906e-01
-1.82060197e-01
-1.82834759e-01
-1.83607608e-01
-1.84378743e-01
-1.85148150e-01
-1.85915798e-01
-1.86681718e-01
-1.87445864e-01
-1.88208267e-01
-1.88968897e-01
-1.89727738e-01
-1.90484807e-01
-1.91240072e-01
-1.91993564e-01
-1.92745239e-01
-1.93495080e-01
-1.94243118e-01
-1.94989324e-01
-1.95733711e-01
-1.96476236e-01
-1.97216928e-01
-1.97955772e-01
-1.98692754e-01
-1.99427858e-01
-2.00161099e-01
-2.00892448e-01
-2.01621920e-01
-2.02349499e-01
-2.03075171e-01
-2.03798950e-01
-2.04520836e-01
-2.05240786e-01
-2.05958799e-01
-2.06674859e-01
-2.07388967e-01
-2.08101138e-01
-2.08811343e-01
-2.09519595e-01
-2.10225865e-01
-2.10930169e-01
-2.11632475e-01
-2.12332800e-01
-2.13031143e-01
-2.13727459e-01
-2.14421779e-01
-2.15114087e-01
-2.15804368e-01
-2.16492623e-01
-2.17178836e-01
-2.17863023e-01
-2.18545139e-01
-2.19225213e-01
-2.19903216e-01
-2.20579162e-01
-2.21253037e-01
-2.21924827e-01
-2.22594544e-01
-2.23262146e-01
-2.23927647e-01
-2.24591061e-01
-2.25252360e-01
-2.25911558e-01
-2.26568595e-01
-2.27223530e-01
-2.27876320e-01
-2.28526980e-01
-2.29175478e-01
-2.29821831e-01
-2.30466008e-01
-2.31108040e-01
-2.31747866e-01
-2.32385546e-01
-2.33021006e-01
-2.33654305e-01
-2.34285384e-01
-2.34914273e-01
-2.35540956e-01
-2.36165419e-01
-2.36787662e-01
-2.37407684e-01
-2.38025486e-01
-2.38641039e-01
-2.39254355e-01
-2.39865407e-01
-2.40474224e-01
-2.41080761e-01
-2.41685048e-01
-2.42287055e-01
-2.42886782e-01
-2.43484244e-01
-2.44079396e-01
-2.44672254e-01
-2.45262831e-01
-2.45851085e-01
-2.46437028e-01
-2.47020662e-01
-2.47601971e-01
-2.48180956e-01
-2.48757601e-01
-2.49331921e-01
-2.49903873e-01
-2.50473499e-01
-2.51040757e-01
-2.51605660e-01
-2.52168179e-01
-2.52728403e-01
-2.53286242e-01
-2.53841698e-01
-2.54394799e-01
-2.54945546e-01
-2.55493909e-01
-2.56039888e-01
-2.56583452e-01
-2.57124543e-01
-2.57663250e-01
-2.58199483e-01
-2.58733273e-01
-2.59264618e-01
-2.59793520e-01
-2.60319978e-01
-2.60843992e-01
-2.61365592e-01
-2.61884689e-01
-2.62401372e-01
-2.62915552e-01
-2.63427287e-01
-2.63936520e-01
-2.64443278e-01
-2.64947563e-01
-2.65449375e-01
-2.65948683e-01
-2.66445488e-01
-2.66939819e-01
-2.67431617e-01
-2.67920911e-01
-2.68407702e-01
-2.68891990e-01
-2.69373745e-01
-2.69852966e-01
-2.70329624e-01
-2.70803779e-01
-2.71275371e-01
-2.71744400e-01
-2.72210866e-01
-2.72674799e-01
-2.73136169e-01
-2.73594975e-01
-2.74051189e-01
-2.74504840e-01
-2.74955899e-01
-2.75404364e-01
-2.75850236e-01
-2.76293546e-01
-2.76734233e-01
-2.77172327e-01
-2.77607858e-01
-2.78040767e-01
-2.78471053e-01
-2.78898716e-01
-2.79323757e-01
-2.79746175e-01
-2.80165970e-01
-2.80583143e-01
-2.80997694e-01
-2.81409591e-01
-2.81818867e-01
-2.82225460e-01
-2.82629371e-01
-2.83030599e-01
-2.83429176e-01
-2.83825040e-01
-2.84218222e-01
-2.84608722e-01
-2.84996569e-01
-2.85381705e-01
-2.85764188e-01
-2.86143959e-01
-2.86521077e-01
-2.86895484e-01
-2.87267208e-01
-2.87636191e-01
-2.88002521e-01
-2.88366109e-01
-2.88727015e-01
-2.89085180e-01
-2.89440632e-01
-2.89793372e-01
-2.90143371e-01
-2.90490687e-01
-2.90835261e-01
-2.91177094e-01
-2.91516185e-01
-2.91852564e-01
-2.92186201e-01
-2.92517066e-01
-2.92845219e-01
-2.93170631e-01
-2.93493301e-01
-2.93813199e-01
-2.94130355e-01
-2.94444770e-01
-2.94756413e-01
-2.95065284e-01
-2.95371354e-01
-2.95674592e-01
-2.95975089e-01
-2.96272814e-01
-2.96567738e-01
-2.96859831e-01
-2.97149181e-01
-2.97435701e-01
-2.97719419e-01
-2.98000336e-01
-2.98278451e-01
-2.98553765e-01
-2.98826247e-01
-2.99095958e-01
-2.99362838e-01
-2.99626946e-01
-2.99888194e-01
-3.00146669e-01
-3.00402313e-01
-3.00655156e-01
-3.00905138e-01
-3.01152319e-01
-3.01396608e-01
-3.01638126e-01
-3.01876783e-01
-3.02112639e-01
-3.02345604e-01
-3.02575767e-01
-3.02803040e-01
-3.03027511e-01
-3.03249151e-01
-3.03467959e-01
-3.03683937e-01
-3.03897083e-01
-3.04107398e-01
-3.04314882e-01
-3.04519504e-01
-3.04721296e-01
-3.04920256e-01
-3.05116355e-01
-3.05309623e-01
-3.05500060e-01
-3.05687666e-01
-3.05872440e-01
-3.06054354e-01
-3.06233406e-01
-3.06409627e-01
-3.06582987e-01
-3.06753427e-01
-3.06920916e-01
-3.07085484e-01
-3.07247102e-01
-3.07405800e-01
-3.07561576e-01
-3.07714432e-01
-3.07864398e-01
-3.08011442e-01
-3.08155566e-01
-3.08296740e-01
-3.08434993e-01
-3.08570296e-01
-3.08702677e-01
-3.08832109e-01
-3.08958620e-01
-3.09082210e-01
-3.09202880e-01
-3.09320629e-01
-3.09435457e-01
-3.09547365e-01
-3.09656352e-01
-3.09762388e-01
-3.09865475e-01
-3.09965640e-01
-3.10062915e-01
-3.10157239e-01
-3.10248643e-01
-3.10337096e-01
-3.10422629e-01
-3.10505211e-01
-3.10584873e-01
-3.10661644e-01
-3.10735464e-01
-3.10806364e-01
-3.10874313e-01
-3.10939342e-01
-3.11001480e-01
-3.11060637e-01
-3.11116904e-01
-3.11170250e-01
-3.11220676e-01
-3.11268151e-01
-3.11312705e-01
-3.11354309e-01
-3.11392993e-01
-3.11428756e-01
-3.11461598e-01
-3.11491519e-01
-3.11518520e-01
-3.11542600e-01
-3.11563760e-01
-3.11581969e-01
-3.11597288e-01
-3.11609656e-01
-3.11619103e-01
-3.11625600e-01
-3.11629206e-01
-3.11629862e-01
-3.11627597e-01
-3.11622411e-01
-3.11614305e-01
-3.11603278e-01
-3.11589301e-01
-3.11572403e-01
-3.11552614e-01
-3.11529845e-01
-3.11504185e-01
-3.11475575e-01
-3.11444044e-01
-3.11409593e-01
-3.11372221e-01
-3.11331928e-01
-3.11288714e-01
-3.11242580e-01
-3.11193526e-01
-3.11141521e-01
-3.11086565e-01
-3.11028689e-01
-3.10967863e-01
-3.10904115e-01
-3.10837477e-01
-3.10767919e-01
-3.10695440e-01
-3.10620040e-01
-3.10541689e-01
-3.10460418e-01
-3.10376257e-01
-3.10289145e-01
-3.10199112e-01
-3.10106158e-01
-3.10010284e-01
-3.09911460e-01
-3.09809715e-01
-3.09705049e-01
-3.09597462e-01
-3.09486926e-01
-3.09373468e-01
-3.09257120e-01
-3.09137821e-01
-3.09015602e-01
-3.08890432e-01
-3.08762372e-01
-3.08631390e-01
-3.08497459e-01
-3.08360606e-01
-3.08220834e-01
-3.08078110e-01
-3.07932466e-01
-3.07783931e-01
-3.07632446e-01
-3.07478040e-01
-3.07320714e-01
-3.07160467e-01
-3.06997299e-01
-3.06831211e-01
-3.06662202e-01
-3.06490272e-01
-3.06315392e-01
-3.06137651e-01
-3.05957079e-01
-3.05773675e-01
-3.05587441e-01
-3.05398375e-01
-3.05206478e-01
-3.05011690e-01
-3.04814070e-01
-3.04613590e-01
-3.04410309e-01
-3.04204196e-01
-3.03995252e-01
-3.03783447e-01
-3.03568810e-01
-3.03351343e-01
-3.03131044e-01
-3.02907884e-01
-3.02681863e-01
-3.02453011e-01
-3.02221328e-01
-3.01986784e-01
-3.01749438e-01
-3.01509261e-01
-3.01266253e-01
-3.01020414e-01
-3.00771773e-01
-3.00520271e-01
-3.00265968e-01
-3.00008833e-01
-2.99748868e-01
-2.99486101e-01
-2.99220502e-01
-2.98952132e-01
-2.98680961e-01
-2.98406929e-01
-2.98130155e-01
-2.97850519e-01
-2.97568113e-01
-2.97282904e-01
-2.96994895e-01
-2.96704084e-01
-2.96410501e-01
-2.96114087e-01
-2.95814902e-01
-2.95512944e-01
-2.95208156e-01
-2.94900596e-01
-2.94590294e-01
-2.94277221e-01
-2.93961346e-01
-2.93642730e-01
-2.93321371e-01
-2.92997271e-01
-2.92670429e-01
-2.92340845e-01
-2.92008519e-01
-2.91673452e-01
-2.91335642e-01
-2.90995121e-01
-2.90651828e-01
-2.90305823e-01
-2.89957106e-01
-2.89605677e-01
-2.89251506e-01
-2.88894624e-01
-2.88535029e-01
-2.88172752e-01
-2.87807733e-01
-2.87440032e-01
-2.87069589e-01
-2.86696494e-01
-2.86320686e-01
-2.85942227e-01
-2.85561055e-01
-2.85177231e-01
-2.84790695e-01
-2.84401476e-01
-2.84009576e-01
-2.83614993e-01
-2.83217728e-01
-2.82817781e-01
-2.82415152e-01
-2.82009840e-01
-2.81601846e-01
-2.81191200e-01
-2.80777931e-01
-2.80362040e-01
-2.79943526e-01
-2.79522359e-01
-2.79098600e-01
-2.78672189e-01
-2.78243184e-01
-2.77811557e-01
-2.77377307e-01
-2.76940495e-01
-2.76501060e-01
-2.76059031e-01
-2.75614411e-01
-2.75167197e-01
-2.74717391e-01
-2.74264991e-01
-2.73810029e-01
-2.73352504e-01
-2.72892386e-01
-2.72429734e-01
-2.71964520e-01
-2.71496743e-01
-2.71026403e-01
-2.70553529e-01
-2.70078063e-01
-2.69600093e-01
-2.69119591e-01
-2.68636554e-01
-2.68150985e-01
-2.67662913e-01
-2.67172337e-01
-2.66679257e-01
-2.66183645e-01
-2.65685588e-01
-2.65184999e-01
-2.64681965e-01
-2.64176428e-01
-2.63668418e-01
-2.63157904e-01
-2.62644947e-01
-2.62129515e-01
-2.61611611e-01
-2.61091232e-01
-2.60568440e-01
-2.60043204e-01
-2.59515524e-01
-2.58985400e-01
-2.58452833e-01
-2.57917821e-01
-2.57380366e-01
-2.56840467e-01
-2.56298125e-01
-2.55753338e-01
-2.55206168e-01
-2.54656643e-01
-2.54104733e-01
-2.53550470e-01
-2.52993822e-01
-2.52434850e-01
-2.51873463e-01
-2.51309752e-01
-2.50743687e-01
-2.50175238e-01
-2.49604464e-01
-2.49031350e-01
-2.48455867e-01
-2.47878075e-01
-2.47297943e-01
-2.46715501e-01
-2.46130750e-01
-2.45543674e-01
-2.44954288e-01
-2.44362593e-01
-2.43768603e-01
-2.43172333e-01
-2.42573768e-01
-2.41972923e-01
-2.41369814e-01
-2.40764424e-01
-2.40156770e-01
-2.39546880e-01
-2.38934726e-01
-2.38320306e-01
-2.37703666e-01
-2.37084806e-01
-2.36463711e-01
-2.35840410e-01
-2.35214874e-01
-2.34587148e-01
-2.33957201e-01
-2.33325064e-01
-2.32690707e-01
-2.32054189e-01
-2.31415480e-01
-2.30774611e-01
-2.30131552e-01
-2.29486331e-01
-2.28838950e-01
-2.28189453e-01
-2.27537796e-01
-2.26884007e-01
-2.26228058e-01
-2.25570008e-01
-2.24909842e-01
-2.24247560e-01
-2.23583177e-01
-2.22916692e-01
-2.22248092e-01
-2.21577421e-01
-2.20904663e-01
-2.20229834e-01
-2.19552934e-01
-2.18873948e-01
-2.18192920e-01
-2.17509851e-01
-2.16824725e-01
-2.16137573e-01
-2.15448394e-01
-2.14757189e-01
-2.14063957e-01
-2.13368714e-01
-2.12671474e-01
-2.11972222e-01
-2.11271003e-01
-2.10567772e-01
-2.09862575e-01
-2.09155411e-01
-2.08446279e-01
-2.07735181e-01
-2.07022145e-01
-2.06307158e-01
-2.05590218e-01
-2.04871371e-01
-2.04150558e-01
-2.03427851e-01
-2.02703223e-01
-2.01976717e-01
-2.01248318e-01
-2.00518027e-01
-1.99785843e-01
-1.99051797e-01
-1.98315859e-01
-1.97578058e-01
-1.96838409e-01
-1.96096912e-01
-1.95353568e-01
-1.94608405e-01
-1.93861395e-01
-1.93112582e-01
-1.92361951e-01
-1.91609502e-01
-1.90855265e-01
-1.90099239e-01
-1.89341411e-01
-1.88581824e-01
-1.87820464e-01
-1.87057331e-01
-1.86292440e-01
-1.85525790e-01
-1.84757397e-01
-1.83987275e-01
-1.83215424e-01
-1.82441860e-01
-1.81666583e-01
-1.80889592e-01
-1.80110902e-01
-1.79330498e-01
-1.78548440e-01
-1.77764684e-01
-1.76979274e-01
-1.76192194e-01
-1.75403461e-01
-1.74613088e-01
-1.73821062e-01
-1.73027411e-01
-1.72232121e-01
-1.71435222e-01
-1.70636699e-01
-1.69836596e-01
-1.69034898e-01
-1.68231606e-01
-1.67426735e-01
-1.66620284e-01
-1.65812254e-01
-1.65002689e-01
-1.64191574e-01
-1.63378909e-01
-1.62564710e-01
-1.61748990e-01
-1.60931751e-01
-1.60112992e-01
-1.59292728e-01
-1.58470973e-01
-1.57647714e-01
-1.56822994e-01
-1.55996814e-01
-1.55169144e-01
-1.54340014e-01
-1.53509438e-01
-1.52677402e-01
-1.51843950e-01
-1.51009083e-01
-1.50172800e-01
-1.49335116e-01
-1.48496017e-01
-1.47655517e-01
-1.46813631e-01
-1.45970359e-01
-1.45125732e-01
-1.44279748e-01
-1.43432409e-01
-1.42583713e-01
-1.41733676e-01
-1.40882298e-01
-1.40029609e-01
-1.39175594e-01
-1.38320282e-01
-1.37463674e-01
-1.36605769e-01
-1.35746583e-01
-1.34886116e-01
-1.34024382e-01
-1.33161381e-01
-1.32297143e-01
-1.31431654e-01
-1.30564928e-01
-1.29696995e-01
-1.28827825e-01
-1.27957433e-01
-1.27085865e-01
-1.26213089e-01
-1.25339150e-01
-1.24464020e-01
-1.23587728e-01
-1.22710280e-01
-1.21831670e-01
-1.20951921e-01
-1.20071039e-01
-1.19189024e-01
-1.18305899e-01
-1.17421657e-01
-1.16536312e-01
-1.15649864e-01
-1.14762329e-01
-1.13873728e-01
-1.12984061e-01
-1.12093329e-01
-1.11201540e-01
-1.10308714e-01
-1.09414846e-01
-1.08519956e-01
-1.07624047e-01
-1.06727123e-01
-1.05829187e-01
-1.04930274e-01
-1.04030363e-01
-1.03129484e-01
-1.02227628e-01
-1.01324819e-01
-1.00421049e-01
-9.95163396e-02
-9.86106992e-02
-9.77041349e-02
-9.67966542e-02
-9.58882570e-02
-9.49789658e-02
-9.40687880e-02
-9.31577235e-02
-9.22457799e-02
-9.13329720e-02
-9.04193074e-02
-8.95047933e-02
-8.85894373e-02
-8.76732543e-02
-8.67562443e-02
-8.58384222e-02
-8.49197954e-02
-8.40003714e-02
-8.30801576e-02
-8.21591616e-02
-8.12373906e-02
-8.03148672e-02
-7.93915763e-02
-7.84675479e-02
-7.75427818e-02
-7.66172856e-02
-7.56910741e-02
-7.47641474e-02
-7.38365278e-02
-7.29082078e-02
-7.19792098e-02
-7.10495263e-02
-7.01191798e-02
-6.91881776e-02
-6.82565346e-02
-6.73242435e-02
-6.63913190e-02
-6.54577687e-02
-6.45236075e-02
-6.35888427e-02
-6.26534820e-02
-6.17175326e-02
-6.07810020e-02
-5.98439053e-02
-5.89062497e-02
-5.79680391e-02
-5.70292845e-02
-5.60899936e-02
-5.51501773e-02
-5.42098433e-02
-5.32690026e-02
-5.23276590e-02
-5.13858236e-02
-5.04435077e-02
-4.95007187e-02
-4.85574678e-02
-4.76137586e-02
-4.66696061e-02
-4.57250141e-02
-4.47799936e-02
-4.38345559e-02
-4.28887047e-02
-4.19424511e-02
-4.09958065e-02
-4.00487743e-02
-3.91013697e-02
-3.81535999e-02
-3.72054689e-02
-3.62569913e-02
-3.53081748e-02
-3.43590267e-02
-3.34095545e-02
-3.24597694e-02
-3.15096825e-02
-3.05592977e-02
-2.96086278e-02
-2.86576804e-02
-2.77064666e-02
-2.67549939e-02
-2.58032698e-02
-2.48513017e-02
-2.38991044e-02
-2.29466818e-02
-2.19940450e-02
-2.10412033e-02
-2.00881641e-02
-1.91349369e-02
-1.81815326e-02
-1.72279570e-02
-1.62742231e-02
-1.53203355e-02
-1.43663045e-02
-1.34121403e-02
-1.24578504e-02
-1.15034459e-02
-1.05489325e-02
-9.59432311e-03
-8.63962062e-03
-7.68484967e-03
-6.72997255e-03
-5.77514758e-03
-4.81990539e-03
-3.86577309e-03
-2.90791364e-03
-1.96131389e-03
-9.71814676e-04
5.96046448e-08
3.06951511e-03
