-3.06945550e-03
-0.00000000e+00
5.25784853e-04
1.03722070e-03
1.50345359e-03
1.98079809e-03
2.45442032e-03
2.92917457e-03
3.40353767e-03
3.87798483e-03
4.35236096e-03
4.82670823e-03
5.30100754e-03
5.77525934e-03
6.24945806e-03
6.72359904e-03
7.19767762e-03
7.67169008e-03
8.14563129e-03
8.61949660e-03
9.09328181e-03
9.56698321e-03
1.00405952e-02
1.05141141e-02
1.09875351e-02
1.14608537e-02
1.19340653e-02
1.24071669e-02
1.28801512e-02
1.33530172e-02
1.38257574e-02
1.42983692e-02
1.47708487e-02
1.52431894e-02
1.57153886e-02
1.61874406e-02
1.66593399e-02
1.71310864e-02
1.76026709e-02
1.80740915e-02
1.85453445e-02
1.90164242e-02
1.94873251e-02
1.99580435e-02
2.04285756e-02
2.08989177e-02
2.13690624e-02
2.18390096e-02
2.23087519e-02
2.27782838e-02
2.32476033e-02
2.37167049e-02
2.41855867e-02
2.46542394e-02
2.51226649e-02
2.55908538e-02
2.60588042e-02
2.65265089e-02
2.69939657e-02
2.74611693e-02
2.79281158e-02
2.83948015e-02
2.88612228e-02
2.93273740e-02
2.97932494e-02
3.02588474e-02
3.07241622e-02
3.11891846e-02
3.16539221e-02
3.21183577e-02
3.25824916e-02
3.30463201e-02
3.35098393e-02
3.39730494e-02
3.44359390e-02
3.48985046e-02
3.53607461e-02
3.58226523e-02
3.62842195e-02
3.67454514e-02
3.72063369e-02
3.76668721e-02
3.81270610e-02
3.85868885e-02
3.90463583e-02
3.95054556e-02
3.99641879e-02
4.04225439e-02
4.08805236e-02
4.13381159e-02
4.17953208e-02
4.22521345e-02
4.27085496e-02
4.31645699e-02
4.36201803e-02
4.40753847e-02
4.45301756e-02
4.49845493e-02
4.54384983e-02
4.58920188e-02
4.63451147e-02
4.67977747e-02
4.72499952e-02
4.77017723e-02
4.81531024e-02
4.86039817e-02
4.90544029e-02
4.95043658e-02
4.99538630e-02
5.04028946e-02
5.08514494e-02
5.12995310e-02
5.17471321e-02
5.21942414e-02
5.26408665e-02
5.30869998e-02
5.35326265e-02
5.39777577e-02
5.44223785e-02
5.48664890e-02
5.53100854e-02
5.57531640e-02
5.61957136e-02
5.66377454e-02
5.70792370e-02
5.75201958e-02
5.79606146e-02
5.84004857e-02
5.88398129e-02
5.92785887e-02
5.97168058e-02
6.01544604e-02
6.05915561e-02
6.10280782e-02
6.14640303e-02
6.18994050e-02
6.23341985e-02
6.27684072e-02
6.32020235e-02
6.36350587e-02
6.40674978e-02
6.44993410e-02
6.49305657e-02
6.53611794e-02
6.57911822e-02
6.62205741e-02
6.66493401e-02
6.70774803e-02
6.75049946e-02
6.79318756e-02
6.83581084e-02
6.87837079e-02
6.92086592e-02
6.96329623e-02
7.00566173e-02
7.04796091e-02
7.09019452e-02
7.13236108e-02
7.17446133e-02
7.21649304e-02
7.25845844e-02
7.30035454e-02
7.34218210e-02
7.38394111e-02
7.42563084e-02
7.46724978e-02
7.50880018e-02
7.55027905e-02
7.59168789e-02
7.63302520e-02
7.67429173e-02
7.71548599e-02
7.75660798e-02
7.79765621e-02
7.83863142e-02
7.87953287e-02
7.92036057e-02
7.96111375e-02
8.00179243e-02
8.04239661e-02
8.08292404e-02
8.12337622e-02
8.16375166e-02
8.20405111e-02
8.24427307e-02
8.28441754e-02
8.32448453e-02
8.36447328e-02
8.40438232e-02
8.44421312e-02
8.48396420e-02
8.52363631e-02
8.56322721e-02
8.60273913e-02
8.64216983e-02
8.68151933e-02
8.72078687e-02
8.75997320e-02
8.79907683e-02
8.83809775e-02
8.87703598e-02
8.91589075e-02
8.95466208e-02
8.99334922e-02
9.03195143e-02
9.07046944e-02
9.10890177e-02
9.14724842e-02
9.18551013e-02
9.22368467e-02
9.26177353e-02
9.29977596e-02
9.33769047e-02
9.37551633e-02
9.41325501e-02
9.45090503e-02
9.48846638e-02
9.52593833e-02
9.56332088e-02
9.60061401e-02
9.63781700e-02
9.67492908e-02
9.71195027e-02
9.74888057e-02
9.78571922e-02
9.82246548e-02
9.85912010e-02
9.89568159e-02
9.93215144e-02
9.96852741e-02
1.00048102e-01
1.00409992e-01
1.00770928e-01
1.01130925e-01
1.01489976e-01
1.01848073e-01
1.02205224e-01
1.02561414e-01
1.02916643e-01
1.03270896e-01
1.03624165e-01
1.03976458e-01
1.04327783e-01
1.04678124e-01
1.05027482e-01
1.05375849e-01
1.05723232e-01
1.06069632e-01
1.06415018e-01
1.06759422e-01
1.07102811e-01
1.07445188e-01
1.07786566e-01
1.08126938e-01
1.08466290e-01
1.08804621e-01
1.09141931e-01
1.09478213e-01
1.09813474e-01
1.10147692e-01
1.10480882e-01
1.10813029e-01
1.11144140e-01
1.11474209e-01
1.11803234e-01
1.12131208e-01
1.12458132e-01
1.12783998e-01
1.13108806e-01
1.13432541e-01
1.13755219e-01
1.14076823e-01
1.14397362e-01
1.14716820e-01
1.15035199e-01
1.15352504e-01
1.15668721e-01
1.15983851e-01
1.16297893e-01
1.16610840e-01
1.16922691e-01
1.17233440e-01
1.17543094e-01
1.17851645e-01
1.18159078e-01
1.18465409e-01
1.18770622e-01
1.19074732e-01
1.19377717e-01
1.19679585e-01
1.19980320e-01
1.20279938e-01
1.20578423e-01
1.20875783e-01
1.21171996e-01
1.21467076e-01
1.21761009e-01
1.22053802e-01
1.22345440e-01
1.22635938e-01
1.22925282e-01
1.23213463e-01
1.23500496e-01
1.23786367e-01
1.24071084e-01
1.24354616e-01
1.24636993e-01
1.24918200e-01
1.25198230e-01
1.25477090e-01
1.25754789e-01
1.26031294e-01
1.26306623e-01
1.26580775e-01
1.26853719e-01
1.27125502e-01
1.27396107e-01
1.27665520e-01
1.27933741e-01
1.28200740e-01
1.28466547e-01
1.28731132e-01
1.28994495e-01
1.29256636e-01
1.29517555e-01
1.29777253e-01
1.30035743e-01
1.30293012e-01
1.30549043e-01
1.30803868e-01
1.31057441e-01
1.31309807e-01
1.31560922e-01
1.31810814e-01
1.32059455e-01
1.32306859e-01
1.32553026e-01
1.32797942e-01
1.33041620e-01
1.33284047e-01
1.33525237e-01
1.33765176e-01
1.34003848e-01
1.34241268e-01
1.34477437e-01
1.34712338e-01
1.34945974e-01
1.35178328e-01
1.35409430e-01
1.35639235e-01
1.35867789e-01
1.36095062e-01
1.36321068e-01
1.36545777e-01
1.36769220e-01
1.36991382e-01
1.37212247e-01
1.37431815e-01
1.37650102e-01
1.37867078e-01
1.38082772e-01
1.38297155e-01
1.38510257e-01
1.38722032e-01
1.38932541e-01
1.39141724e-01
1.39349610e-01
1.39556170e-01
1.39761418e-01
1.39965370e-01
1.40167996e-01
1.40369326e-01
1.40569329e-01
1.40768021e-01
1.40965402e-01
1.41161442e-01
1.41356140e-01
1.41549498e-01
1.41741514e-01
1.41932189e-01
1.42121524e-01
1.42309517e-01
1.42496169e-01
1.42681479e-01
1.42865464e-01
1.43048108e-01
1.43229395e-01
1.43409356e-01
1.43587962e-01
1.43765211e-01
1.43941104e-01
1.44115657e-01
1.44288838e-01
1.44460693e-01
1.44631177e-01
1.44800305e-01
1.44968063e-01
1.45134479e-01
1.45299509e-01
1.45463184e-01
1.45625502e-01
1.45786434e-01
1.45946011e-01
1.46104217e-01
1.46261066e-01
1.46416545e-01
1.46570638e-01
1.46723375e-01
1.46874741e-01
1.47024721e-01
1.47173330e-01
1.47320569e-01
1.47466406e-01
1.47610858e-01
1.47753909e-01
1.47895589e-01
1.48035884e-01
1.48174763e-01
1.48312256e-01
1.48448348e-01
1.48583040e-01
1.48716331e-01
1.48848221e-01
1.48978710e-01
1.49107814e-01
1.49235502e-01
1.49361774e-01
1.49486676e-01
1.49610162e-01
1.49732262e-01
1.49852946e-01
1.49972215e-01
1.50090098e-01
1.50206551e-01
1.50321603e-01
1.50435254e-01
1.50547475e-01
1.50658295e-01
1.50767684e-01
1.50875673e-01
1.50982246e-01
1.51087403e-01
1.51191160e-01
1.51293471e-01
1.51394382e-01
1.51493877e-01
1.51591957e-01
1.51688606e-01
1.51783854e-01
1.51877671e-01
1.51970088e-01
1.52061075e-01
1.52150646e-01
1.52238801e-01
1.52325541e-01
1.52410850e-01
1.52494743e-01
1.52577206e-01
1.52658254e-01
1.52737886e-01
1.52816102e-01
1.52892902e-01
1.52968258e-01
1.53042197e-01
1.53114721e-01
1.53185830e-01
1.53255507e-01
1.53323755e-01
1.53390586e-01
1.53455973e-01
1.53519914e-01
1.53582409e-01
1.53643429e-01
1.53702989e-01
1.53761089e-01
1.53817728e-01
1.53872907e-01
1.53926626e-01
1.53978884e-01
1.54029682e-01
1.54079005e-01
1.54126853e-01
1.54173240e-01
1.54218182e-01
1.54261664e-01
1.54303685e-01
1.54344231e-01
1.54383317e-01
1.54420927e-01
1.54457077e-01
1.54491752e-01
1.54524967e-01
1.54556721e-01
1.54587016e-01
1.54615864e-01
1.54643252e-01
1.54669181e-01
1.54693633e-01
1.54716626e-01
1.54738143e-01
1.54758200e-01
1.54776782e-01
1.54793903e-01
1.54809579e-01
1.54823795e-01
1.54836550e-01
1.54847845e-01
1.54857665e-01
1.54866025e-01
1.54872939e-01
1.54878378e-01
1.54882357e-01
1.54884860e-01
1.54885918e-01
1.54885516e-01
1.54883638e-01
1.54880300e-01
1.54875502e-01
1.54869229e-01
1.54861495e-01
1.54852316e-01
1.54841661e-01
1.54829547e-01
1.54815957e-01
1.54800922e-01
1.54784426e-01
1.54766455e-01
1.54747024e-01
1.54726133e-01
1.54703766e-01
1.54679939e-01
1.54654667e-01
1.54627919e-01
1.54599711e-01
1.54570028e-01
1.54538900e-01
1.54506311e-01
1.54472247e-01
1.54436722e-01
1.54399738e-01
1.54361278e-01
1.54321358e-01
1.54279992e-01
1.54237151e-01
1.54192850e-01
1.54147074e-01
1.54099852e-01
1.54051170e-01
1.54001012e-01
1.53949395e-01
1.53896317e-01
1.53841764e-01
1.53785750e-01
1.53728291e-01
1.53669357e-01
1.53608963e-01
1.53547108e-01
1.53483793e-01
1.53419018e-01
1.53352782e-01
1.53285131e-01
1.53216064e-01
1.53145567e-01
1.53073654e-01
1.53000310e-01
1.52925551e-01
1.52849376e-01
1.52771786e-01
1.52692780e-01
1.52612343e-01
1.52530476e-01
1.52447194e-01
1.52362496e-01
1.52276367e-01
1.52188823e-01
1.52099878e-01
1.52009502e-01
1.51917726e-01
1.51824519e-01
1.51729897e-01
1.51633859e-01
1.51536405e-01
1.51437521e-01
1.51337221e-01
1.51235521e-01
1.51132390e-01
1.51027858e-01
1.50921896e-01
1.50814518e-01
1.50705725e-01
1.50595531e-01
1.50483906e-01
1.50370881e-01
1.50256425e-01
1.50140584e-01
1.50023311e-01
1.49904624e-01
1.49784535e-01
1.49663046e-01
1.49540156e-01
1.49415851e-01
1.49290159e-01
1.49163052e-01
1.49034575e-01
1.48904681e-01
1.48773387e-01
1.48640692e-01
1.48506597e-01
1.48371100e-01
1.48234203e-01
1.48095921e-01
1.47956237e-01
1.47815153e-01
1.47672683e-01
1.47528812e-01
1.47383556e-01
1.47236913e-01
1.47088885e-01
1.46939486e-01
1.46788716e-01
1.46636561e-01
1.46483034e-01
1.46328151e-01
1.46171898e-01
1.46014258e-01
1.45855263e-01
1.45694882e-01
1.45533144e-01
1.45370036e-01
1.45205557e-01
1.45039737e-01
1.44872546e-01
1.44703999e-01
1.44534096e-01
1.44362822e-01
1.44190207e-01
1.44016236e-01
1.43840909e-01
1.43664226e-01
1.43486202e-01
1.43306822e-01
1.43126085e-01
1.42944023e-01
1.42760605e-01
1.42575860e-01
1.42389774e-01
1.42202348e-01
1.42013580e-01
1.41823471e-01
1.41632020e-01
1.41439229e-01
1.41245097e-01
1.41049623e-01
1.40852809e-01
1.40654653e-01
1.40455186e-01
1.40254408e-01
1.40052319e-01
1.39848918e-01
1.39644206e-01
1.39438182e-01
1.39230847e-01
1.39022201e-01
1.38812259e-01
1.38601005e-01
1.38388455e-01
1.38174593e-01
1.37959450e-01
1.37742996e-01
1.37525246e-01
1.37306213e-01
1.37085870e-01
1.36864260e-01
1.36641353e-01
1.36417180e-01
1.36191711e-01
1.35964945e-01
1.35736927e-01
1.35507628e-01
1.35277063e-01
1.35045215e-01
1.34812087e-01
1.34577692e-01
1.34342030e-01
1.34105116e-01
1.33866936e-01
1.33627519e-01
1.33386835e-01
1.33144900e-01
1.32901728e-01
1.32657304e-01
1.32411644e-01
1.32164732e-01
1.31916583e-01
1.31667197e-01
1.31416559e-01
1.31164700e-01
1.30911604e-01
1.30657285e-01
1.30401745e-01
1.30144969e-01
1.29886985e-01
1.29627764e-01
1.29367337e-01
1.29105672e-01
1.28842786e-01
1.28578678e-01
1.28313363e-01
1.28046811e-01
1.27779067e-01
1.27510116e-01
1.27239972e-01
1.26968652e-01
1.26696154e-01
1.26422480e-01
1.26147613e-01
1.25871569e-01
1.25594348e-01
1.25315949e-01
1.25036374e-01
1.24755614e-01
1.24473691e-01
1.24190591e-01
1.23906329e-01
1.23620912e-01
1.23334326e-01
1.23046577e-01
1.22757681e-01
1.22467630e-01
1.22176424e-01
1.21884070e-01
1.21590562e-01
1.21295922e-01
1.21000141e-01
1.20703220e-01
1.20405175e-01
1.20105989e-01
1.19805671e-01
1.19504236e-01
1.19201668e-01
1.18897982e-01
1.18593179e-01
1.18287258e-01
1.17980227e-01
1.17672093e-01
1.17362849e-01
1.17052510e-01
1.16741061e-01
1.16428524e-01
1.16114885e-01
1.15800157e-01
1.15484335e-01
1.15167424e-01
1.14849433e-01
1.14530377e-01
1.14210233e-01
1.13889016e-01
1.13566734e-01
1.13243386e-01
1.12918973e-01
1.12593494e-01
1.12266965e-01
1.11939378e-01
1.11610740e-01
1.11281060e-01
1.10950321e-01
1.10618539e-01
1.10285722e-01
1.09951861e-01
1.09616980e-01
1.09281056e-01
1.08944118e-01
1.08606145e-01
1.08267151e-01
1.07927144e-01
1.07586123e-01
1.07244082e-01
1.06901042e-01
1.06557004e-01
1.06211960e-01
1.05865918e-01
1.05518878e-01
1.05170846e-01
1.04821831e-01
1.04471825e-01
1.04120836e-01
1.03768878e-01
1.03415929e-01
1.03062011e-01
1.02707125e-01
1.02351263e-01
1.01994440e-01
1.01636656e-01
1.01277925e-01
1.00918248e-01
1.00557618e-01
1.00196064e-01
9.98335630e-02
9.94701162e-02
9.91057307e-02
9.87404138e-02
9.83741730e-02
9.80070159e-02
9.76389274e-02
9.72699299e-02
9.69000086e-02
9.65291858e-02
9.61574465e-02
9.57848057e-02
9.54112709e-02
9.50368345e-02
9.46615115e-02
9.42852944e-02
9.39081907e-02
9.35302153e-02
9.31513533e-02
9.27716121e-02
9.23909917e-02
9.20095071e-02
9.16271657e-02
9.12439600e-02
9.08598974e-02
9.04749781e-02
9.00892094e-02
8.97025913e-02
8.93151313e-02
8.89268294e-02
8.85377005e-02
8.81477296e-02
8.77569467e-02
8.73653293e-02
8.69728997e-02
8.65796432e-02
8.61855745e-02
8.57906938e-02
8.53950083e-02
8.49985182e-02
8.46012384e-02
8.42031538e-02
8.38042870e-02
8.34046304e-02
8.30041841e-02
8.26029629e-02
8.22009593e-02
8.17981884e-02
8.13946426e-02
8.09903443e-02
8.05852786e-02
8.01794454e-02
7.97728747e-02
7.93655440e-02
7.89574683e-02
7.85486549e-02
7.81391039e-02
7.77288154e-02
7.73177966e-02
7.69060403e-02
7.64935613e-02
7.60803744e-02
7.56664649e-02
7.52518550e-02
7.48365372e-02
7.44205117e-02
7.40037858e-02
7.35863671e-02
7.31682554e-02
7.27494583e-02
7.23299757e-02
7.19098076e-02
7.14889765e-02
7.10674673e-02
7.06452951e-02
7.02224523e-02
6.97989538e-02
6.93747923e-02
6.89499825e-02
6.85245320e-02
6.80984259e-02
6.76716864e-02
6.72443062e-02
6.68162927e-02
6.63876534e-02
6.59583956e-02
6.55285120e-02
6.50980100e-02
6.46668971e-02
6.42351806e-02
6.38028607e-02
6.33699372e-02
6.29364178e-02
6.25023097e-02
6.20676205e-02
6.16323426e-02
6.11964874e-02
6.07600622e-02
6.03230633e-02
5.98854944e-02
5.94473630e-02
5.90086728e-02
5.85694313e-02
5.81296384e-02
5.76892979e-02
5.72484136e-02
5.68069927e-02
5.63650392e-02
5.59225567e-02
5.54795414e-02
5.50360121e-02
5.45919612e-02
5.41473962e-02
5.37023246e-02
5.32567464e-02
5.28106689e-02
5.23640998e-02
5.19170351e-02
5.14694788e-02
5.10214418e-02
5.05729243e-02
5.01239337e-02
4.96744700e-02
4.92245406e-02
4.87741493e-02
4.83232997e-02
4.78719920e-02
4.74202372e-02
4.69680391e-02
4.65153977e-02
4.60623167e-02
4.56088036e-02
4.51548621e-02
4.47004959e-02
4.42457125e-02
4.37905155e-02
4.33349013e-02
4.28788848e-02
4.24224585e-02
4.19656374e-02
4.15084213e-02
4.10508141e-02
4.05928232e-02
4.01344486e-02
3.96756977e-02
3.92165743e-02
3.87570821e-02
3.82972285e-02
3.78370136e-02
3.73764411e-02
3.69155183e-02
3.64542492e-02
3.59926373e-02
3.55306864e-02
3.50684002e-02
3.46057862e-02
3.41428481e-02
3.36795859e-02
3.32160108e-02
3.27521227e-02
3.22879255e-02
3.18234228e-02
3.13586220e-02
3.08935288e-02
3.04281469e-02
2.99624763e-02
2.94965245e-02
2.90302951e-02
2.85637919e-02
2.80970223e-02
2.76299883e-02
2.71626953e-02
2.66951453e-02
2.62273457e-02
2.57592965e-02
2.52910070e-02
2.48224810e-02
2.43537202e-02
2.38847304e-02
2.34155171e-02
2.29460839e-02
2.24764366e-02
2.20065750e-02
2.15365086e-02
2.10662391e-02
2.05957722e-02
2.01251116e-02
1.96542609e-02
1.91832278e-02
1.87120140e-02
1.82406250e-02
1.77690610e-02
1.72973331e-02
1.68254431e-02
1.63533930e-02
1.58811901e-02
1.54088382e-02
1.49363419e-02
1.44637050e-02
1.39909312e-02
1.35180270e-02
1.30449953e-02
1.25718405e-02
1.20985676e-02
1.16251819e-02
1.11516863e-02
1.06780864e-02
1.02043860e-02
9.73058958e-03
9.25670192e-03
8.78272671e-03
8.30866955e-03
7.83453509e-03
7.36032659e-03
6.88604871e-03
6.41170610e-03
5.93730388e-03
5.46284532e-03
4.98833554e-03
4.51377919e-03
4.03918000e-03
3.56454286e-03
3.08987219e-03
2.61517265e-03
2.14044843e-03
1.66570407e-03
1.19094399e-03
7.16172857e-04
2.41394999e-04
-2.33385086e-04
-7.08162901e-04
-1.18293404e-03
-1.65769400e-03
-2.13243836e-03
-2.60716234e-03
-3.08186212e-03
-3.55653255e-03
-4.03116969e-03
-4.50576842e-03
-4.98032523e-03
-5.45483502e-03
-5.92929358e-03
-6.40369626e-03
-6.87803887e-03
-7.35231722e-03
-7.82652572e-03
-8.30066111e-03
-8.77471827e-03
-9.24869347e-03
-9.72258113e-03
-1.01963775e-02
-1.06700789e-02
-1.11436788e-02
-1.16171753e-02
-1.20905619e-02
-1.25638349e-02
-1.30369896e-02
-1.35100223e-02
-1.39829274e-02
-1.44557022e-02
-1.49283400e-02
-1.54008372e-02
-1.58731900e-02
-1.63453948e-02
-1.68174449e-02
-1.72893368e-02
-1.77610666e-02
-1.82326287e-02
-1.87040195e-02
-1.91752352e-02
-1.96462702e-02
-2.01171190e-02
-2.05877796e-02
-2.10582484e-02
-2.15285160e-02
-2.19985824e-02
-2.24684440e-02
-2.29380932e-02
-2.34075263e-02
-2.38767415e-02
-2.43457314e-02
-2.48144921e-02
-2.52830181e-02
-2.57513076e-02
-2.62193531e-02
-2.66871527e-02
-2.71547008e-02
-2.76219957e-02
-2.80890297e-02
-2.85557993e-02
-2.90223025e-02
-2.94885319e-02
-2.99544819e-02
-3.04201525e-02
-3.08855381e-02
-3.13506313e-02
-3.18154320e-02
-3.22799310e-02
-3.27441320e-02
-3.32080238e-02
-3.36716026e-02
-3.41348648e-02
-3.45978029e-02
-3.50604169e-02
-3.55227031e-02
-3.59846540e-02
-3.64462696e-02
-3.69075388e-02
-3.73684615e-02
-3.78290303e-02
-3.82892489e-02
-3.87491062e-02
-3.92085984e-02
-3.96677256e-02
-4.01264764e-02
-4.05848473e-02
-4.10428382e-02
-4.15004455e-02
-4.19576615e-02
-4.24144827e-02
-4.28709090e-02
-4.33269292e-02
-4.37825434e-02
-4.42377441e-02
-4.46925312e-02
-4.51468974e-02
-4.56008390e-02
-4.60543521e-02
-4.65074293e-02
-4.69600707e-02
-4.74122725e-02
-4.78640273e-02
-4.83153313e-02
-4.87661846e-02
-4.92165759e-02
-4.96665053e-02
-5.01159690e-02
-5.05649596e-02
-5.10134809e-02
-5.14615215e-02
-5.19090742e-02
-5.23561426e-02
-5.28027155e-02
-5.32487966e-02
-5.36943711e-02
-5.41394427e-02
-5.45840040e-02
-5.50280549e-02
-5.54715879e-02
-5.59145994e-02
-5.63570857e-02
-5.67990430e-02
-5.72404675e-02
-5.76813519e-02
-5.81216961e-02
-5.85614927e-02
-5.90007380e-02
-5.94394282e-02
-5.98775595e-02
-6.03151247e-02
-6.07521310e-02
-6.11885637e-02
-6.16244189e-02
-6.20596968e-02
-6.24943897e-02
-6.29284978e-02
-6.33620098e-02
-6.37949333e-02
-6.42272606e-02
-6.46589845e-02
-6.50900975e-02
-6.55205846e-02
-6.59504682e-02
-6.63797334e-02
-6.68083802e-02
-6.72364011e-02
-6.76637813e-02
-6.80905282e-02
-6.85166270e-02
-6.89420924e-02
-6.93669096e-02
-6.97910786e-02
-7.02145845e-02
-7.06374273e-02
-7.10596144e-02
-7.14811310e-02
-7.19019696e-02
-7.23221377e-02
-7.27416202e-02
-7.31604248e-02
-7.35785440e-02
-7.39959702e-02
-7.44126961e-02
-7.48287216e-02
-7.52440542e-02
-7.56586641e-02
-7.60725737e-02
-7.64857754e-02
-7.68982619e-02
-7.73100182e-02
-7.77210444e-02
-7.81313330e-02
-7.85408914e-02
-7.89497048e-02
-7.93577880e-02
-7.97651187e-02
-8.01717043e-02
-8.05775374e-02
-8.09826106e-02
-8.13869238e-02
-8.17904621e-02
-8.21932480e-02
-8.25952515e-02
-8.29964802e-02
-8.33969340e-02
-8.37966055e-02
-8.41954798e-02
-8.45935717e-02
-8.49908590e-02
-8.53873491e-02
-8.57830420e-02
-8.61779228e-02
-8.65719989e-02
-8.69652554e-02
-8.73576999e-02
-8.77493173e-02
-8.81401151e-02
-8.85300785e-02
-8.89192149e-02
-8.93075243e-02
-8.96949917e-02
-9.00816098e-02
-9.04673859e-02
-9.08523053e-02
-9.12363678e-02
-9.16195810e-02
-9.20019299e-02
-9.23834145e-02
-9.27640274e-02
-9.31437761e-02
-9.35226455e-02
-9.39006358e-02
-9.42777395e-02
-9.46539566e-02
-9.50292870e-02
-9.54037234e-02
-9.57772657e-02
-9.61499140e-02
-9.65216532e-02
-9.68924761e-02
-9.72623974e-02
-9.76314023e-02
-9.79994908e-02
-9.83666554e-02
-9.87329036e-02
-9.90982205e-02
-9.94626060e-02
-9.98260528e-02
-1.00188568e-01
-1.00550130e-01
-1.00910768e-01
-1.01270437e-01
-1.01629168e-01
-1.01986952e-01
-1.02343775e-01
-1.02699637e-01
-1.03054531e-01
-1.03408456e-01
-1.03761405e-01
-1.04113378e-01
-1.04464367e-01
-1.04814373e-01
-1.05163395e-01
-1.05511434e-01
-1.05858482e-01
-1.06204525e-01
-1.06549583e-01
-1.06893636e-01
-1.07236683e-01
-1.07578717e-01
-1.07919745e-01
-1.08259760e-01
-1.08598754e-01
-1.08936727e-01
-1.09273680e-01
-1.09609604e-01
-1.09944493e-01
-1.10278361e-01
-1.10611178e-01
-1.10942960e-01
-1.11273706e-01
-1.11603394e-01
-1.11932039e-01
-1.12259634e-01
-1.12586170e-01
-1.12911656e-01
-1.13236070e-01
-1.13559425e-01
-1.13881707e-01
-1.14202932e-01
-1.14523076e-01
-1.14842139e-01
-1.15160137e-01
-1.15477048e-01
-1.15792871e-01
-1.16107598e-01
-1.16421238e-01
-1.16733789e-01
-1.17045239e-01
-1.17355578e-01
-1.17664821e-01
-1.17972970e-01
-1.18280001e-01
-1.18585922e-01
-1.18890733e-01
-1.19194426e-01
-1.19496994e-01
-1.19798429e-01
-1.20098747e-01
-1.20397940e-01
-1.20696001e-01
-1.20992921e-01
-1.21288709e-01
-1.21583357e-01
-1.21876858e-01
-1.22169226e-01
-1.22460440e-01
-1.22750498e-01
-1.23039410e-01
-1.23327151e-01
-1.23613745e-01
-1.23899169e-01
-1.24183446e-01
-1.24466546e-01
-1.24748476e-01
-1.25029236e-01
-1.25308812e-01
-1.25587225e-01
-1.25864446e-01
-1.26140505e-01
-1.26415372e-01
-1.26689047e-01
-1.26961559e-01
-1.27232909e-01
-1.27503052e-01
-1.27772003e-01
-1.28039747e-01
-1.28306299e-01
-1.28571630e-01
-1.28835738e-01
-1.29098639e-01
-1.29360303e-01
-1.29620761e-01
-1.29879981e-01
-1.30137995e-01
-1.30394787e-01
-1.30650342e-01
-1.30904675e-01
-1.31157786e-01
-1.31409660e-01
-1.31660298e-01
-1.31909698e-01
-1.32157862e-01
-1.32404789e-01
-1.32650465e-01
-1.32894903e-01
-1.33138090e-01
-1.33380041e-01
-1.33620724e-01
-1.33860171e-01
-1.34098351e-01
-1.34335294e-01
-1.34570971e-01
-1.34805366e-01
-1.35038510e-01
-1.35270372e-01
-1.35500968e-01
-1.35730281e-01
-1.35958314e-01
-1.36185080e-01
-1.36410564e-01
-1.36634767e-01
-1.36857674e-01
-1.37079313e-01
-1.37299672e-01
-1.37518704e-01
-1.37736470e-01
-1.37952924e-01
-1.38168097e-01
-1.38381988e-01
-1.38594553e-01
-1.38805822e-01
-1.39015794e-01
-1.39224440e-01
-1.39431804e-01
-1.39637843e-01
-1.39842585e-01
-1.40046000e-01
-1.40248120e-01
-1.40448928e-01
-1.40648410e-01
-1.40846580e-01
-1.41043410e-01
-1.41238898e-01
-1.41433060e-01
-1.41625866e-01
-1.41817346e-01
-1.42007470e-01
-1.42196268e-01
-1.42383710e-01
-1.42569825e-01
-1.42754599e-01
-1.42938033e-01
-1.43120110e-01
-1.43300846e-01
-1.43480256e-01
-1.43658310e-01
-1.43835008e-01
-1.44010365e-01
-1.44184366e-01
-1.44357011e-01
-1.44528285e-01
-1.44698218e-01
-1.44866794e-01
-1.45034015e-01
-1.45199865e-01
-1.45364359e-01
-1.45527482e-01
-1.45689234e-01
-1.45849615e-01
-1.46008626e-01
-1.46166265e-01
-1.46322548e-01
-1.46477461e-01
-1.46631002e-01
-1.46783173e-01
-1.46933958e-01
-1.47083372e-01
-1.47231415e-01
-1.47378072e-01
-1.47523344e-01
-1.47667229e-01
-1.47809744e-01
-1.47950843e-01
-1.48090556e-01
-1.48228869e-01
-1.48365781e-01
-1.48501292e-01
-1.48635417e-01
-1.48768127e-01
-1.48899451e-01
-1.49029374e-01
-1.49157882e-01
-1.49284989e-01
-1.49410710e-01
-1.49535015e-01
-1.49657935e-01
-1.49779439e-01
-1.49899557e-01
-1.50018245e-01
-1.50135532e-01
-1.50251403e-01
-1.50365889e-01
-1.50478944e-01
-1.50590599e-01
-1.50700822e-01
-1.50809646e-01
-1.50917038e-01
-1.51023030e-01
-1.51127592e-01
-1.51230738e-01
-1.51332468e-01
-1.51432797e-01
-1.51531696e-01
-1.51629195e-01
-1.51725262e-01
-1.51819915e-01
-1.51913136e-01
-1.52004957e-01
-1.52095333e-01
-1.52184308e-01
-1.52271852e-01
-1.52357996e-01
-1.52442709e-01
-1.52526021e-01
-1.52607903e-01
-1.52688384e-01
-1.52767420e-01
-1.52845025e-01
-1.52921215e-01
-1.52995989e-01
-1.53069347e-01
-1.53141290e-01
-1.53211787e-01
-1.53280869e-01
-1.53348535e-01
-1.53414786e-01
-1.53479591e-01
-1.53542936e-01
-1.53604820e-01
-1.53665230e-01
-1.53724164e-01
-1.53781638e-01
-1.53837666e-01
-1.53892234e-01
-1.53945342e-01
-1.53996974e-01
-1.54047146e-01
-1.54095843e-01
-1.54143080e-01
-1.54188842e-01
-1.54233143e-01
-1.54275984e-01
-1.54317364e-01
-1.54357299e-01
-1.54395774e-01
-1.54432788e-01
-1.54468328e-01
-1.54502407e-01
-1.54535010e-01
-1.54566154e-01
-1.54595822e-01
-1.54624030e-01
-1.54650778e-01
-1.54676065e-01
-1.54699907e-01
-1.54722288e-01
-1.54743209e-01
-1.54762655e-01
-1.54780641e-01
-1.54797152e-01
-1.54812202e-01
-1.54825777e-01
-1.54837891e-01
-1.54848546e-01
-1.54857740e-01
-1.54865488e-01
-1.54871777e-01
-1.54876605e-01
-1.54879957e-01
-1.54881850e-01
-1.54882267e-01
-1.54881224e-01
-1.54878706e-01
-1.54874727e-01
-1.54869303e-01
-1.54862419e-01
-1.54854074e-01
-1.54844269e-01
-1.54832989e-01
-1.54820248e-01
-1.54806063e-01
-1.54790401e-01
-1.54773280e-01
-1.54754683e-01
-1.54734641e-01
-1.54713139e-01
-1.54690161e-01
-1.54665723e-01
-1.54639825e-01
-1.54612452e-01
-1.54583618e-01
-1.54553339e-01
-1.54521585e-01
-1.54488370e-01
-1.54453680e-01
-1.54417545e-01
-1.54379949e-01
-1.54340878e-01
-1.54300347e-01
-1.54258355e-01
-1.54214889e-01
-1.54169962e-01
-1.54123589e-01
-1.54075742e-01
-1.54026434e-01
-1.53975651e-01
-1.53923422e-01
-1.53869733e-01
-1.53814569e-01
-1.53757945e-01
-1.53699860e-01
-1.53640300e-01
-1.53579280e-01
-1.53516814e-01
-1.53452873e-01
-1.53387487e-01
-1.53320655e-01
-1.53252393e-01
-1.53182700e-01
-1.53111607e-01
-1.53039083e-01
-1.52965158e-01
-1.52889788e-01
-1.52813017e-01
-1.52734831e-01
-1.52655214e-01
-1.52574182e-01
-1.52491733e-01
-1.52407855e-01
-1.52322561e-01
-1.52235836e-01
-1.52147710e-01
-1.52058154e-01
-1.51967198e-01
-1.51874825e-01
-1.51781037e-01
-1.51685834e-01
-1.51589200e-01
-1.51491150e-01
-1.51391670e-01
-1.51290789e-01
-1.51188478e-01
-1.51084751e-01
-1.50979623e-01
-1.50873050e-01
-1.50765076e-01
-1.50655687e-01
-1.50544897e-01
-1.50432676e-01
-1.50319040e-01
-1.50204018e-01
-1.50087565e-01
-1.49969712e-01
-1.49850443e-01
-1.49729759e-01
-1.49607688e-01
-1.49484217e-01
-1.49359331e-01
-1.49233043e-01
-1.49105370e-01
-1.48976281e-01
-1.48845807e-01
-1.48713917e-01
-1.48580641e-01
-1.48445949e-01
-1.48309872e-01
-1.48172393e-01
-1.48033530e-01
-1.47893250e-01
-1.47751585e-01
-1.47608534e-01
-1.47464082e-01
-1.47318259e-01
-1.47171035e-01
-1.47022441e-01
-1.46872461e-01
-1.46721110e-01
-1.46568388e-01
-1.46414310e-01
-1.46258846e-01
-1.46102011e-01
-1.45943806e-01
-1.45784244e-01
-1.45623311e-01
-1.45460993e-01
-1.45297334e-01
-1.45132303e-01
-1.44965902e-01
-1.44798145e-01
-1.44629017e-01
-1.44458562e-01
-1.44286722e-01
-1.44113541e-01
-1.43939018e-01
-1.43763125e-01
-1.43585876e-01
-1.43407285e-01
-1.43227354e-01
-1.43046066e-01
-1.42863452e-01
-1.42679498e-01
-1.42494187e-01
-1.42307550e-01
-1.42119572e-01
-1.41930252e-01
-1.41739592e-01
-1.41547576e-01
-1.41354233e-01
-1.41159549e-01
-1.40963525e-01
-1.40766174e-01
-1.40567482e-01
-1.40367478e-01
-1.40166163e-01
-1.39963537e-01
-1.39759600e-01
-1.39554352e-01
-1.39347792e-01
-1.39139920e-01
-1.38930738e-01
-1.38720259e-01
-1.38508484e-01
-1.38295412e-01
-1.38081044e-01
-1.37865365e-01
-1.37648404e-01
-1.37430146e-01
-1.37210608e-01
-1.36989757e-01
-1.36767641e-01
-1.36544198e-01
-1.36319488e-01
-1.36093482e-01
-1.35866225e-01
-1.35637686e-01
-1.35407865e-01
-1.35176778e-01
-1.34944424e-01
-1.34710789e-01
-1.34475902e-01
-1.34239733e-01
-1.34002313e-01
-1.33763641e-01
-1.33523703e-01
-1.33282527e-01
-1.33040085e-01
-1.32796422e-01
-1.32551506e-01
-1.32305354e-01
-1.32057965e-01
-1.31809309e-01
-1.31559432e-01
-1.31308317e-01
-1.31055981e-01
-1.30802393e-01
-1.30547598e-01
-1.30291566e-01
-1.30034328e-01
-1.29775852e-01
-1.29516155e-01
-1.29255235e-01
-1.28993094e-01
-1.28729731e-01
-1.28465146e-01
-1.28199339e-01
-1.27932310e-01
-1.27664089e-01
-1.27394691e-01
-1.27124116e-01
-1.26852348e-01
-1.26579389e-01
-1.26305252e-01
-1.26029938e-01
-1.25753433e-01
-1.25475779e-01
-1.25196919e-01
-1.24916896e-01
-1.24635689e-01
-1.24353319e-01
-1.24069780e-01
-1.23785079e-01
-1.23499215e-01
-1.23212181e-01
-1.22924000e-01
-1.22634664e-01
-1.22344173e-01
-1.22052535e-01
-1.21759750e-01
-1.21465825e-01
-1.21170744e-01
-1.20874532e-01
-1.20577186e-01
-1.20278709e-01
-1.19979091e-01
-1.19678356e-01
-1.19376488e-01
-1.19073503e-01
-1.18769400e-01
-1.18464179e-01
-1.18157849e-01
-1.17850415e-01
-1.17541879e-01
-1.17232226e-01
-1.16921477e-01
-1.16609633e-01
-1.16296694e-01
-1.15982652e-01
-1.15667529e-01
-1.15351312e-01
-1.15034007e-01
-1.14715628e-01
-1.14396177e-01
-1.14075638e-01
-1.13754041e-01
-1.13431379e-01
-1.13107644e-01
-1.12782851e-01
-1.12457000e-01
-1.12130083e-01
-1.11802116e-01
-1.11473091e-01
-1.11143030e-01
-1.10811926e-01
-1.10479787e-01
-1.10146604e-01
-1.09812379e-01
-1.09477133e-01
-1.09140851e-01
-1.08803548e-01
-1.08465217e-01
-1.08125865e-01
-1.07785508e-01
-1.07444137e-01
-1.07101753e-01
-1.06758364e-01
-1.06413975e-01
-1.06068581e-01
-1.05722196e-01
-1.05374821e-01
-1.05026446e-01
-1.04677089e-01
-1.04326755e-01
-1.03975430e-01
-1.03623137e-01
-1.03269860e-01
-1.02915615e-01
-1.02560401e-01
-1.02204226e-01
-1.01847082e-01
-1.01488993e-01
-1.01129949e-01
-1.00769959e-01
-1.00409031e-01
-1.00047149e-01
-9.96843353e-02
-9.93205830e-02
-9.89558920e-02
-9.85902771e-02
-9.82237384e-02
-9.78562757e-02
-9.74878967e-02
-9.71186087e-02
-9.67484042e-02
-9.63772833e-02
-9.60052609e-02
-9.56323370e-02
-9.52585116e-02
-9.48837921e-02
-9.45081860e-02
-9.41316858e-02
-9.37543139e-02
-9.33760554e-02
-9.29969177e-02
-9.26169008e-02
-9.22360197e-02
-9.18542743e-02
-9.14716721e-02
-9.10882130e-02
-9.07038972e-02
-9.03187245e-02
-8.99327025e-02
-8.95458311e-02
-8.91581178e-02
-8.87695774e-02
-8.83801952e-02
-8.79899934e-02
-8.75989571e-02
-8.72071087e-02
-8.68144259e-02
-8.64209384e-02
-8.60266387e-02
-8.56315345e-02
-8.52356255e-02
-8.48389193e-02
-8.44414085e-02
-8.40431154e-02
-8.36440250e-02
-8.32441449e-02
-8.28434825e-02
-8.24420378e-02
-8.20398256e-02
-8.16368386e-02
-8.12330917e-02
-8.08285773e-02
-8.04233029e-02
-8.00172761e-02
-7.96104968e-02
-7.92029649e-02
-7.87946954e-02
-7.83856809e-02
-7.79759437e-02
-7.75654688e-02
-7.71542564e-02
-7.67423213e-02
-7.63296708e-02
-7.59162977e-02
-7.55022243e-02
-7.50874355e-02
-7.46719465e-02
-7.42557570e-02
-7.38388672e-02
-7.34212771e-02
-7.30030090e-02
-7.25840479e-02
-7.21644163e-02
-7.17440993e-02
-7.13231117e-02
-7.09014535e-02
-7.04791248e-02
-7.00561404e-02
-6.96324930e-02
-6.92081973e-02
-6.87832534e-02
-6.83576614e-02
-6.79314211e-02
-6.75045475e-02
-6.70770407e-02
-6.66489005e-02
-6.62201419e-02
-6.57907501e-02
-6.53607547e-02
-6.49301410e-02
-6.44989163e-02
-6.40670806e-02
-6.36346489e-02
-6.32016212e-02
-6.27680048e-02
-6.23337999e-02
-6.18990138e-02
-6.14636391e-02
-6.10276945e-02
-6.05911687e-02
-6.01540767e-02
-5.97164221e-02
-5.92782050e-02
-5.88394329e-02
-5.84001131e-02
-5.79602346e-02
-5.75198159e-02
-5.70788607e-02
-5.66373691e-02
-5.61953448e-02
-5.57527952e-02
-5.53097203e-02
-5.48661277e-02
-5.44220209e-02
-5.39774038e-02
-5.35322763e-02
-5.30866496e-02
-5.26405238e-02
-5.21939062e-02
-5.17468005e-02
-5.12992069e-02
-5.08511253e-02
-5.04025705e-02
-4.99535464e-02
-4.95040528e-02
-4.90540899e-02
-4.86036725e-02
-4.81527969e-02
-4.77014706e-02
-4.72496934e-02
-4.67974767e-02
-4.63448167e-02
-4.58917283e-02
-4.54382077e-02
-4.49842587e-02
-4.45298851e-02
-4.40751016e-02
-4.36199009e-02
-4.31642942e-02
-4.27082814e-02
-4.22518663e-02
-4.17950563e-02
-4.13378552e-02
-4.08802666e-02
-4.04222943e-02
-3.99639420e-02
-3.95052172e-02
-3.90461199e-02
-3.85866575e-02
-3.81268337e-02
-3.76666524e-02
-3.72061171e-02
-3.67452316e-02
-3.62840034e-02
-3.58224399e-02
-3.53605375e-02
-3.48983034e-02
-3.44357379e-02
-3.39728519e-02
-3.35096493e-02
-3.30461301e-02
-3.25823054e-02
-3.21181715e-02
-3.16537358e-02
-3.11890077e-02
-3.07239834e-02
-3.02586723e-02
-2.97930781e-02
-2.93272063e-02
-2.88610570e-02
-2.83946395e-02
-2.79279575e-02
-2.74610110e-02
-2.69938111e-02
-2.65263561e-02
-2.60586534e-02
-2.55907066e-02
-2.51225196e-02
-2.46540960e-02
-2.41854433e-02
-2.37165652e-02
-2.32474636e-02
-2.27781460e-02
-2.23086141e-02
-2.18388755e-02
-2.13689320e-02
-2.08987892e-02
-2.04284489e-02
-1.99579187e-02
-1.94872022e-02
-1.90163031e-02
-1.85452253e-02
-1.80739742e-02
-1.76025555e-02
-1.71309747e-02
-1.66592319e-02
-1.61873344e-02
-1.57152843e-02
-1.52430879e-02
-1.47707490e-02
-1.42982723e-02
-1.38256624e-02
-1.33529240e-02
-1.28800599e-02
-1.24070765e-02
-1.19339786e-02
-1.14607699e-02
-1.09874541e-02
-1.05140358e-02
-1.00405188e-02
-9.56690870e-03
-9.09321103e-03
-8.61942768e-03
-8.14556517e-03
-7.67162582e-03
-7.19761569e-03
-6.72353944e-03
-6.24940079e-03
-5.77520486e-03
-5.30095492e-03
-4.82665747e-03
-4.35231207e-03
-3.87793849e-03
-3.40349344e-03
-2.92913197e-03
-2.45437981e-03
-1.98075944e-03
-1.50341808e-03
-1.03718427e-03
-5.25760348e-04
5.96046448e-08
3.06951511e-03
