-3.06945550e-03
-0.00000000e+00
1.86856021e-03
3.81916575e-03
5.73146390e-03
7.65533140e-03
9.57545824e-03
1.14966528e-02
1.34173771e-02
1.53380912e-02
1.72586255e-02
1.91790126e-02
2.10992154e-02
2.30192244e-02
2.49390174e-02
2.68585775e-02
2.87778880e-02
3.06969304e-02
3.26156877e-02
3.45341340e-02
3.64522599e-02
3.83700468e-02
4.02874760e-02
4.22045253e-02
4.41211797e-02
4.60374244e-02
4.79532331e-02
4.98685986e-02
5.17834947e-02
5.36979064e-02
5.56118153e-02
5.75251989e-02
5.94380498e-02
6.13503419e-02
6.32620603e-02
6.51731938e-02
6.70837164e-02
6.89936057e-02
7.09028542e-02
7.28114247e-02
7.47193247e-02
7.66265169e-02
7.85329938e-02
8.04387406e-02
8.23437274e-02
8.42479542e-02
8.61513764e-02
8.80540013e-02
8.99557993e-02
9.18567553e-02
9.37568471e-02
9.56560597e-02
9.75543782e-02
9.94517803e-02
1.01348251e-01
1.03243768e-01
1.05138324e-01
1.07031889e-01
1.08924456e-01
1.10815994e-01
1.12706505e-01
1.14595957e-01
1.16484329e-01
1.18371621e-01
1.20257802e-01
1.22142851e-01
1.24026753e-01
1.25909492e-01
1.27791062e-01
1.29671425e-01
1.31550580e-01
1.33428499e-01
1.35305166e-01
1.37180567e-01
1.39054686e-01
1.40927494e-01
1.42798990e-01
1.44669145e-01
1.46537945e-01
1.48405373e-01
1.50271401e-01
1.52136013e-01
1.53999209e-01
1.55860960e-01
1.57721251e-01
1.59580067e-01
1.61437392e-01
1.63293198e-01
1.65147468e-01
1.67000189e-01
1.68851331e-01
1.70700908e-01
1.72548875e-01
1.74395233e-01
1.76239938e-01
1.78083003e-01
1.79924399e-01
1.81764111e-01
1.83602110e-01
1.85438395e-01
1.87272936e-01
1.89105734e-01
1.90936744e-01
1.92765966e-01
1.94593385e-01
1.96418971e-01
1.98242724e-01
2.00064614e-01
2.01884642e-01
2.03702763e-01
2.05518976e-01
2.07333282e-01
2.09145635e-01
2.10956022e-01
2.12764427e-01
2.14570820e-01
2.16375232e-01
2.18177602e-01
2.19977930e-01
2.21776202e-01
2.23572388e-01
2.25366473e-01
2.27158442e-01
2.28948280e-01
2.30735987e-01
2.32521519e-01
2.34304860e-01
2.36086011e-01
2.37864956e-01
2.39641666e-01
2.41416112e-01
2.43188292e-01
2.44958192e-01
2.46725798e-01
2.48491094e-01
2.50254065e-01
2.52014667e-01
2.53772944e-01
2.55528808e-01
2.57282317e-01
2.59033442e-01
2.60782093e-01
2.62528300e-01
2.64272064e-01
2.66013324e-01
2.67752081e-01
2.69488364e-01
2.71222115e-01
2.72953302e-01
2.74681956e-01
2.76408017e-01
2.78131485e-01
2.79852331e-01
2.81570584e-01
2.83286214e-01
2.84999132e-01
2.86709398e-01
2.88416952e-01
2.90121794e-01
2.91823953e-01
2.93523341e-01
2.95220017e-01
2.96913922e-01
2.98604995e-01
3.00293297e-01
3.01978767e-01
3.03661406e-01
3.05341214e-01
3.07018191e-01
3.08692276e-01
3.10363442e-01
3.12031716e-01
3.13697040e-01
3.15359443e-01
3.17018867e-01
3.18675339e-01
3.20328802e-01
3.21979254e-01
3.23626697e-01
3.25271100e-01
3.26912433e-01
3.28550726e-01
3.30185950e-01
3.31818074e-01
3.33447099e-01
3.35072964e-01
3.36695671e-01
3.38315219e-01
3.39931607e-01
3.41544807e-01
3.43154758e-01
3.44761521e-01
3.46365064e-01
3.47965330e-01
3.49562347e-01
3.51156086e-01
3.52746516e-01
3.54333669e-01
3.55917454e-01
3.57497931e-01
3.59075069e-01
3.60648811e-01
3.62219185e-01
3.63786131e-01
3.65349710e-01
3.66909832e-01
3.68466496e-01
3.70019704e-01
3.71569455e-01
3.73115748e-01
3.74658525e-01
3.76197785e-01
3.77733529e-01
3.79265666e-01
3.80794287e-01
3.82319331e-01
3.83840799e-01
3.85358661e-01
3.86872917e-01
3.88383508e-01
3.89890462e-01
3.91393751e-01
3.92893374e-01
3.94389331e-01
3.95881563e-01
3.97370130e-01
3.98854941e-01
4.00335997e-01
4.01813328e-01
4.03286874e-01
4.04756635e-01
4.06222612e-01
4.07684773e-01
4.09143150e-01
4.10597682e-01
4.12048340e-01
4.13495153e-01
4.14938062e-01
4.16377097e-01
4.17812169e-01
4.19243366e-01
4.20670569e-01
4.22093868e-01
4.23513204e-01
4.24928576e-01
4.26339924e-01
4.27747279e-01
4.29150641e-01
4.30549949e-01
4.31945235e-01
4.33336437e-01
4.34723586e-01
4.36106622e-01
4.37485605e-01
4.38860476e-01
4.40231234e-01
4.41597879e-01
4.42960352e-01
4.44318652e-01
4.45672840e-01
4.47022766e-01
4.48368520e-01
4.49710071e-01
4.51047421e-01
4.52380508e-01
4.53709364e-01
4.55033988e-01
4.56354290e-01
4.57670361e-01
4.58982110e-01
4.60289568e-01
4.61592704e-01
4.62891489e-01
4.64185894e-01
4.65475976e-01
4.66761678e-01
4.68043000e-01
4.69319940e-01
4.70592469e-01
4.71860588e-01
4.73124295e-01
4.74383563e-01
4.75638360e-01
4.76888716e-01
4.78134573e-01
4.79375958e-01
4.80612814e-01
4.81845170e-01
4.83072966e-01
4.84296262e-01
4.85515028e-01
4.86729205e-01
4.87938851e-01
4.89143878e-01
4.90344346e-01
4.91540194e-01
4.92731452e-01
4.93918031e-01
4.95100021e-01
4.96277362e-01
4.97450024e-01
4.98618037e-01
4.99781370e-01
5.00940025e-01
5.02093971e-01
5.03243208e-01
5.04387677e-01
5.05527496e-01
5.06662548e-01
5.07792890e-01
5.08918464e-01
5.10039330e-01
5.11155486e-01
5.12266874e-01
5.13373494e-01
5.14475167e-01
5.15572011e-01
5.16663969e-01
5.17750978e-01
5.18833160e-01
5.19910395e-01
5.20982742e-01
5.22050261e-01
5.23112833e-01
5.24170578e-01
5.25223315e-01
5.26271224e-01
5.27314126e-01
5.28352082e-01
5.29385149e-01
5.30413151e-01
5.31436265e-01
5.32454312e-01
5.33467472e-01
5.34475565e-01
5.35478652e-01
5.36476731e-01
5.37469804e-01
5.38457811e-01
5.39440751e-01
5.40418625e-01
5.41391492e-01
5.42359293e-01
5.43321908e-01
5.44279516e-01
5.45231938e-01
5.46179235e-01
5.47121465e-01
5.48058510e-01
5.48990428e-01
5.49917161e-01
5.50838768e-01
5.51755190e-01
5.52666426e-01
5.53572476e-01
5.54473341e-01
5.55368960e-01
5.56259394e-01
5.57144642e-01
5.58024645e-01
5.58899403e-01
5.59768915e-01
5.60633183e-01
5.61492205e-01
5.62345982e-01
5.63194454e-01
5.64037681e-01
5.64875543e-01
5.65708041e-01
5.66535175e-01
5.67356944e-01
5.68173409e-01
5.68984449e-01
5.69790184e-01
5.70590496e-01
5.71385443e-01
5.72175086e-01
5.72959363e-01
5.73738217e-01
5.74511707e-01
5.75279832e-01
5.76042473e-01
5.76799810e-01
5.77551603e-01
5.78298032e-01
5.79039037e-01
5.79774618e-01
5.80504775e-01
5.81229448e-01
5.81948698e-01
5.82662463e-01
5.83370805e-01
5.84073603e-01
5.84770918e-01
5.85462749e-01
5.86149156e-01
5.86830080e-01
5.87505460e-01
5.88175356e-01
5.88839769e-01
5.89498639e-01
5.90151966e-01
5.90799749e-01
5.91442049e-01
5.92078686e-01
5.92709780e-01
5.93335271e-01
5.93955159e-01
5.94569385e-01
5.95178127e-01
5.95781207e-01
5.96378684e-01
5.96970558e-01
5.97556829e-01
5.98137498e-01
5.98712504e-01
5.99281967e-01
5.99845827e-01
6.00403965e-01
6.00956500e-01
6.01503372e-01
6.02044642e-01
6.02580190e-01
6.03110135e-01
6.03634357e-01
6.04152977e-01
6.04665875e-01
6.05173111e-01
6.05674684e-01
6.06170654e-01
6.06660903e-01
6.07145429e-01
6.07624292e-01
6.08097494e-01
6.08564913e-01
6.09026730e-01
6.09482825e-01
6.09933317e-01
6.10378146e-01
6.10817313e-01
6.11250818e-01
6.11678660e-01
6.12100780e-01
6.12517238e-01
6.12927973e-01
6.13332868e-01
6.13731921e-01
6.14125133e-01
6.14512503e-01
6.14893973e-01
6.15269661e-01
6.15639508e-01
6.16003454e-01
6.16361558e-01
6.16713822e-01
6.17060184e-01
6.17400706e-01
6.17735445e-01
6.18064284e-01
6.18387163e-01
6.18704259e-01
6.19015515e-01
6.19320929e-01
6.19620442e-01
6.19914114e-01
6.20201886e-01
6.20483816e-01
6.20759904e-01
6.21030152e-01
6.21294558e-01
6.21553123e-01
6.21805787e-01
6.22052610e-01
6.22293591e-01
6.22528672e-01
6.22757912e-01
6.22981310e-01
6.23198807e-01
6.23410523e-01
6.23616278e-01
6.23816133e-01
6.24010205e-01
6.24198377e-01
6.24380767e-01
6.24557197e-01
6.24727786e-01
6.24892473e-01
6.25051320e-01
6.25204265e-01
6.25351310e-01
6.25492573e-01
6.25627875e-01
6.25757337e-01
6.25880897e-01
6.25998616e-01
6.26110375e-01
6.26216292e-01
6.26316369e-01
6.26410484e-01
6.26498759e-01
6.26581132e-01
6.26657605e-01
6.26728177e-01
6.26792908e-01
6.26851678e-01
6.26904607e-01
6.26951635e-01
6.26992702e-01
6.27027929e-01
6.27057254e-01
6.27080679e-01
6.27098143e-01
6.27109766e-01
6.27115488e-01
6.27115369e-01
6.27109289e-01
6.27097309e-01
6.27079427e-01
6.27055645e-01
6.27026021e-01
6.26990438e-01
6.26948953e-01
6.26901567e-01
6.26848340e-01
6.26789153e-01
6.26724064e-01
6.26653135e-01
6.26576245e-01
6.26493514e-01
6.26404881e-01
6.26310349e-01
6.26209855e-01
6.26103580e-01
6.25991344e-01
6.25873327e-01
6.25749350e-01
6.25619531e-01
6.25483751e-01
6.25342190e-01
6.25194728e-01
6.25041306e-01
6.24882102e-01
6.24716938e-01
6.24545932e-01
6.24369085e-01
6.24186337e-01
6.23997688e-01
6.23803198e-01
6.23602927e-01
6.23396754e-01
6.23184741e-01
6.22966766e-01
6.22743011e-01
6.22513354e-01
6.22277856e-01
6.22036517e-01
6.21789277e-01
6.21536195e-01
6.21277213e-01
6.21012390e-01
6.20741725e-01
6.20465219e-01
6.20182872e-01
6.19894564e-01
6.19600415e-01
6.19300425e-01
6.18994534e-01
6.18682802e-01
6.18365288e-01
6.18041873e-01
6.17712677e-01
6.17377579e-01
6.17036641e-01
6.16689801e-01
6.16337180e-01
6.15978658e-01
6.15614355e-01
6.15244091e-01
6.14868045e-01
6.14486098e-01
6.14098370e-01
6.13704741e-01
6.13305271e-01
6.12900019e-01
6.12488925e-01
6.12071931e-01
6.11649215e-01
6.11220837e-01
6.10786736e-01
6.10346973e-01
6.09901547e-01
6.09450459e-01
6.08993709e-01
6.08531296e-01
6.08063102e-01
6.07589245e-01
6.07109725e-01
6.06624544e-01
6.06133699e-01
6.05637133e-01
6.05134904e-01
6.04627013e-01
6.04113460e-01
6.03594244e-01
6.03069305e-01
6.02538764e-01
6.02002501e-01
6.01460576e-01
6.00913048e-01
6.00359857e-01
5.99800944e-01
5.99236488e-01
5.98666370e-01
5.98090589e-01
5.97509265e-01
5.96922278e-01
5.96329749e-01
5.95731616e-01
5.95127761e-01
5.94518423e-01
5.93903363e-01
5.93282759e-01
5.92656553e-01
5.92024744e-01
5.91387331e-01
5.90744376e-01
5.90095818e-01
5.89441717e-01
5.88782072e-01
5.88116884e-01
5.87446153e-01
5.86769879e-01
5.86088181e-01
5.85400939e-01
5.84708214e-01
5.84010005e-01
5.83306372e-01
5.82597256e-01
5.81882656e-01
5.81162572e-01
5.80437005e-01
5.79706013e-01
5.78969598e-01
5.78227758e-01
5.77480435e-01
5.76727688e-01
5.75969458e-01
5.75205922e-01
5.74436903e-01
5.73662519e-01
5.72882652e-01
5.72097480e-01
5.71306884e-01
5.70510983e-01
5.69709659e-01
5.68903029e-01
5.68091035e-01
5.67273676e-01
5.66450953e-01
5.65622866e-01
5.64789414e-01
5.63950598e-01
5.63106418e-01
5.62256873e-01
5.61402023e-01
5.60541987e-01
5.59676707e-01
5.58806121e-01
5.57930291e-01
5.57049215e-01
5.56162953e-01
5.55271387e-01
5.54374695e-01
5.53472757e-01
5.52565634e-01
5.51653326e-01
5.50735772e-01
5.49813092e-01
5.48885226e-01
5.47952116e-01
5.47013938e-01
5.46070576e-01
5.45122027e-01
5.44168413e-01
5.43209612e-01
5.42245746e-01
5.41276753e-01
5.40302694e-01
5.39323509e-01
5.38339317e-01
5.37349999e-01
5.36355674e-01
5.35356283e-01
5.34351885e-01
5.33342481e-01
5.32328069e-01
5.31308651e-01
5.30284226e-01
5.29254854e-01
5.28220475e-01
5.27181149e-01
5.26136875e-01
5.25087595e-01
5.24033427e-01
5.22974312e-01
5.21910310e-01
5.20841360e-01
5.19767582e-01
5.18688858e-01
5.17605245e-01
5.16516805e-01
5.15423417e-01
5.14325202e-01
5.13222098e-01
5.12114108e-01
5.11001289e-01
5.09883583e-01
5.08761108e-01
5.07633924e-01
5.06502032e-01
5.05365431e-01
5.04224122e-01
5.03077984e-01
5.01927197e-01
5.00771642e-01
4.99611437e-01
4.98446494e-01
4.97276902e-01
4.96102601e-01
4.94923681e-01
4.93740052e-01
4.92551804e-01
4.91358906e-01
4.90161419e-01
4.88959283e-01
4.87752587e-01
4.86541271e-01
4.85325366e-01
4.84104902e-01
4.82879907e-01
4.81650382e-01
4.80416298e-01
4.79177684e-01
4.77934599e-01
4.76686925e-01
4.75434810e-01
4.74178225e-01
4.72917199e-01
4.71651703e-01
4.70381767e-01
4.69107449e-01
4.67828661e-01
4.66545522e-01
4.65257972e-01
4.63966042e-01
4.62669760e-01
4.61369097e-01
4.60064083e-01
4.58754718e-01
4.57441062e-01
4.56123114e-01
4.54800844e-01
4.53474343e-01
4.52143580e-01
4.50808555e-01
4.49469239e-01
4.48125720e-01
4.46777999e-01
4.45426047e-01
4.44069892e-01
4.42709595e-01
4.41345125e-01
4.39976543e-01
4.38603759e-01
4.37226862e-01
4.35845852e-01
4.34460759e-01
4.33071524e-01
4.31678265e-01
4.30280924e-01
4.28879559e-01
4.27474141e-01
4.26064700e-01
4.24651265e-01
4.23233807e-01
4.21812356e-01
4.20386940e-01
4.18957591e-01
4.17524338e-01
4.16087121e-01
4.14645970e-01
4.13200915e-01
4.11751956e-01
4.10299093e-01
4.08842355e-01
4.07381773e-01
4.05917376e-01
4.04449195e-01
4.02977169e-01
4.01501387e-01
4.00021821e-01
3.98538470e-01
3.97051364e-01
3.95560503e-01
3.94065946e-01
3.92567724e-01
3.91065806e-01
3.89560193e-01
3.88050944e-01
3.86537999e-01
3.85021448e-01
3.83501232e-01
3.81977439e-01
3.80450040e-01
3.78919035e-01
3.77384484e-01
3.75846386e-01
3.74304742e-01
3.72759581e-01
3.71210903e-01
3.69658709e-01
3.68103057e-01
3.66543949e-01
3.64981413e-01
3.63415420e-01
3.61846030e-01
3.60273212e-01
3.58696997e-01
3.57117414e-01
3.55534464e-01
3.53948146e-01
3.52358520e-01
3.50765616e-01
3.49169374e-01
3.47569853e-01
3.45967054e-01
3.44360977e-01
3.42751682e-01
3.41139168e-01
3.39523435e-01
3.37904513e-01
3.36282402e-01
3.34657162e-01
3.33028734e-01
3.31397146e-01
3.29762489e-01
3.28124702e-01
3.26483846e-01
3.24839920e-01
3.23192924e-01
3.21542919e-01
3.19889843e-01
3.18233758e-01
3.16574663e-01
3.14912617e-01
3.13247621e-01
3.11579645e-01
3.09908718e-01
3.08234900e-01
3.06558132e-01
3.04878503e-01
3.03196013e-01
3.01510692e-01
2.99822509e-01
2.98131555e-01
2.96437770e-01
2.94741213e-01
2.93041825e-01
2.91339725e-01
2.89634883e-01
2.87927330e-01
2.86217034e-01
2.84504086e-01
2.82788396e-01
2.81070083e-01
2.79349089e-01
2.77625471e-01
2.75899261e-01
2.74170458e-01
2.72439092e-01
2.70705134e-01
2.68968612e-01
2.67229557e-01
2.65487999e-01
2.63743967e-01
2.61997432e-01
2.60248452e-01
2.58497000e-01
2.56743103e-01
2.54986763e-01
2.53228068e-01
2.51466990e-01
2.49703526e-01
2.47937724e-01
2.46169582e-01
2.44399130e-01
2.42626384e-01
2.40851343e-01
2.39074051e-01
2.37294510e-01
2.35512719e-01
2.33728722e-01
2.31942505e-01
2.30154127e-01
2.28363559e-01
2.26570860e-01
2.24776030e-01
2.22979069e-01
2.21180022e-01
2.19378889e-01
2.17575684e-01
2.15770438e-01
2.13963151e-01
2.12153867e-01
2.10342571e-01
2.08529308e-01
2.06714079e-01
2.04896882e-01
2.03077763e-01
2.01256737e-01
1.99433818e-01
1.97609022e-01
1.95782363e-01
1.93953872e-01
1.92123547e-01
1.90291405e-01
1.88457489e-01
1.86621785e-01
1.84784323e-01
1.82945132e-01
1.81104213e-01
1.79261595e-01
1.77417278e-01
1.75571308e-01
1.73723683e-01
1.71874419e-01
1.70023531e-01
1.68171048e-01
1.66316986e-01
1.64461344e-01
1.62604168e-01
1.60745457e-01
1.58885226e-01
1.57023504e-01
1.55160308e-01
1.53295651e-01
1.51429564e-01
1.49562031e-01
1.47693098e-01
1.45822763e-01
1.43951073e-01
1.42078027e-01
1.40203625e-01
1.38327911e-01
1.36450902e-01
1.34572625e-01
1.32693067e-01
1.30812243e-01
1.28930211e-01
1.27046943e-01
1.25162482e-01
1.23276837e-01
1.21390052e-01
1.19502120e-01
1.17613055e-01
1.15722887e-01
1.13831632e-01
1.11939304e-01
1.10045925e-01
1.08151503e-01
1.06256068e-01
1.04359627e-01
1.02462202e-01
1.00563809e-01
9.86644700e-02
9.67642143e-02
9.48630422e-02
9.29609761e-02
9.10580382e-02
8.91542286e-02
8.72495919e-02
8.53441358e-02
8.34378749e-02
8.15308243e-02
7.96230063e-02
7.77144432e-02
7.58051574e-02
7.38951415e-02
7.19844401e-02
7.00730607e-02
6.81610256e-02
6.62483498e-02
6.43350407e-02
6.24211282e-02
6.05066307e-02
5.85915633e-02
5.66759445e-02
5.47597930e-02
5.28431199e-02
5.09259515e-02
4.90083061e-02
4.70901988e-02
4.51716483e-02
4.32526730e-02
4.13332917e-02
3.94135192e-02
3.74933779e-02
3.55728827e-02
3.36520523e-02
3.17309014e-02
2.98094563e-02
2.78877299e-02
2.59657428e-02
2.40435079e-02
2.21210495e-02
2.01983824e-02
1.82755236e-02
1.63524952e-02
1.44293122e-02
1.25059942e-02
1.05825569e-02
8.65902100e-03
6.73540309e-03
4.81172232e-03
2.88799615e-03
9.64243140e-04
-9.59518948e-04
-2.88327178e-03
-4.80699725e-03
-6.73067709e-03
-8.65429454e-03
-1.05778296e-02
-1.25012659e-02
-1.44245848e-02
-1.63477678e-02
-1.82707962e-02
-2.01936513e-02
-2.21163183e-02
-2.40387768e-02
-2.59610098e-02
-2.78829969e-02
-2.98047215e-02
-3.17261666e-02
-3.36473137e-02
-3.55681442e-02
-3.74886356e-02
-3.94087769e-02
-4.13285419e-02
-4.32479233e-02
-4.51668985e-02
-4.70854454e-02
-4.90035489e-02
-5.09211905e-02
-5.28383516e-02
-5.47550134e-02
-5.66711649e-02
-5.85867800e-02
-6.05018437e-02
-6.24163412e-02
-6.43302500e-02
-6.62435517e-02
-6.81562275e-02
-7.00682625e-02
-7.19796419e-02
-7.38903433e-02
-7.58003518e-02
-7.77096376e-02
-7.96182081e-02
-8.15260112e-02
-8.34330544e-02
-8.53393152e-02
-8.72447714e-02
-8.91494006e-02
-9.10531953e-02
-9.29561332e-02
-9.48581919e-02
-9.67593640e-02
-9.86596197e-02
-1.00558944e-01
-1.02457330e-01
-1.04354747e-01
-1.06251173e-01
-1.08146600e-01
-1.10041015e-01
-1.11934386e-01
-1.13826707e-01
-1.15717955e-01
-1.17608108e-01
-1.19497158e-01
-1.21385090e-01
-1.23271875e-01
-1.25157505e-01
-1.27041951e-01
-1.28925204e-01
-1.30807236e-01
-1.32688060e-01
-1.34567618e-01
-1.36445910e-01
-1.38322905e-01
-1.40198618e-01
-1.42072991e-01
-1.43946052e-01
-1.45817742e-01
-1.47688076e-01
-1.49557009e-01
-1.51424527e-01
-1.53290629e-01
-1.55155271e-01
-1.57018468e-01
-1.58880189e-01
-1.60740420e-01
-1.62599131e-01
-1.64456308e-01
-1.66311935e-01
-1.68165982e-01
-1.70018464e-01
-1.71869338e-01
-1.73718601e-01
-1.75566211e-01
-1.77412182e-01
-1.79256469e-01
-1.81099072e-01
-1.82939991e-01
-1.84779167e-01
-1.86616614e-01
-1.88452303e-01
-1.90286219e-01
-1.92118347e-01
-1.93948656e-01
-1.95777163e-01
-1.97603807e-01
-1.99428603e-01
-2.01251522e-01
-2.03072533e-01
-2.04891652e-01
-2.06708819e-01
-2.08524048e-01
-2.10337296e-01
-2.12148592e-01
-2.13957861e-01
-2.15765134e-01
-2.17570364e-01
-2.19373554e-01
-2.21174657e-01
-2.22973704e-01
-2.24770665e-01
-2.26565495e-01
-2.28358179e-01
-2.30148733e-01
-2.31937096e-01
-2.33723298e-01
-2.35507280e-01
-2.37289056e-01
-2.39068583e-01
-2.40845874e-01
-2.42620900e-01
-2.44393632e-01
-2.46164083e-01
-2.47932196e-01
-2.49697968e-01
-2.51461387e-01
-2.53222466e-01
-2.54981190e-01
-2.56737530e-01
-2.58491427e-01
-2.60242850e-01
-2.61991858e-01
-2.63738364e-01
-2.65482426e-01
-2.67223984e-01
-2.68963039e-01
-2.70699561e-01
-2.72433519e-01
-2.74164915e-01
-2.75893718e-01
-2.77619928e-01
-2.79343545e-01
-2.81064540e-01
-2.82782853e-01
-2.84498543e-01
-2.86211520e-01
-2.87921816e-01
-2.89629400e-01
-2.91334242e-01
-2.93036371e-01
-2.94735730e-01
-2.96432316e-01
-2.98126131e-01
-2.99817145e-01
-3.01505297e-01
-3.03190649e-01
-3.04873139e-01
-3.06552768e-01
-3.08229506e-01
-3.09903324e-01
-3.11574221e-01
-3.13242197e-01
-3.14907193e-01
-3.16569239e-01
-3.18228304e-01
-3.19884390e-01
-3.21537465e-01
-3.23187530e-01
-3.24834526e-01
-3.26478451e-01
-3.28119338e-01
-3.29757094e-01
-3.31391782e-01
-3.33023369e-01
-3.34651798e-01
-3.36277068e-01
-3.37899178e-01
-3.39518100e-01
-3.41133803e-01
-3.42746317e-01
-3.44355583e-01
-3.45961660e-01
-3.47564459e-01
-3.49163979e-01
-3.50760192e-01
-3.52353126e-01
-3.53942752e-01
-3.55529040e-01
-3.57111990e-01
-3.58691573e-01
-3.60267788e-01
-3.61840576e-01
-3.63409996e-01
-3.64975989e-01
-3.66538554e-01
-3.68097663e-01
-3.69653314e-01
-3.71205479e-01
-3.72754157e-01
-3.74299318e-01
-3.75840962e-01
-3.77379060e-01
-3.78913611e-01
-3.80444586e-01
-3.81972015e-01
-3.83495837e-01
-3.85016054e-01
-3.86532605e-01
-3.88045520e-01
-3.89554769e-01
-3.91060382e-01
-3.92562300e-01
-3.94060552e-01
-3.95555079e-01
-3.97045910e-01
-3.98532987e-01
-4.00016308e-01
-4.01495844e-01
-4.02971625e-01
-4.04443592e-01
-4.05911803e-01
-4.07376200e-01
-4.08836812e-01
-4.10293579e-01
-4.11746442e-01
-4.13195372e-01
-4.14640427e-01
-4.16081578e-01
-4.17518765e-01
-4.18952048e-01
-4.20381397e-01
-4.21806812e-01
-4.23228234e-01
-4.24645662e-01
-4.26059127e-01
-4.27468568e-01
-4.28873986e-01
-4.30275381e-01
-4.31672722e-01
-4.33065981e-01
-4.34455156e-01
-4.35840279e-01
-4.37221289e-01
-4.38598186e-01
-4.39971000e-01
-4.41339612e-01
-4.42704082e-01
-4.44064379e-01
-4.45420474e-01
-4.46772397e-01
-4.48120147e-01
-4.49463665e-01
-4.50802952e-01
-4.52137977e-01
-4.53468770e-01
-4.54795271e-01
-4.56117511e-01
-4.57435429e-01
-4.58749086e-01
-4.60058421e-01
-4.61363405e-01
-4.62664038e-01
-4.63960350e-01
-4.65252280e-01
-4.66539830e-01
-4.67822999e-01
-4.69101757e-01
-4.70376104e-01
-4.71645981e-01
-4.72911477e-01
-4.74172503e-01
-4.75429088e-01
-4.76681173e-01
-4.77928758e-01
-4.79171872e-01
-4.80410486e-01
-4.81644571e-01
-4.82874125e-01
-4.84099150e-01
-4.85319585e-01
-4.86535460e-01
-4.87746775e-01
-4.88953471e-01
-4.90155578e-01
-4.91353095e-01
-4.92545962e-01
-4.93734181e-01
-4.94917780e-01
-4.96096730e-01
-4.97271001e-01
-4.98440623e-01
-4.99605507e-01
-5.00765741e-01
-5.01921237e-01
-5.03072023e-01
-5.04218102e-01
-5.05359471e-01
-5.06496072e-01
-5.07627964e-01
-5.08755147e-01
-5.09877563e-01
-5.10995209e-01
-5.12108088e-01
-5.13216078e-01
-5.14319181e-01
-5.15417397e-01
-5.16510785e-01
-5.17599225e-01
-5.18682778e-01
-5.19761503e-01
-5.20835280e-01
-5.21904230e-01
-5.22968233e-01
-5.24027288e-01
-5.25081456e-01
-5.26130676e-01
-5.27174950e-01
-5.28214276e-01
-5.29248655e-01
-5.30278027e-01
-5.31302452e-01
-5.32321930e-01
-5.33336341e-01
-5.34345746e-01
-5.35350144e-01
-5.36349535e-01
-5.37343919e-01
-5.38333237e-01
-5.39317429e-01
-5.40296614e-01
-5.41270673e-01
-5.42239666e-01
-5.43203533e-01
-5.44162333e-01
-5.45115948e-01
-5.46064436e-01
-5.47007799e-01
-5.47946036e-01
-5.48879087e-01
-5.49806893e-01
-5.50729632e-01
-5.51647186e-01
-5.52559495e-01
-5.53466678e-01
-5.54368675e-01
-5.55265367e-01
-5.56156933e-01
-5.57043254e-01
-5.57924271e-01
-5.58800042e-01
-5.59670627e-01
-5.60535967e-01
-5.61396003e-01
-5.62250853e-01
-5.63100338e-01
-5.63944519e-01
-5.64783335e-01
-5.65616786e-01
-5.66444933e-01
-5.67267656e-01
-5.68085015e-01
-5.68897069e-01
-5.69703698e-01
-5.70505023e-01
-5.71300924e-01
-5.72091460e-01
-5.72876632e-01
-5.73656440e-01
-5.74430823e-01
-5.75199842e-01
-5.75963438e-01
-5.76721609e-01
-5.77474356e-01
-5.78221619e-01
-5.78963459e-01
-5.79699934e-01
-5.80430925e-01
-5.81156433e-01
-5.81876516e-01
-5.82591116e-01
-5.83300233e-01
-5.84003925e-01
-5.84702134e-01
-5.85394800e-01
-5.86082041e-01
-5.86763799e-01
-5.87440014e-01
-5.88110745e-01
-5.88775933e-01
-5.89435577e-01
-5.90089619e-01
-5.90738177e-01
-5.91381133e-01
-5.92018425e-01
-5.92650175e-01
-5.93276322e-01
-5.93896925e-01
-5.94511867e-01
-5.95121205e-01
-5.95724881e-01
-5.96323073e-01
-5.96915603e-01
-5.97502589e-01
-5.98083913e-01
-5.98659635e-01
-5.99229693e-01
-5.99794149e-01
-6.00352943e-01
-6.00906134e-01
-6.01453602e-01
-6.01995468e-01
-6.02531672e-01
-6.03062212e-01
-6.03587091e-01
-6.04106307e-01
-6.04619861e-01
-6.05127692e-01
-6.05629861e-01
-6.06126428e-01
-6.06617272e-01
-6.07102454e-01
-6.07581913e-01
-6.08055770e-01
-6.08523905e-01
-6.08986378e-01
-6.09443188e-01
-6.09894276e-01
-6.10339701e-01
-6.10779464e-01
-6.11213505e-01
-6.11641884e-01
-6.12064540e-01
-6.12481475e-01
-6.12892568e-01
-6.13297880e-01
-6.13697350e-01
-6.14090919e-01
-6.14478648e-01
-6.14860594e-01
-6.15236700e-01
-6.15606904e-01
-6.15971267e-01
-6.16329730e-01
-6.16682351e-01
-6.17029130e-01
-6.17370069e-01
-6.17705166e-01
-6.18034363e-01
-6.18357718e-01
-6.18675292e-01
-6.18986964e-01
-6.19292796e-01
-6.19592726e-01
-6.19886816e-01
-6.20175004e-01
-6.20457292e-01
-6.20733798e-01
-6.21004403e-01
-6.21269226e-01
-6.21528149e-01
-6.21781290e-01
-6.22028530e-01
-6.22269869e-01
-6.22505367e-01
-6.22734964e-01
-6.22958720e-01
-6.23176634e-01
-6.23388708e-01
-6.23594880e-01
-6.23795152e-01
-6.23989642e-01
-6.24178171e-01
-6.24360919e-01
-6.24537766e-01
-6.24708772e-01
-6.24873936e-01
-6.25033200e-01
-6.25186563e-01
-6.25334084e-01
-6.25475705e-01
-6.25611484e-01
-6.25741303e-01
-6.25865281e-01
-6.25983357e-01
-6.26095593e-01
-6.26201868e-01
-6.26302302e-01
-6.26396835e-01
-6.26485527e-01
-6.26568258e-01
-6.26645148e-01
-6.26716077e-01
-6.26781225e-01
-6.26840413e-01
-6.26893759e-01
-6.26941085e-01
-6.26982629e-01
-6.27018213e-01
-6.27047956e-01
-6.27071738e-01
-6.27089620e-01
-6.27101600e-01
-6.27107739e-01
-6.27107918e-01
-6.27102256e-01
-6.27090633e-01
-6.27073169e-01
-6.27049744e-01
-6.27020478e-01
-6.26985252e-01
-6.26944184e-01
-6.26897216e-01
-6.26844406e-01
-6.26785636e-01
-6.26721025e-01
-6.26650453e-01
-6.26574039e-01
-6.26491725e-01
-6.26403570e-01
-6.26309454e-01
-6.26209497e-01
-6.26103699e-01
-6.25991940e-01
-6.25874341e-01
-6.25750840e-01
-6.25621438e-01
-6.25486195e-01
-6.25345051e-01
-6.25198007e-01
-6.25045061e-01
-6.24886334e-01
-6.24721706e-01
-6.24551177e-01
-6.24374807e-01
-6.24192536e-01
-6.24004424e-01
-6.23810410e-01
-6.23610556e-01
-6.23404801e-01
-6.23193264e-01
-6.22975767e-01
-6.22752488e-01
-6.22523308e-01
-6.22288287e-01
-6.22047365e-01
-6.21800542e-01
-6.21547878e-01
-6.21289432e-01
-6.21025085e-01
-6.20754898e-01
-6.20478928e-01
-6.20196998e-01
-6.19909227e-01
-6.19615614e-01
-6.19316161e-01
-6.19010866e-01
-6.18699670e-01
-6.18382633e-01
-6.18059814e-01
-6.17731094e-01
-6.17396533e-01
-6.17056072e-01
-6.16709769e-01
-6.16357625e-01
-6.15999579e-01
-6.15635753e-01
-6.15266025e-01
-6.14890456e-01
-6.14509046e-01
-6.14121735e-01
-6.13728523e-01
-6.13329530e-01
-6.12924695e-01
-6.12514079e-01
-6.12097740e-01
-6.11675680e-01
-6.11248016e-01
-6.10814571e-01
-6.10375464e-01
-6.09930694e-01
-6.09480262e-01
-6.09024167e-01
-6.08562350e-01
-6.08094871e-01
-6.07621729e-01
-6.07142866e-01
-6.06658399e-01
-6.06168211e-01
-6.05672419e-01
-6.05170906e-01
-6.04663730e-01
-6.04150891e-01
-6.03632390e-01
-6.03108168e-01
-6.02578342e-01
-6.02042854e-01
-6.01501703e-01
-6.00954950e-01
-6.00402534e-01
-5.99844396e-01
-5.99280655e-01
-5.98711312e-01
-5.98136306e-01
-5.97555757e-01
-5.96969545e-01
-5.96377790e-01
-5.95780313e-01
-5.95177293e-01
-5.94568670e-01
-5.93954444e-01
-5.93334675e-01
-5.92709243e-01
-5.92078209e-01
-5.91441631e-01
-5.90799510e-01
-5.90151787e-01
-5.89498460e-01
-5.88839591e-01
-5.88175178e-01
-5.87505281e-01
-5.86829901e-01
-5.86149037e-01
-5.85462689e-01
-5.84770918e-01
-5.84073663e-01
-5.83370864e-01
-5.82662582e-01
-5.81948817e-01
-5.81229627e-01
-5.80505013e-01
-5.79774976e-01
-5.79039454e-01
-5.78298509e-01
-5.77552140e-01
-5.76800346e-01
-5.76043189e-01
-5.75280547e-01
-5.74512482e-01
-5.73739111e-01
-5.72960317e-01
-5.72176099e-01
-5.71386516e-01
-5.70591569e-01
-5.69791317e-01
-5.68985701e-01
-5.68174720e-01
-5.67358375e-01
-5.66536665e-01
-5.65709591e-01
-5.64877152e-01
-5.64039350e-01
-5.63196182e-01
-5.62347710e-01
-5.61493993e-01
-5.60635030e-01
-5.59770823e-01
-5.58901370e-01
-5.58026671e-01
-5.57146668e-01
-5.56261539e-01
-5.55371165e-01
-5.54475546e-01
-5.53574741e-01
-5.52668750e-01
-5.51757574e-01
-5.50841212e-01
-5.49919665e-01
-5.48992932e-01
-5.48061073e-01
-5.47124028e-01
-5.46181858e-01
-5.45234501e-01
-5.44282079e-01
-5.43324530e-01
-5.42361915e-01
-5.41394234e-01
-5.40421426e-01
-5.39443552e-01
-5.38460553e-01
-5.37472546e-01
-5.36479473e-01
-5.35481393e-01
-5.34478247e-01
-5.33470154e-01
-5.32457054e-01
-5.31438947e-01
-5.30415893e-01
-5.29387832e-01
-5.28354824e-01
-5.27316809e-01
-5.26273906e-01
-5.25226057e-01
-5.24173319e-01
-5.23115575e-01
-5.22053003e-01
-5.20985544e-01
-5.19913137e-01
-5.18835843e-01
-5.17753720e-01
-5.16666710e-01
-5.15574753e-01
-5.14477968e-01
-5.13376355e-01
-5.12269855e-01
-5.11158526e-01
-5.10042429e-01
-5.08921564e-01
-5.07795930e-01
-5.06665587e-01
-5.05530536e-01
-5.04390717e-01
-5.03246188e-01
-5.02096951e-01
-5.00943005e-01
-4.99784380e-01
-4.98621076e-01
-4.97453094e-01
-4.96280432e-01
-4.95103091e-01
-4.93921131e-01
-4.92734492e-01
-4.91543263e-01
-4.90347385e-01
-4.89146978e-01
-4.87941921e-01
-4.86732304e-01
-4.85518068e-01
-4.84299302e-01
-4.83076006e-01
-4.81848150e-01
-4.80615824e-01
-4.79378909e-01
-4.78137523e-01
-4.76891667e-01
-4.75641310e-01
-4.74386513e-01
-4.73127216e-01
-4.71863538e-01
-4.70595390e-01
-4.69322860e-01
-4.68045920e-01
-4.66764599e-01
-4.65478867e-01
-4.64188784e-01
-4.62894350e-01
-4.61595565e-01
-4.60292429e-01
-4.58984941e-01
-4.57673162e-01
-4.56357121e-01
-4.55036759e-01
-4.53712165e-01
-4.52383310e-01
-4.51050222e-01
-4.49712873e-01
-4.48371291e-01
-4.47025537e-01
-4.45675582e-01
-4.44321394e-01
-4.42963064e-01
-4.41600561e-01
-4.40233946e-01
-4.38863158e-01
-4.37488258e-01
-4.36109245e-01
-4.34726179e-01
-4.33339030e-01
-4.31947768e-01
-4.30552512e-01
-4.29153174e-01
-4.27749842e-01
-4.26342487e-01
-4.24931109e-01
-4.23515737e-01
-4.22096431e-01
-4.20673132e-01
-4.19245899e-01
-4.17814761e-01
-4.16379720e-01
-4.14940715e-01
-4.13497806e-01
-4.12050962e-01
-4.10600275e-01
-4.09145683e-01
-4.07687247e-01
-4.06225085e-01
-4.04759139e-01
-4.03289378e-01
-4.01815832e-01
-4.00338531e-01
-3.98857445e-01
-3.97372633e-01
-3.95884067e-01
-3.94391805e-01
-3.92895818e-01
-3.91396165e-01
-3.89892846e-01
-3.88385892e-01
-3.86875272e-01
-3.85361016e-01
-3.83843124e-01
-3.82321656e-01
-3.80796611e-01
-3.79267991e-01
-3.77735853e-01
-3.76200110e-01
-3.74660850e-01
-3.73118073e-01
-3.71571809e-01
-3.70022029e-01
-3.68468791e-01
-3.66912127e-01
-3.65352005e-01
-3.63788456e-01
-3.62221479e-01
-3.60651135e-01
-3.59077334e-01
-3.57500225e-01
-3.55919719e-01
-3.54335904e-01
-3.52748781e-01
-3.51158321e-01
-3.49564612e-01
-3.47967595e-01
-3.46367329e-01
-3.44763756e-01
-3.43156964e-01
-3.41546983e-01
-3.39933783e-01
-3.38317424e-01
-3.36697876e-01
-3.35075170e-01
-3.33449304e-01
-3.31820279e-01
-3.30188155e-01
-3.28552961e-01
-3.26914638e-01
-3.25273275e-01
-3.23628873e-01
-3.21981430e-01
-3.20330977e-01
-3.18677515e-01
-3.17021042e-01
-3.15361619e-01
-3.13699216e-01
-3.12033892e-01
-3.10365617e-01
-3.08694422e-01
-3.07020336e-01
-3.05343419e-01
-3.03663611e-01
-3.01980972e-01
-3.00295472e-01
-2.98607200e-01
-2.96916097e-01
-2.95222193e-01
-2.93525517e-01
-2.91826099e-01
-2.90123969e-01
-2.88419098e-01
-2.86711514e-01
-2.85001248e-01
-2.83288300e-01
-2.81572670e-01
-2.79854447e-01
-2.78133601e-01
-2.76410103e-01
-2.74684072e-01
-2.72955418e-01
-2.71224231e-01
-2.69490480e-01
-2.67754197e-01
-2.66015410e-01
-2.64274150e-01
-2.62530386e-01
-2.60784149e-01
-2.59035498e-01
-2.57284403e-01
-2.55530894e-01
-2.53775001e-01
-2.52016693e-01
-2.50256062e-01
-2.48493075e-01
-2.46727765e-01
-2.44960144e-01
-2.43190214e-01
-2.41418004e-01
-2.39643529e-01
-2.37866804e-01
-2.36087859e-01
-2.34306693e-01
-2.32523322e-01
-2.30737776e-01
-2.28950068e-01
-2.27160230e-01
-2.25368246e-01
-2.23574147e-01
-2.21777946e-01
-2.19979659e-01
-2.18179330e-01
-2.16376960e-01
-2.14572549e-01
-2.12766111e-01
-2.10957676e-01
-2.09147274e-01
-2.07334921e-01
-2.05520615e-01
-2.03704387e-01
-2.01886237e-01
-2.00066194e-01
-1.98244274e-01
-1.96420506e-01
-1.94594905e-01
-1.92767471e-01
-1.90938219e-01
-1.89107195e-01
-1.87274396e-01
-1.85439840e-01
-1.83603540e-01
-1.81765541e-01
-1.79925814e-01
-1.78084403e-01
-1.76241323e-01
-1.74396589e-01
-1.72550216e-01
-1.70702234e-01
-1.68852642e-01
-1.67001486e-01
-1.65148750e-01
-1.63294464e-01
-1.61438659e-01
-1.59581318e-01
-1.57722503e-01
-1.55862197e-01
-1.54000431e-01
-1.52137220e-01
-1.50272593e-01
-1.48406535e-01
-1.46539092e-01
-1.44670293e-01
-1.42800122e-01
-1.40928626e-01
-1.39055803e-01
-1.37181669e-01
-1.35306254e-01
-1.33429572e-01
-1.31551638e-01
-1.29672483e-01
-1.27792090e-01
-1.25910506e-01
-1.24027744e-01
-1.22143820e-01
-1.20258756e-01
-1.18372567e-01
-1.16485268e-01
-1.14596874e-01
-1.12707406e-01
-1.10816881e-01
-1.08925320e-01
-1.07032739e-01
-1.05139151e-01
-1.03244580e-01
-1.01349048e-01
-9.94525552e-02
-9.75551307e-02
-9.56567898e-02
-9.37575623e-02
-9.18574482e-02
-8.99564773e-02
-8.80546644e-02
-8.61520246e-02
-8.42485800e-02
-8.23443383e-02
-8.04393366e-02
-7.85335749e-02
-7.66270831e-02
-7.47198686e-02
-7.28119537e-02
-7.09033608e-02
-6.89941123e-02
-6.70842081e-02
-6.51736781e-02
-6.32625297e-02
-6.13507964e-02
-5.94384894e-02
-5.75256236e-02
-5.56122176e-02
-5.36982939e-02
-5.17838672e-02
-4.98689525e-02
-4.79535721e-02
-4.60377447e-02
-4.41214889e-02
-4.22048196e-02
-4.02877554e-02
-3.83703113e-02
-3.64525095e-02
-3.45343687e-02
-3.26159038e-02
-3.06971334e-02
-2.87780780e-02
-2.68587545e-02
-2.49391794e-02
-2.30193734e-02
-2.10993495e-02
-1.91791318e-02
-1.72587298e-02
-1.53381806e-02
-1.34174516e-02
-1.14967125e-02
-9.57550202e-03
-7.65535980e-03
-5.73147833e-03
-3.81916226e-03
-1.86855171e-03
5.96046448e-08
3.06951511e-03
