0.00000000e+00
0.00000000e+00
1.49994716e-03
3.48983542e-03
6.17536483e-03
9.19009093e-03
1.22787515e-02
1.53465634e-02
1.84155926e-02
2.14844178e-02
2.45530419e-02
2.76214350e-02
3.06895692e-02
3.37574147e-02
3.68249379e-02
3.98921147e-02
4.29589190e-02
4.60253172e-02
4.90912795e-02
5.21567836e-02
5.52217923e-02
5.82862832e-02
6.13502264e-02
6.44135922e-02
6.74763396e-02
7.05384612e-02
7.35999122e-02
7.66606778e-02
7.97207206e-02
8.27800110e-02
8.58385190e-02
8.88962150e-02
9.19530764e-02
9.50090736e-02
9.80641767e-02
1.01118356e-01
1.04171582e-01
1.07223824e-01
1.10275060e-01
1.13325253e-01
1.16374381e-01
1.19422413e-01
1.22469313e-01
1.25515059e-01
1.28559634e-01
1.31603003e-01
1.34645119e-01
1.37685969e-01
1.40725508e-01
1.43763736e-01
1.46800607e-01
1.49836093e-01
1.52870178e-01
1.55902803e-01
1.58933967e-01
1.61963642e-01
1.64991781e-01
1.68018371e-01
1.71043381e-01
1.74066782e-01
1.77088529e-01
1.80108622e-01
1.83127016e-01
1.86143667e-01
1.89158574e-01
1.92171708e-01
1.95183024e-01
1.98192507e-01
2.01200113e-01
2.04205841e-01
2.07209617e-01
2.10211471e-01
2.13211328e-01
2.16209173e-01
2.19204992e-01
2.22198725e-01
2.25190386e-01
2.28179917e-01
2.31167302e-01
2.34152496e-01
2.37135515e-01
2.40116283e-01
2.43094787e-01
2.46070996e-01
2.49044880e-01
2.52016425e-01
2.54985601e-01
2.57952392e-01
2.60916710e-01
2.63878584e-01
2.66837984e-01
2.69794881e-01
2.72749215e-01
2.75700986e-01
2.78650165e-01
2.81596720e-01
2.84540623e-01
2.87481815e-01
2.90420324e-01
2.93356091e-01
2.96289086e-01
2.99219310e-01
3.02146673e-01
3.05071235e-01
3.07992935e-01
3.10911685e-01
3.13827544e-01
3.16740423e-01
3.19650322e-01
3.22557211e-01
3.25461090e-01
3.28361869e-01
3.31259549e-01
3.34154129e-01
3.37045521e-01
3.39933783e-01
3.42818826e-01
3.45700651e-01
3.48579198e-01
3.51454467e-01
3.54326427e-01
3.57195079e-01
3.60060304e-01
3.62922162e-01
3.65780622e-01
3.68635595e-01
3.71487111e-01
3.74335170e-01
3.77179652e-01
3.80020589e-01
3.82857978e-01
3.85691732e-01
3.88521880e-01
3.91348332e-01
3.94171119e-01
3.96990180e-01
3.99805486e-01
4.02617037e-01
4.05424774e-01
4.08228755e-01
4.11028832e-01
4.13825065e-01
4.16617393e-01
4.19405788e-01
4.22190249e-01
4.24970716e-01
4.27747190e-01
4.30519611e-01
4.33288008e-01
4.36052322e-01
4.38812494e-01
4.41568583e-01
4.44320470e-01
4.47068155e-01
4.49811637e-01
4.52550888e-01
4.55285907e-01
4.58016604e-01
4.60743010e-01
4.63465065e-01
4.66182739e-01
4.68896031e-01
4.71604884e-01
4.74309325e-01
4.77009296e-01
4.79704767e-01
4.82395709e-01
4.85082120e-01
4.87763941e-01
4.90441173e-01
4.93113816e-01
4.95781749e-01
4.98445034e-01
5.01103640e-01
5.03757536e-01
5.06406665e-01
5.09051025e-01
5.11690617e-01
5.14325380e-01
5.16955256e-01
5.19580305e-01
5.22200406e-01
5.24815679e-01
5.27425945e-01
5.30031264e-01
5.32631516e-01
5.35226822e-01
5.37817121e-01
5.40402293e-01
5.42982340e-01
5.45557320e-01
5.48127115e-01
5.50691843e-01
5.53251326e-01
5.55805624e-01
5.58354616e-01
5.60898364e-01
5.63436866e-01
5.65970063e-01
5.68497896e-01
5.71020365e-01
5.73537469e-01
5.76049209e-01
5.78555465e-01
5.81056297e-01
5.83551645e-01
5.86041510e-01
5.88525832e-01
5.91004610e-01
5.93477845e-01
5.95945477e-01
5.98407447e-01
6.00863874e-01
6.03314579e-01
6.05759621e-01
6.08198941e-01
6.10632539e-01
6.13060415e-01
6.15482450e-01
6.17898703e-01
6.20309174e-01
6.22713804e-01
6.25112474e-01
6.27505362e-01
6.29892290e-01
6.32273257e-01
6.34648323e-01
6.37017369e-01
6.39380455e-01
6.41737521e-01
6.44088507e-01
6.46433413e-01
6.48772240e-01
6.51104927e-01
6.53431475e-01
6.55751884e-01
6.58066154e-01
6.60374224e-01
6.62676036e-01
6.64971650e-01
6.67261004e-01
6.69544041e-01
6.71820700e-01
6.74091101e-01
6.76355124e-01
6.78612828e-01
6.80864096e-01
6.83108926e-01
6.85347378e-01
6.87579334e-01
6.89804852e-01
6.92023873e-01
6.94236338e-01
6.96442246e-01
6.98641658e-01
7.00834453e-01
7.03020632e-01
7.05200136e-01
7.07373083e-01
7.09539354e-01
7.11698890e-01
7.13851750e-01
7.15997875e-01
7.18137264e-01
7.20269859e-01
7.22395718e-01
7.24514782e-01
7.26626933e-01
7.28732288e-01
7.30830789e-01
7.32922435e-01
7.35007167e-01
7.37084925e-01
7.39155769e-01
7.41219640e-01
7.43276536e-01
7.45326400e-01
7.47369230e-01
7.49405086e-01
7.51433849e-01
7.53455520e-01
7.55470097e-01
7.57477582e-01
7.59477854e-01
7.61471033e-01
7.63457060e-01
7.65435874e-01
7.67407477e-01
7.69371867e-01
7.71328986e-01
7.73278832e-01
7.75221407e-01
7.77156651e-01
7.79084563e-01
7.81005144e-01
7.82918334e-01
7.84824252e-01
7.86722720e-01
7.88613796e-01
7.90497363e-01
7.92373538e-01
7.94242263e-01
7.96103477e-01
7.97957182e-01
7.99803376e-01
8.01642060e-01
8.03473175e-01
8.05296779e-01
8.07112753e-01
8.08921099e-01
8.10721815e-01
8.12514901e-01
8.14300358e-01
8.16078126e-01
8.17848265e-01
8.19610655e-01
8.21365297e-01
8.23112190e-01
8.24851334e-01
8.26582730e-01
8.28306317e-01
8.30022156e-01
8.31730127e-01
8.33430290e-01
8.35122585e-01
8.36807013e-01
8.38483512e-01
8.40152144e-01
8.41812909e-01
8.43465686e-01
8.45110536e-01
8.46747398e-01
8.48376334e-01
8.49997282e-01
8.51610184e-01
8.53214979e-01
8.54811847e-01
8.56400669e-01
8.57981384e-01
8.59553993e-01
8.61118555e-01
8.62674952e-01
8.64223242e-01
8.65763426e-01
8.67295444e-01
8.68819237e-01
8.70334923e-01
8.71842384e-01
8.73341560e-01
8.74832571e-01
8.76315296e-01
8.77789855e-01
8.79256070e-01
8.80713999e-01
8.82163703e-01
8.83605003e-01
8.85038018e-01
8.86462688e-01
8.87878954e-01
8.89286935e-01
8.90686512e-01
8.92077684e-01
8.93460512e-01
8.94834876e-01
8.96200836e-01
8.97558331e-01
8.98907304e-01
9.00247931e-01
9.01580036e-01
9.02903557e-01
9.04218614e-01
9.05525208e-01
9.06823218e-01
9.08112705e-01
9.09393609e-01
9.10665929e-01
9.11929786e-01
9.13184941e-01
9.14431512e-01
9.15669501e-01
9.16898906e-01
9.18119550e-01
9.19331670e-01
9.20535028e-01
9.21729743e-01
9.22915816e-01
9.24093187e-01
9.25261796e-01
9.26421702e-01
9.27572906e-01
9.28715348e-01
9.29849029e-01
9.30974007e-01
9.32090104e-01
9.33197558e-01
9.34296191e-01
9.35385942e-01
9.36466932e-01
9.37539101e-01
9.38602388e-01
9.39656854e-01
9.40702498e-01
9.41739261e-01
9.42767143e-01
9.43786144e-01
9.44796264e-01
9.45797443e-01
9.46789801e-01
9.47773218e-01
9.48747694e-01
9.49713171e-01
9.50669765e-01
9.51617360e-01
9.52555954e-01
9.53485668e-01
9.54406321e-01
9.55318034e-01
9.56220686e-01
9.57114458e-01
9.57999110e-01
9.58874762e-01
9.59741354e-01
9.60598886e-01
9.61447418e-01
9.62286830e-01
9.63117301e-01
9.63938594e-01
9.64750826e-01
9.65553939e-01
9.66347992e-01
9.67132986e-01
9.67908800e-01
9.68675554e-01
9.69433129e-01
9.70181644e-01
9.70920920e-01
9.71651077e-01
9.72372055e-01
9.73083913e-01
9.73786592e-01
9.74480093e-01
9.75164413e-01
9.75839615e-01
9.76505518e-01
9.77162242e-01
9.77809787e-01
9.78448093e-01
9.79077220e-01
9.79697108e-01
9.80307758e-01
9.80909169e-01
9.81501341e-01
9.82084274e-01
9.82657909e-01
9.83222365e-01
9.83777523e-01
9.84323442e-01
9.84860003e-01
9.85387325e-01
9.85905409e-01
9.86414135e-01
9.86913621e-01
9.87403810e-01
9.87884641e-01
9.88356173e-01
9.88818467e-01
9.89271343e-01
9.89715040e-01
9.90149260e-01
9.90574181e-01
9.90989864e-01
9.91396129e-01
9.91793096e-01
9.92180645e-01
9.92558897e-01
9.92927790e-01
9.93287385e-01
9.93637502e-01
9.93978381e-01
9.94309843e-01
9.94631946e-01
9.94944692e-01
9.95248020e-01
9.95541990e-01
9.95826602e-01
9.96101797e-01
9.96367574e-01
9.96624053e-01
9.96871054e-01
9.97108698e-01
9.97336984e-01
9.97555852e-01
9.97765362e-01
9.97965395e-01
9.98156071e-01
9.98337328e-01
9.98509109e-01
9.98671591e-01
9.98824656e-01
9.98968244e-01
9.99102533e-01
9.99227285e-01
9.99342620e-01
9.99448657e-01
9.99545217e-01
9.99632299e-01
9.99710083e-01
9.99778330e-01
9.99837220e-01
9.99886692e-01
9.99926746e-01
9.99957383e-01
9.99978602e-01
9.99990404e-01
9.99992728e-01
9.99985635e-01
9.99969125e-01
9.99943197e-01
9.99907911e-01
9.99863148e-01
9.99808967e-01
9.99745429e-01
9.99672413e-01
9.99589980e-01
9.99498129e-01
9.99396861e-01
9.99286115e-01
9.99166071e-01
9.99036551e-01
9.98897672e-01
9.98749316e-01
9.98591602e-01
9.98424411e-01
9.98247862e-01
9.98061955e-01
9.97866571e-01
9.97661769e-01
9.97447610e-01
9.97224033e-01
9.96991098e-01
9.96748745e-01
9.96496975e-01
9.96235847e-01
9.95965362e-01
9.95685458e-01
9.95396197e-01
9.95097518e-01
9.94789481e-01
9.94472086e-01
9.94145274e-01
9.93809164e-01
9.93463635e-01
9.93108749e-01
9.92744565e-01
9.92370963e-01
9.91988003e-01
9.91595745e-01
9.91194129e-01
9.90783155e-01
9.90362883e-01
9.89933252e-01
9.89494324e-01
9.89046156e-01
9.88588512e-01
9.88121569e-01
9.87645388e-01
9.87159848e-01
9.86665070e-01
9.86160934e-01
9.85647559e-01
9.85124826e-01
9.84592855e-01
9.84051585e-01
9.83501077e-01
9.82941270e-01
9.82372284e-01
9.81793940e-01
9.81206417e-01
9.80609596e-01
9.80003595e-01
9.79388297e-01
9.78763819e-01
9.78130102e-01
9.77487147e-01
9.76835012e-01
9.76173699e-01
9.75503206e-01
9.74823415e-01
9.74134505e-01
9.73436356e-01
9.72729146e-01
9.72012699e-01
9.71287131e-01
9.70552385e-01
9.69808519e-01
9.69055474e-01
9.68293309e-01
9.67522025e-01
9.66741621e-01
9.65952098e-01
9.65153575e-01
9.64345872e-01
9.63529110e-01
9.62703228e-01
9.61868286e-01
9.61024284e-01
9.60171282e-01
9.59309161e-01
9.58438039e-01
9.57557917e-01
9.56668735e-01
9.55770552e-01
9.54863310e-01
9.53947127e-01
9.53021944e-01
9.52087820e-01
9.51144695e-01
9.50192571e-01
9.49231505e-01
9.48261499e-01
9.47282612e-01
9.46294725e-01
9.45297956e-01
9.44292367e-01
9.43277776e-01
9.42254305e-01
9.41221952e-01
9.40180779e-01
9.39130783e-01
9.38071847e-01
9.37004089e-01
9.35927510e-01
9.34842110e-01
9.33747947e-01
9.32644963e-01
9.31533158e-01
9.30412591e-01
9.29283261e-01
9.28145230e-01
9.26998377e-01
9.25842822e-01
9.24678564e-01
9.23505545e-01
9.22323883e-01
9.21133518e-01
9.19934452e-01
9.18726683e-01
9.17510331e-01
9.16285336e-01
9.15051639e-01
9.13809359e-01
9.12558496e-01
9.11298931e-01
9.10030901e-01
9.08754289e-01
9.07469034e-01
9.06175315e-01
9.04873013e-01
9.03562188e-01
9.02242780e-01
9.00914967e-01
8.99578631e-01
8.98233891e-01
8.96880567e-01
8.95518899e-01
8.94148767e-01
8.92770171e-01
8.91383171e-01
8.89987826e-01
8.88584018e-01
8.87171924e-01
8.85751367e-01
8.84322524e-01
8.82885337e-01
8.81439865e-01
8.79986048e-01
8.78524005e-01
8.77053618e-01
8.75575006e-01
8.74088109e-01
8.72592986e-01
8.71089697e-01
8.69578123e-01
8.68058383e-01
8.66530478e-01
8.64994347e-01
8.63450110e-01
8.61897767e-01
8.60337317e-01
8.58768761e-01
8.57192039e-01
8.55607331e-01
8.54014456e-01
8.52413595e-01
8.50804687e-01
8.49187791e-01
8.47562850e-01
8.45929980e-01
8.44289064e-01
8.42640281e-01
8.40983510e-01
8.39318871e-01
8.37646246e-01
8.35965753e-01
8.34277451e-01
8.32581222e-01
8.30877125e-01
8.29165280e-01
8.27445567e-01
8.25718045e-01
8.23982775e-01
8.22239757e-01
8.20488989e-01
8.18730414e-01
8.16964209e-01
8.15190256e-01
8.13408673e-01
8.11619401e-01
8.09822440e-01
8.08017910e-01
8.06205750e-01
8.04385960e-01
8.02558661e-01
8.00723732e-01
7.98881233e-01
7.97031283e-01
7.95173824e-01
7.93308854e-01
7.91436434e-01
7.89556503e-01
7.87669122e-01
7.85774350e-01
7.83872247e-01
7.81962693e-01
7.80045748e-01
7.78121471e-01
7.76189864e-01
7.74250984e-01
7.72304833e-01
7.70351350e-01
7.68390596e-01
7.66422570e-01
7.64447331e-01
7.62464941e-01
7.60475338e-01
7.58478642e-01
7.56474733e-01
7.54463732e-01
7.52445638e-01
7.50420392e-01
7.48388052e-01
7.46348739e-01
7.44302392e-01
7.42249012e-01
7.40188599e-01
7.38121212e-01
7.36046910e-01
7.33965635e-01
7.31877506e-01
7.29782462e-01
7.27680504e-01
7.25571752e-01
7.23456144e-01
7.21333742e-01
7.19204485e-01
7.17068493e-01
7.14925706e-01
7.12776184e-01
7.10619926e-01
7.08456993e-01
7.06287384e-01
7.04111218e-01
7.01928318e-01
6.99738860e-01
6.97542787e-01
6.95340157e-01
6.93130970e-01
6.90915227e-01
6.88692927e-01
6.86464190e-01
6.84229016e-01
6.81987345e-01
6.79739296e-01
6.77484810e-01
6.75223947e-01
6.72956765e-01
6.70683146e-01
6.68403268e-01
6.66117072e-01
6.63824677e-01
6.61525965e-01
6.59220994e-01
6.56909883e-01
6.54592514e-01
6.52269006e-01
6.49939358e-01
6.47603571e-01
6.45261705e-01
6.42913759e-01
6.40559733e-01
6.38199687e-01
6.35833621e-01
6.33461535e-01
6.31083488e-01
6.28699541e-01
6.26309693e-01
6.23913884e-01
6.21512234e-01
6.19104743e-01
6.16691351e-01
6.14272177e-01
6.11847222e-01
6.09416485e-01
6.06980026e-01
6.04537845e-01
6.02089942e-01
5.99636376e-01
5.97177207e-01
5.94712377e-01
5.92242002e-01
5.89765966e-01
5.87284386e-01
5.84797263e-01
5.82304657e-01
5.79806566e-01
5.77303052e-01
5.74793994e-01
5.72279632e-01
5.69759786e-01
5.67234635e-01
5.64704120e-01
5.62168300e-01
5.59627175e-01
5.57080746e-01
5.54529130e-01
5.51972210e-01
5.49410164e-01
5.46842933e-01
5.44270515e-01
5.41692972e-01
5.39110363e-01
5.36522627e-01
5.33929825e-01
5.31332076e-01
5.28729260e-01
5.26121438e-01
5.23508728e-01
5.20891011e-01
5.18268406e-01
5.15640974e-01
5.13008654e-01
5.10371447e-01
5.07729471e-01
5.05082726e-01
5.02431214e-01
4.99774992e-01
4.97114033e-01
4.94448394e-01
4.91778105e-01
4.89103168e-01
4.86423612e-01
4.83739495e-01
4.81050849e-01
4.78357613e-01
4.75659907e-01
4.72957730e-01
4.70251054e-01
4.67539966e-01
4.64824468e-01
4.62104589e-01
4.59380388e-01
4.56651837e-01
4.53918964e-01
4.51181829e-01
4.48440433e-01
4.45694834e-01
4.42945033e-01
4.40191060e-01
4.37432945e-01
4.34670687e-01
4.31904346e-01
4.29133952e-01
4.26359475e-01
4.23581004e-01
4.20798540e-01
4.18012112e-01
4.15221751e-01
4.12427485e-01
4.09629315e-01
4.06827301e-01
4.04021442e-01
4.01211768e-01
3.98398310e-01
3.95581126e-01
3.92760187e-01
3.89935583e-01
3.87107283e-01
3.84275347e-01
3.81439775e-01
3.78600627e-01
3.75757873e-01
3.72911632e-01
3.70061845e-01
3.67208570e-01
3.64351839e-01
3.61491680e-01
3.58628124e-01
3.55761170e-01
3.52890879e-01
3.50017250e-01
3.47140342e-01
3.44260156e-01
3.41376722e-01
3.38490069e-01
3.35600257e-01
3.32707226e-01
3.29811096e-01
3.26911867e-01
3.24009538e-01
3.21104169e-01
3.18195760e-01
3.15284371e-01
3.12370002e-01
3.09452683e-01
3.06532472e-01
3.03609371e-01
3.00683379e-01
2.97754586e-01
2.94822961e-01
2.91888565e-01
2.88951427e-01
2.86011577e-01
2.83069015e-01
2.80123800e-01
2.77175933e-01
2.74225444e-01
2.71272391e-01
2.68316776e-01
2.65358627e-01
2.62398005e-01
2.59434909e-01
2.56469339e-01
2.53501356e-01
2.50530988e-01
2.47558251e-01
2.44583204e-01
2.41605848e-01
2.38626212e-01
2.35644311e-01
2.32660204e-01
2.29673907e-01
2.26685449e-01
2.23694846e-01
2.20702156e-01
2.17707381e-01
2.14710549e-01
2.11711675e-01
2.08710819e-01
2.05707997e-01
2.02703252e-01
1.99696571e-01
1.96688026e-01
1.93677634e-01
1.90665394e-01
1.87651366e-01
1.84635580e-01
1.81618050e-01
1.78598821e-01
1.75577894e-01
1.72555313e-01
1.69531107e-01
1.66505307e-01
1.63477927e-01
1.60449028e-01
1.57418609e-01
1.54386699e-01
1.51353344e-01
1.48318544e-01
1.45282373e-01
1.42244816e-01
1.39205918e-01
1.36165723e-01
1.33124232e-01
1.30081490e-01
1.27037525e-01
1.23992369e-01
1.20946035e-01
1.17898561e-01
1.14849985e-01
1.11800320e-01
1.08749598e-01
1.05697863e-01
1.02645122e-01
9.95914191e-02
9.65367779e-02
9.34812278e-02
9.04247910e-02
8.73675123e-02
8.43093991e-02
8.12504888e-02
7.81908259e-02
7.51304179e-02
7.20693097e-02
6.90075159e-02
6.59450740e-02
6.28820136e-02
5.98183535e-02
5.67541383e-02
5.36893830e-02
5.06241210e-02
4.75583859e-02
4.44922000e-02
4.14255969e-02
3.83586027e-02
3.52912471e-02
3.22235599e-02
2.91555673e-02
2.60872990e-02
2.30187867e-02
1.99500583e-02
1.68811418e-02
1.38120651e-02
1.07428590e-02
7.67355179e-03
4.60417196e-03
1.53474871e-03
-1.53468910e-03
-4.60411236e-03
-7.67349172e-03
-1.07427994e-02
-1.38120055e-02
-1.68810822e-02
-1.99499987e-02
-2.30187271e-02
-2.60872394e-02
-2.91555077e-02
-3.22235003e-02
-3.52911875e-02
-3.83585431e-02
-4.14255373e-02
-4.44921404e-02
-4.75583263e-02
-5.06240651e-02
-5.36893234e-02
-5.67540787e-02
-5.98182939e-02
-6.28819540e-02
-6.59450144e-02
-6.90074563e-02
-7.20692500e-02
-7.51303583e-02
-7.81907663e-02
-8.12504366e-02
-8.43093395e-02
-8.73674452e-02
-9.04247388e-02
-9.34811682e-02
-9.65367183e-02
-9.95913595e-02
-1.02645062e-01
-1.05697803e-01
-1.08749539e-01
-1.11800261e-01
-1.14849918e-01
-1.17898501e-01
-1.20945975e-01
-1.23992309e-01
-1.27037466e-01
-1.30081430e-01
-1.33124173e-01
-1.36165664e-01
-1.39205858e-01
-1.42244756e-01
-1.45282313e-01
-1.48318484e-01
-1.51353270e-01
-1.54386640e-01
-1.57418549e-01
-1.60448968e-01
-1.63477868e-01
-1.66505247e-01
-1.69531047e-01
-1.72555253e-01
-1.75577834e-01
-1.78598762e-01
-1.81618005e-01
-1.84635520e-01
-1.87651321e-01
-1.90665349e-01
-1.93677574e-01
-1.96687967e-01
-1.99696511e-01
-2.02703178e-01
-2.05707937e-01
-2.08710760e-01
-2.11711615e-01
-2.14710474e-01
-2.17707321e-01
-2.20702097e-01
-2.23694786e-01
-2.26685390e-01
-2.29673848e-01
-2.32660159e-01
-2.35644251e-01
-2.38626137e-01
-2.41605788e-01
-2.44583145e-01
-2.47558206e-01
-2.50530928e-01
-2.53501296e-01
-2.56469250e-01
-2.59434819e-01
-2.62397945e-01
-2.65358597e-01
-2.68316716e-01
-2.71272331e-01
-2.74225384e-01
-2.77175874e-01
-2.80123740e-01
-2.83068985e-01
-2.86011517e-01
-2.88951397e-01
-2.91888535e-01
-2.94822931e-01
-2.97754526e-01
-3.00683320e-01
-3.03609312e-01
-3.06532413e-01
-3.09452653e-01
-3.12369943e-01
-3.15284312e-01
-3.18195730e-01
-3.21104139e-01
-3.24009508e-01
-3.26911807e-01
-3.29811037e-01
-3.32707196e-01
-3.35600197e-01
-3.38490039e-01
-3.41376662e-01
-3.44260097e-01
-3.47140282e-01
-3.50017220e-01
-3.52890819e-01
-3.55761111e-01
-3.58628064e-01
-3.61491621e-01
-3.64351779e-01
-3.67208511e-01
-3.70061785e-01
-3.72911572e-01
-3.75757813e-01
-3.78600568e-01
-3.81439716e-01
-3.84275287e-01
-3.87107223e-01
-3.89935493e-01
-3.92760128e-01
-3.95581037e-01
-3.98398280e-01
-4.01211709e-01
-4.04021353e-01
-4.06827211e-01
-4.09629256e-01
-4.12427425e-01
-4.15221691e-01
-4.18012053e-01
-4.20798481e-01
-4.23580945e-01
-4.26359445e-01
-4.29133892e-01
-4.31904286e-01
-4.34670627e-01
-4.37432885e-01
-4.40191001e-01
-4.42945004e-01
-4.45694804e-01
-4.48440403e-01
-4.51181799e-01
-4.53918904e-01
-4.56651777e-01
-4.59380329e-01
-4.62104559e-01
-4.64824438e-01
-4.67539907e-01
-4.70250994e-01
-4.72957641e-01
-4.75659847e-01
-4.78357583e-01
-4.81050789e-01
-4.83739465e-01
-4.86423582e-01
-4.89103109e-01
-4.91778046e-01
-4.94448364e-01
-4.97113973e-01
-4.99774933e-01
-5.02431154e-01
-5.05082667e-01
-5.07729411e-01
-5.10371387e-01
-5.13008595e-01
-5.15640855e-01
-5.18268347e-01
-5.20890951e-01
-5.23508608e-01
-5.26121378e-01
-5.28729141e-01
-5.31331956e-01
-5.33929765e-01
-5.36522567e-01
-5.39110303e-01
-5.41692972e-01
-5.44270456e-01
-5.46842873e-01
-5.49410105e-01
-5.51972151e-01
-5.54529071e-01
-5.57080686e-01
-5.59627116e-01
-5.62168241e-01
-5.64704061e-01
-5.67234635e-01
-5.69759786e-01
-5.72279572e-01
-5.74793994e-01
-5.77302992e-01
-5.79806566e-01
-5.82304657e-01
-5.84797263e-01
-5.87284327e-01
-5.89765906e-01
-5.92241943e-01
-5.94712377e-01
-5.97177207e-01
-5.99636376e-01
-6.02089882e-01
-6.04537785e-01
-6.06979966e-01
-6.09416425e-01
-6.11847162e-01
-6.14272118e-01
-6.16691291e-01
-6.19104683e-01
-6.21512175e-01
-6.23913884e-01
-6.26309633e-01
-6.28699541e-01
-6.31083488e-01
-6.33461475e-01
-6.35833561e-01
-6.38199627e-01
-6.40559673e-01
-6.42913699e-01
-6.45261645e-01
-6.47603571e-01
-6.49939299e-01
-6.52268946e-01
-6.54592454e-01
-6.56909764e-01
-6.59220934e-01
-6.61525905e-01
-6.63824618e-01
-6.66117072e-01
-6.68403268e-01
-6.70683146e-01
-6.72956705e-01
-6.75223947e-01
-6.77484810e-01
-6.79739237e-01
-6.81987345e-01
-6.84228957e-01
-6.86464131e-01
-6.88692868e-01
-6.90915108e-01
-6.93130851e-01
-6.95340097e-01
-6.97542727e-01
-6.99738801e-01
-7.01928318e-01
-7.04111218e-01
-7.06287444e-01
-7.08456993e-01
-7.10619926e-01
-7.12776124e-01
-7.14925647e-01
-7.17068434e-01
-7.19204426e-01
-7.21333623e-01
-7.23456085e-01
-7.25571752e-01
-7.27680504e-01
-7.29782462e-01
-7.31877506e-01
-7.33965695e-01
-7.36046910e-01
-7.38121212e-01
-7.40188539e-01
-7.42248952e-01
-7.44302332e-01
-7.46348679e-01
-7.48388052e-01
-7.50420332e-01
-7.52445579e-01
-7.54463732e-01
-7.56474733e-01
-7.58478642e-01
-7.60475338e-01
-7.62464941e-01
-7.64447331e-01
-7.66422570e-01
-7.68390536e-01
-7.70351291e-01
-7.72304773e-01
-7.74250925e-01
-7.76189864e-01
-7.78121412e-01
-7.80045748e-01
-7.81962633e-01
-7.83872187e-01
-7.85774350e-01
-7.87669122e-01
-7.89556444e-01
-7.91436374e-01
-7.93308854e-01
-7.95173824e-01
-7.97031283e-01
-7.98881233e-01
-8.00723732e-01
-8.02558601e-01
-8.04385960e-01
-8.06205690e-01
-8.08017910e-01
-8.09822440e-01
-8.11619282e-01
-8.13408554e-01
-8.15190196e-01
-8.16964149e-01
-8.18730414e-01
-8.20488930e-01
-8.22239697e-01
-8.23982716e-01
-8.25718045e-01
-8.27445567e-01
-8.29165220e-01
-8.30877125e-01
-8.32581162e-01
-8.34277332e-01
-8.35965693e-01
-8.37646186e-01
-8.39318812e-01
-8.40983510e-01
-8.42640281e-01
-8.44289124e-01
-8.45929921e-01
-8.47562850e-01
-8.49187732e-01
-8.50804687e-01
-8.52413595e-01
-8.54014456e-01
-8.55607271e-01
-8.57192039e-01
-8.58768702e-01
-8.60337317e-01
-8.61897767e-01
-8.63450170e-01
-8.64994347e-01
-8.66530418e-01
-8.68058324e-01
-8.69578063e-01
-8.71089637e-01
-8.72592986e-01
-8.74088049e-01
-8.75574946e-01
-8.77053559e-01
-8.78523946e-01
-8.79986048e-01
-8.81439865e-01
-8.82885337e-01
-8.84322524e-01
-8.85751367e-01
-8.87171805e-01
-8.88583958e-01
-8.89987767e-01
-8.91383171e-01
-8.92770171e-01
-8.94148707e-01
-8.95518839e-01
-8.96880627e-01
-8.98233831e-01
-8.99578631e-01
-9.00914967e-01
-9.02242780e-01
-9.03562129e-01
-9.04872954e-01
-9.06175256e-01
-9.07469034e-01
-9.08754230e-01
-9.10030901e-01
-9.11298931e-01
-9.12558436e-01
-9.13809359e-01
-9.15051639e-01
-9.16285276e-01
-9.17510331e-01
-9.18726683e-01
-9.19934452e-01
-9.21133518e-01
-9.22323883e-01
-9.23505545e-01
-9.24678504e-01
-9.25842822e-01
-9.26998377e-01
-9.28145170e-01
-9.29283261e-01
-9.30412591e-01
-9.31533098e-01
-9.32644904e-01
-9.33747888e-01
-9.34842169e-01
-9.35927510e-01
-9.37004089e-01
-9.38071787e-01
-9.39130723e-01
-9.40180779e-01
-9.41221952e-01
-9.42254305e-01
-9.43277776e-01
-9.44292307e-01
-9.45297956e-01
-9.46294785e-01
-9.47282612e-01
-9.48261559e-01
-9.49231565e-01
-9.50192571e-01
-9.51144636e-01
-9.52087760e-01
-9.53021884e-01
-9.53947127e-01
-9.54863310e-01
-9.55770493e-01
-9.56668675e-01
-9.57557917e-01
-9.58438039e-01
-9.59309161e-01
-9.60171223e-01
-9.61024284e-01
-9.61868286e-01
-9.62703168e-01
-9.63529050e-01
-9.64345813e-01
-9.65153515e-01
-9.65952158e-01
-9.66741621e-01
-9.67522025e-01
-9.68293309e-01
-9.69055474e-01
-9.69808519e-01
-9.70552385e-01
-9.71287072e-01
-9.72012699e-01
-9.72729146e-01
-9.73436415e-01
-9.74134445e-01
-9.74823415e-01
-9.75503087e-01
-9.76173639e-01
-9.76835012e-01
-9.77487147e-01
-9.78130102e-01
-9.78763759e-01
-9.79388297e-01
-9.80003536e-01
-9.80609596e-01
-9.81206417e-01
-9.81793940e-01
-9.82372284e-01
-9.82941329e-01
-9.83501136e-01
-9.84051645e-01
-9.84592855e-01
-9.85124826e-01
-9.85647559e-01
-9.86160934e-01
-9.86665010e-01
-9.87159908e-01
-9.87645388e-01
-9.88121629e-01
-9.88588512e-01
-9.89046097e-01
-9.89494324e-01
-9.89933252e-01
-9.90362883e-01
-9.90783215e-01
-9.91194129e-01
-9.91595745e-01
-9.91988003e-01
-9.92370963e-01
-9.92744565e-01
-9.93108749e-01
-9.93463635e-01
-9.93809104e-01
-9.94145274e-01
-9.94472086e-01
-9.94789481e-01
-9.95097518e-01
-9.95396197e-01
-9.95685458e-01
-9.95965362e-01
-9.96235788e-01
-9.96496975e-01
-9.96748745e-01
-9.96991098e-01
-9.97224033e-01
-9.97447610e-01
-9.97661769e-01
-9.97866511e-01
-9.98061955e-01
-9.98247921e-01
-9.98424470e-01
-9.98591542e-01
-9.98749316e-01
-9.98897672e-01
-9.99036610e-01
-9.99166071e-01
-9.99286115e-01
-9.99396801e-01
-9.99498069e-01
-9.99589920e-01
-9.99672413e-01
-9.99745429e-01
-9.99808967e-01
-9.99863148e-01
-9.99907911e-01
-9.99943256e-01
-9.99969184e-01
-9.99985635e-01
-9.99992728e-01
-9.99990344e-01
-9.99978542e-01
-9.99957323e-01
-9.99926746e-01
-9.99886692e-01
-9.99837279e-01
-9.99778390e-01
-9.99710023e-01
-9.99632299e-01
-9.99545217e-01
-9.99448657e-01
-9.99342680e-01
-9.99227285e-01
-9.99102533e-01
-9.98968303e-01
-9.98824656e-01
-9.98671651e-01
-9.98509169e-01
-9.98337328e-01
-9.98156071e-01
-9.97965395e-01
-9.97765303e-01
-9.97555912e-01
-9.97337043e-01
-9.97108757e-01
-9.96871114e-01
-9.96624053e-01
-9.96367633e-01
-9.96101797e-01
-9.95826602e-01
-9.95541990e-01
-9.95248020e-01
-9.94944692e-01
-9.94631946e-01
-9.94309843e-01
-9.93978381e-01
-9.93637562e-01
-9.93287385e-01
-9.92927849e-01
-9.92558897e-01
-9.92180645e-01
-9.91793036e-01
-9.91396070e-01
-9.90989804e-01
-9.90574181e-01
-9.90149260e-01
-9.89715040e-01
-9.89271402e-01
-9.88818407e-01
-9.88356233e-01
-9.87884641e-01
-9.87403810e-01
-9.86913621e-01
-9.86414135e-01
-9.85905409e-01
-9.85387385e-01
-9.84860003e-01
-9.84323442e-01
-9.83777523e-01
-9.83222365e-01
-9.82657969e-01
-9.82084274e-01
-9.81501400e-01
-9.80909169e-01
-9.80307758e-01
-9.79697108e-01
-9.79077220e-01
-9.78448093e-01
-9.77809787e-01
-9.77162242e-01
-9.76505518e-01
-9.75839555e-01
-9.75164413e-01
-9.74480152e-01
-9.73786652e-01
-9.73083913e-01
-9.72372115e-01
-9.71651077e-01
-9.70920920e-01
-9.70181584e-01
-9.69433129e-01
-9.68675554e-01
-9.67908859e-01
-9.67132986e-01
-9.66348052e-01
-9.65553999e-01
-9.64750826e-01
-9.63938594e-01
-9.63117301e-01
-9.62286949e-01
-9.61447477e-01
-9.60599005e-01
-9.59741354e-01
-9.58874762e-01
-9.57999110e-01
-9.57114458e-01
-9.56220746e-01
-9.55318093e-01
-9.54406381e-01
-9.53485668e-01
-9.52556014e-01
-9.51617360e-01
-9.50669765e-01
-9.49713171e-01
-9.48747635e-01
-9.47773218e-01
-9.46789861e-01
-9.45797563e-01
-9.44796324e-01
-9.43786204e-01
-9.42767203e-01
-9.41739261e-01
-9.40702558e-01
-9.39656913e-01
-9.38602448e-01
-9.37539101e-01
-9.36466932e-01
-9.35385942e-01
-9.34296131e-01
-9.33197558e-01
-9.32090163e-01
-9.30974007e-01
-9.29849029e-01
-9.28715348e-01
-9.27572906e-01
-9.26421702e-01
-9.25261796e-01
-9.24093127e-01
-9.22915816e-01
-9.21729803e-01
-9.20535088e-01
-9.19331670e-01
-9.18119609e-01
-9.16898906e-01
-9.15669560e-01
-9.14431572e-01
-9.13185000e-01
-9.11929786e-01
-9.10666049e-01
-9.09393668e-01
-9.08112705e-01
-9.06823277e-01
-9.05525208e-01
-9.04218614e-01
-9.02903557e-01
-9.01579976e-01
-9.00247872e-01
-8.98907304e-01
-8.97558331e-01
-8.96200776e-01
-8.94834876e-01
-8.93460512e-01
-8.92077744e-01
-8.90686572e-01
-8.89286935e-01
-8.87878954e-01
-8.86462688e-01
-8.85037959e-01
-8.83605003e-01
-8.82163703e-01
-8.80714059e-01
-8.79256129e-01
-8.77789855e-01
-8.76315296e-01
-8.74832511e-01
-8.73341501e-01
-8.71842325e-01
-8.70334864e-01
-8.68819237e-01
-8.67295384e-01
-8.65763426e-01
-8.64223301e-01
-8.62675011e-01
-8.61118615e-01
-8.59554112e-01
-8.57981384e-01
-8.56400669e-01
-8.54811907e-01
-8.53215039e-01
-8.51610184e-01
-8.49997282e-01
-8.48376334e-01
-8.46747398e-01
-8.45110536e-01
-8.43465686e-01
-8.41812909e-01
-8.40152204e-01
-8.38483572e-01
-8.36807013e-01
-8.35122645e-01
-8.33430290e-01
-8.31730187e-01
-8.30022216e-01
-8.28306377e-01
-8.26582789e-01
-8.24851334e-01
-8.23112249e-01
-8.21365297e-01
-8.19610655e-01
-8.17848265e-01
-8.16078186e-01
-8.14300418e-01
-8.12514961e-01
-8.10721815e-01
-8.08921099e-01
-8.07112813e-01
-8.05296838e-01
-8.03473234e-01
-8.01642120e-01
-7.99803436e-01
-7.97957242e-01
-7.96103477e-01
-7.94242263e-01
-7.92373598e-01
-7.90497422e-01
-7.88613796e-01
-7.86722720e-01
-7.84824252e-01
-7.82918394e-01
-7.81005204e-01
-7.79084563e-01
-7.77156651e-01
-7.75221407e-01
-7.73278832e-01
-7.71328986e-01
-7.69371867e-01
-7.67407537e-01
-7.65435934e-01
-7.63457119e-01
-7.61471093e-01
-7.59477913e-01
-7.57477582e-01
-7.55470097e-01
-7.53455579e-01
-7.51433909e-01
-7.49405086e-01
-7.47369289e-01
-7.45326459e-01
-7.43276596e-01
-7.41219699e-01
-7.39155769e-01
-7.37084925e-01
-7.35007167e-01
-7.32922494e-01
-7.30830908e-01
-7.28732407e-01
-7.26626992e-01
-7.24514842e-01
-7.22395778e-01
-7.20269978e-01
-7.18137324e-01
-7.15997934e-01
-7.13851810e-01
-7.11698890e-01
-7.09539354e-01
-7.07373142e-01
-7.05200195e-01
-7.03020632e-01
-7.00834394e-01
-6.98641658e-01
-6.96442306e-01
-6.94236398e-01
-6.92023933e-01
-6.89804912e-01
-6.87579393e-01
-6.85347438e-01
-6.83108985e-01
-6.80864155e-01
-6.78612888e-01
-6.76355183e-01
-6.74091160e-01
-6.71820819e-01
-6.69544101e-01
-6.67261004e-01
-6.64971709e-01
-6.62676096e-01
-6.60374284e-01
-6.58066213e-01
-6.55752003e-01
-6.53431535e-01
-6.51104987e-01
-6.48772240e-01
-6.46433413e-01
-6.44088507e-01
-6.41737521e-01
-6.39380515e-01
-6.37017429e-01
-6.34648383e-01
-6.32273316e-01
-6.29892349e-01
-6.27505422e-01
-6.25112593e-01
-6.22713864e-01
-6.20309293e-01
-6.17898822e-01
-6.15482509e-01
-6.13060415e-01
-6.10632598e-01
-6.08199000e-01
-6.05759621e-01
-6.03314579e-01
-6.00863874e-01
-5.98407507e-01
-5.95945537e-01
-5.93477905e-01
-5.91004670e-01
-5.88525891e-01
-5.86041570e-01
-5.83551705e-01
-5.81056356e-01
-5.78555524e-01
-5.76049268e-01
-5.73537529e-01
-5.71020424e-01
-5.68497956e-01
-5.65970063e-01
-5.63436925e-01
-5.60898423e-01
-5.58354616e-01
-5.55805564e-01
-5.53251326e-01
-5.50691843e-01
-5.48127174e-01
-5.45557380e-01
-5.42982399e-01
-5.40402293e-01
-5.37817121e-01
-5.35226882e-01
-5.32631576e-01
-5.30031264e-01
-5.27425945e-01
-5.24815679e-01
-5.22200465e-01
-5.19580364e-01
-5.16955316e-01
-5.14325440e-01
-5.11690676e-01
-5.09051085e-01
-5.06406724e-01
-5.03757596e-01
-5.01103759e-01
-4.98445094e-01
-4.95781839e-01
-4.93113846e-01
-4.90441233e-01
-4.87764001e-01
-4.85082179e-01
-4.82395768e-01
-4.79704827e-01
-4.77009356e-01
-4.74309385e-01
-4.71604943e-01
-4.68896061e-01
-4.66182768e-01
-4.63465124e-01
-4.60743070e-01
-4.58016694e-01
-4.55285966e-01
-4.52550977e-01
-4.49811727e-01
-4.47068214e-01
-4.44320470e-01
-4.41568583e-01
-4.38812524e-01
-4.36052352e-01
-4.33288038e-01
-4.30519670e-01
-4.27747250e-01
-4.24970776e-01
-4.22190309e-01
-4.19405848e-01
-4.16617453e-01
-4.13825125e-01
-4.11028922e-01
-4.08228815e-01
-4.05424863e-01
-4.02617127e-01
-3.99805546e-01
-3.96990240e-01
-3.94171149e-01
-3.91348392e-01
-3.88521910e-01
-3.85691792e-01
-3.82858038e-01
-3.80020648e-01
-3.77179712e-01
-3.74335229e-01
-3.71487170e-01
-3.68635684e-01
-3.65780652e-01
-3.62922221e-01
-3.60060364e-01
-3.57195109e-01
-3.54326487e-01
-3.51454526e-01
-3.48579258e-01
-3.45700711e-01
-3.42818886e-01
-3.39933842e-01
-3.37045610e-01
-3.34154189e-01
-3.31259608e-01
-3.28361899e-01
-3.25461119e-01
-3.22557271e-01
-3.19650382e-01
-3.16740453e-01
-3.13827574e-01
-3.10911745e-01
-3.07992965e-01
-3.05071294e-01
-3.02146733e-01
-2.99219370e-01
-2.96289146e-01
-2.93356150e-01
-2.90420353e-01
-2.87481874e-01
-2.84540683e-01
-2.81596780e-01
-2.78650224e-01
-2.75701016e-01
-2.72749275e-01
-2.69794941e-01
-2.66838044e-01
-2.63878644e-01
-2.60916770e-01
-2.57952452e-01
-2.54985660e-01
-2.52016485e-01
-2.49044940e-01
-2.46071041e-01
-2.43094832e-01
-2.40116328e-01
-2.37135559e-01
-2.34152570e-01
-2.31167361e-01
-2.28179976e-01
-2.25190446e-01
-2.22198784e-01
-2.19205052e-01
-2.16209233e-01
-2.13211387e-01
-2.10211515e-01
-2.07209691e-01
-2.04205900e-01
-2.01200172e-01
-1.98192567e-01
-1.95183083e-01
-1.92171782e-01
-1.89158648e-01
-1.86143741e-01
-1.83127075e-01
-1.80108666e-01
-1.77088588e-01
-1.74066842e-01
-1.71043441e-01
-1.68018445e-01
-1.64991841e-01
-1.61963701e-01
-1.58934027e-01
-1.55902863e-01
-1.52870223e-01
-1.49836153e-01
-1.46800667e-01
-1.43763795e-01
-1.40725568e-01
-1.37686014e-01
-1.34645179e-01
-1.31603047e-01
-1.28559694e-01
-1.25515118e-01
-1.22469373e-01
-1.19422466e-01
-1.16374440e-01
-1.13325320e-01
-1.10275120e-01
-1.07223891e-01
-1.04171641e-01
-1.01118416e-01
-9.80642363e-02
-9.50091332e-02
-9.19531360e-02
-8.88962746e-02
-8.58385786e-02
-8.27800706e-02
-7.97207803e-02
-7.66607448e-02
-7.35999793e-02
-7.05385208e-02
-6.74764067e-02
-6.44136518e-02
-6.13502823e-02
-5.82863465e-02
-5.52218519e-02
-5.21568432e-02
-4.90913428e-02
-4.60253768e-02
-4.29589786e-02
-3.98921743e-02
-3.68249975e-02
-3.37574705e-02
-3.06896288e-02
-2.76214946e-02
-2.45531034e-02
-2.14844774e-02
-1.84156522e-02
-1.53466240e-02
-1.22788111e-02
-9.19015054e-03
-6.17542211e-03
-3.48988385e-03
-1.49995415e-03
0.00000000e+00
0.00000000e+00
