-3.06945550e-03
-0.00000000e+00
7.87493424e-04
1.57942518e-03
2.32749805e-03
3.08677158e-03
3.84231959e-03
4.59898682e-03
5.35524776e-03
6.11157389e-03
6.86780782e-03
7.62398867e-03
8.38009641e-03
9.13612731e-03
9.89207346e-03
1.06479274e-02
1.14036826e-02
1.21593308e-02
1.29148671e-02
1.36702815e-02
1.44255692e-02
1.51807228e-02
1.59357339e-02
1.66905988e-02
1.74453054e-02
1.81998517e-02
1.89542267e-02
1.97084267e-02
2.04624403e-02
2.12162640e-02
2.19698902e-02
2.27233097e-02
2.34765150e-02
2.42295004e-02
2.49822605e-02
2.57347859e-02
2.64870692e-02
2.72391066e-02
2.79908869e-02
2.87424065e-02
2.94936579e-02
3.02446336e-02
3.09953261e-02
3.17457318e-02
3.24958377e-02
3.32456380e-02
3.39951254e-02
3.47442999e-02
3.54931466e-02
3.62416580e-02
3.69898342e-02
3.77376601e-02
3.84851322e-02
3.92322429e-02
3.99789847e-02
4.07253504e-02
4.14713360e-02
4.22169343e-02
4.29621376e-02
4.37069386e-02
4.44513299e-02
4.51953001e-02
4.59388532e-02
4.66819741e-02
4.74246554e-02
4.81668934e-02
4.89086770e-02
4.96500023e-02
5.03908582e-02
5.11312447e-02
5.18711545e-02
5.26105799e-02
5.33495098e-02
5.40879369e-02
5.48258573e-02
5.55632636e-02
5.63001446e-02
5.70365041e-02
5.77723272e-02
5.85076064e-02
5.92423342e-02
5.99765107e-02
6.07101209e-02
6.14431612e-02
6.21756315e-02
6.29075170e-02
6.36388138e-02
6.43695146e-02
6.50996193e-02
6.58291057e-02
6.65579736e-02
6.72862157e-02
6.80138245e-02
6.87408000e-02
6.94671273e-02
7.01927990e-02
7.09178150e-02
7.16421679e-02
7.23658502e-02
7.30888471e-02
7.38111585e-02
7.45327771e-02
7.52536952e-02
7.59739131e-02
7.66934156e-02
7.74122030e-02
7.81302601e-02
7.88475797e-02
7.95641616e-02
8.02799985e-02
8.09950754e-02
8.17093924e-02
8.24229419e-02
8.31357315e-02
8.38477388e-02
8.45589489e-02
8.52693617e-02
8.59789848e-02
8.66877958e-02
8.73957872e-02
8.81029591e-02
8.88093114e-02
8.95148218e-02
9.02195051e-02
9.09233317e-02
9.16263089e-02
9.23284292e-02
9.30296779e-02
9.37300473e-02
9.44295451e-02
9.51281488e-02
9.58258659e-02
9.65226814e-02
9.72185954e-02
9.79135931e-02
9.86076668e-02
9.93008167e-02
9.99930352e-02
1.00684315e-01
1.01374649e-01
1.02064036e-01
1.02752462e-01
1.03439927e-01
1.04126416e-01
1.04811929e-01
1.05496451e-01
1.06179990e-01
1.06862530e-01
1.07544065e-01
1.08224593e-01
1.08904101e-01
1.09582588e-01
1.10260047e-01
1.10936470e-01
1.11611858e-01
1.12286188e-01
1.12959467e-01
1.13631688e-01
1.14302844e-01
1.14972919e-01
1.15641914e-01
1.16309829e-01
1.16976649e-01
1.17642373e-01
1.18306987e-01
1.18970491e-01
1.19632877e-01
1.20294146e-01
1.20954283e-01
1.21613279e-01
1.22271128e-01
1.22927837e-01
1.23583384e-01
1.24237776e-01
1.24890998e-01
1.25543058e-01
1.26193941e-01
1.26843631e-01
1.27492145e-01
1.28139466e-01
1.28785580e-01
1.29430473e-01
1.30074143e-01
1.30716607e-01
1.31357834e-01
1.31997839e-01
1.32636592e-01
1.33274108e-01
1.33910373e-01
1.34545386e-01
1.35179132e-01
1.35811612e-01
1.36442795e-01
1.37072712e-01
1.37701333e-01
1.38328671e-01
1.38954699e-01
1.39579430e-01
1.40202850e-01
1.40824959e-01
1.41445741e-01
1.42065197e-01
1.42683297e-01
1.43300071e-01
1.43915489e-01
1.44529566e-01
1.45142272e-01
1.45753622e-01
1.46363586e-01
1.46972194e-01
1.47579432e-01
1.48185283e-01
1.48789734e-01
1.49392784e-01
1.49994433e-01
1.50594682e-01
1.51193500e-01
1.51790917e-01
1.52386904e-01
1.52981460e-01
1.53574601e-01
1.54166311e-01
1.54756561e-01
1.55345351e-01
1.55932665e-01
1.56518504e-01
1.57102868e-01
1.57685757e-01
1.58267185e-01
1.58847108e-01
1.59425542e-01
1.60002500e-01
1.60577953e-01
1.61151886e-01
1.61724299e-01
1.62295192e-01
1.62864566e-01
1.63432404e-01
1.63998708e-01
1.64563477e-01
1.65126696e-01
1.65688381e-01
1.66248500e-01
1.66807055e-01
1.67364046e-01
1.67919472e-01
1.68473303e-01
1.69025570e-01
1.69576228e-01
1.70125291e-01
1.70672774e-01
1.71218634e-01
1.71762899e-01
1.72305539e-01
1.72846571e-01
1.73385993e-01
1.73923761e-01
1.74459890e-01
1.74994394e-01
1.75527245e-01
1.76058456e-01
1.76588014e-01
1.77115902e-01
1.77642137e-01
1.78166702e-01
1.78689599e-01
1.79210842e-01
1.79730386e-01
1.80248231e-01
1.80764377e-01
1.81278840e-01
1.81791574e-01
1.82302609e-01
1.82811931e-01
1.83319524e-01
1.83825403e-01
1.84329554e-01
1.84831992e-01
1.85332686e-01
1.85831651e-01
1.86328873e-01
1.86824337e-01
1.87318042e-01
1.87809989e-01
1.88300163e-01
1.88788578e-01
1.89275205e-01
1.89760059e-01
1.90243125e-01
1.90724432e-01
1.91203922e-01
1.91681623e-01
1.92157537e-01
1.92631632e-01
1.93103924e-01
1.93574399e-01
1.94043055e-01
1.94509879e-01
1.94974884e-01
1.95438042e-01
1.95899382e-01
1.96358874e-01
1.96816519e-01
1.97272316e-01
1.97726265e-01
1.98178366e-01
1.98628604e-01
1.99076980e-01
1.99523479e-01
1.99968085e-01
2.00410813e-01
2.00851679e-01
2.01290652e-01
2.01727733e-01
2.02162907e-01
2.02596202e-01
2.03027591e-01
2.03457102e-01
2.03884721e-01
2.04310432e-01
2.04734236e-01
2.05156118e-01
2.05576032e-01
2.05994010e-01
2.06410050e-01
2.06824139e-01
2.07236275e-01
2.07646444e-01
2.08054677e-01
2.08460927e-01
2.08865255e-01
2.09267601e-01
2.09667981e-01
2.10066408e-01
2.10462838e-01
2.10857302e-01
2.11249784e-01
2.11640269e-01
2.12028801e-01
2.12415308e-01
2.12799847e-01
2.13182375e-01
2.13562891e-01
2.13941410e-01
2.14317918e-01
2.14692414e-01
2.15064883e-01
2.15435341e-01
2.15803772e-01
2.16170177e-01
2.16534540e-01
2.16896862e-01
2.17257157e-01
2.17615426e-01
2.17971638e-01
2.18325794e-01
2.18677908e-01
2.19027951e-01
2.19375938e-01
2.19721869e-01
2.20065743e-01
2.20407531e-01
2.20747262e-01
2.21084908e-01
2.21420482e-01
2.21753970e-01
2.22085372e-01
2.22414687e-01
2.22741932e-01
2.23067090e-01
2.23390132e-01
2.23711088e-01
2.24029943e-01
2.24346697e-01
2.24661335e-01
2.24973843e-01
2.25284249e-01
2.25592524e-01
2.25898683e-01
2.26202726e-01
2.26504654e-01
2.26804435e-01
2.27102101e-01
2.27397606e-01
2.27690980e-01
2.27982223e-01
2.28271320e-01
2.28558272e-01
2.28843063e-01
2.29125723e-01
2.29406223e-01
2.29684576e-01
2.29960769e-01
2.30234802e-01
2.30506673e-01
2.30776384e-01
2.31043905e-01
2.31309235e-01
2.31572405e-01
2.31833369e-01
2.32092157e-01
2.32348770e-01
2.32603207e-01
2.32855454e-01
2.33105510e-01
2.33353361e-01
2.33599037e-01
2.33842507e-01
2.34083787e-01
2.34322846e-01
2.34559715e-01
2.34794378e-01
2.35026851e-01
2.35257089e-01
2.35485151e-01
2.35710979e-01
2.35934585e-01
2.36155972e-01
2.36375138e-01
2.36592084e-01
2.36806795e-01
2.37019286e-01
2.37229556e-01
2.37437591e-01
2.37643421e-01
2.37847015e-01
2.38048375e-01
2.38247499e-01
2.38444373e-01
2.38638997e-01
2.38831386e-01
2.39021525e-01
2.39209399e-01
2.39395037e-01
2.39578411e-01
2.39759520e-01
2.39938393e-01
2.40115002e-01
2.40289345e-01
2.40461409e-01
2.40631208e-01
2.40798771e-01
2.40964055e-01
2.41127089e-01
2.41287857e-01
2.41446346e-01
2.41602555e-01
2.41756499e-01
2.41908178e-01
2.42057577e-01
2.42204696e-01
2.42349535e-01
2.42492095e-01
2.42632374e-01
2.42770374e-01
2.42906094e-01
2.43039519e-01
2.43170664e-01
2.43299514e-01
2.43426070e-01
2.43550330e-01
2.43672296e-01
2.43791983e-01
2.43909359e-01
2.44024456e-01
2.44137242e-01
2.44247749e-01
2.44355947e-01
2.44461834e-01
2.44565442e-01
2.44666755e-01
2.44765773e-01
2.44862467e-01
2.44956881e-01
2.45048985e-01
2.45138794e-01
2.45226294e-01
2.45311499e-01
2.45394379e-01
2.45474964e-01
2.45553225e-01
2.45629176e-01
2.45702803e-01
2.45774135e-01
2.45843142e-01
2.45909840e-01
2.45974228e-01
2.46036291e-01
2.46096030e-01
2.46153459e-01
2.46208563e-01
2.46261358e-01
2.46311843e-01
2.46359989e-01
2.46405825e-01
2.46449351e-01
2.46490568e-01
2.46529460e-01
2.46566042e-01
2.46600285e-01
2.46632218e-01
2.46661842e-01
2.46689141e-01
2.46714130e-01
2.46736780e-01
2.46757135e-01
2.46775150e-01
2.46790841e-01
2.46804222e-01
2.46815264e-01
2.46824011e-01
2.46830419e-01
2.46834517e-01
2.46836260e-01
2.46835709e-01
2.46832803e-01
2.46827602e-01
2.46820077e-01
2.46810228e-01
2.46798053e-01
2.46783569e-01
2.46766746e-01
2.46747613e-01
2.46726140e-01
2.46702358e-01
2.46676236e-01
2.46647805e-01
2.46617034e-01
2.46583953e-01
2.46548548e-01
2.46510834e-01
2.46470809e-01
2.46428445e-01
2.46383771e-01
2.46336788e-01
2.46287480e-01
2.46235847e-01
2.46181905e-01
2.46125653e-01
2.46067077e-01
2.46006191e-01
2.45942995e-01
2.45877475e-01
2.45809630e-01
2.45739475e-01
2.45667011e-01
2.45592237e-01
2.45515138e-01
2.45435745e-01
2.45354041e-01
2.45270014e-01
2.45183691e-01
2.45095059e-01
2.45004117e-01
2.44910866e-01
2.44815320e-01
2.44717479e-01
2.44617343e-01
2.44514912e-01
2.44410172e-01
2.44303152e-01
2.44193837e-01
2.44082212e-01
2.43968308e-01
2.43852094e-01
2.43733570e-01
2.43612766e-01
2.43489668e-01
2.43364275e-01
2.43236601e-01
2.43106633e-01
2.42974371e-01
2.42839813e-01
2.42702976e-01
2.42563859e-01
2.42422447e-01
2.42278755e-01
2.42132798e-01
2.41984561e-01
2.41834044e-01
2.41681233e-01
2.41526157e-01
2.41368815e-01
2.41209194e-01
2.41047323e-01
2.40883172e-01
2.40716770e-01
2.40548104e-01
2.40377173e-01
2.40203962e-01
2.40028501e-01
2.39850774e-01
2.39670813e-01
2.39488572e-01
2.39304081e-01
2.39117339e-01
2.38928348e-01
2.38737121e-01
2.38543630e-01
2.38347903e-01
2.38149926e-01
2.37949714e-01
2.37747267e-01
2.37542585e-01
2.37335667e-01
2.37126514e-01
2.36915126e-01
2.36701503e-01
2.36485645e-01
2.36267596e-01
2.36047313e-01
2.35824808e-01
2.35600084e-01
2.35373154e-01
2.35144019e-01
2.34912664e-01
2.34679088e-01
2.34443337e-01
2.34205350e-01
2.33965173e-01
2.33722791e-01
2.33478218e-01
2.33231455e-01
2.32982486e-01
2.32731342e-01
2.32477993e-01
2.32222453e-01
2.31964737e-01
2.31704831e-01
2.31442764e-01
2.31178507e-01
2.30912074e-01
2.30643466e-01
2.30372667e-01
2.30099708e-01
2.29824588e-01
2.29547292e-01
2.29267865e-01
2.28986263e-01
2.28702515e-01
2.28416622e-01
2.28128597e-01
2.27838412e-01
2.27546081e-01
2.27251634e-01
2.26955026e-01
2.26656303e-01
2.26355448e-01
2.26052463e-01
2.25747332e-01
2.25440100e-01
2.25130722e-01
2.24819243e-01
2.24505663e-01
2.24189952e-01
2.23872140e-01
2.23552197e-01
2.23230183e-01
2.22906068e-01
2.22579852e-01
2.22251549e-01
2.21921161e-01
2.21588686e-01
2.21254125e-01
2.20917478e-01
2.20578760e-01
2.20237970e-01
2.19895095e-01
2.19550163e-01
2.19203174e-01
2.18854129e-01
2.18502998e-01
2.18149826e-01
2.17794612e-01
2.17437342e-01
2.17078030e-01
2.16716677e-01
2.16353282e-01
2.15987861e-01
2.15620413e-01
2.15250939e-01
2.14879453e-01
2.14505926e-01
2.14130402e-01
2.13752851e-01
2.13373303e-01
2.12991729e-01
2.12608173e-01
2.12222621e-01
2.11835057e-01
2.11445495e-01
2.11053953e-01
2.10660428e-01
2.10264921e-01
2.09867448e-01
2.09467992e-01
2.09066585e-01
2.08663210e-01
2.08257869e-01
2.07850575e-01
2.07441330e-01
2.07030118e-01
2.06616938e-01
2.06201822e-01
2.05784768e-01
2.05365777e-01
2.04944834e-01
2.04521954e-01
2.04097137e-01
2.03670427e-01
2.03241810e-01
2.02811301e-01
2.02378899e-01
2.01944605e-01
2.01508433e-01
2.01070353e-01
2.00630382e-01
2.00188532e-01
1.99744806e-01
1.99299186e-01
1.98851690e-01
1.98402330e-01
1.97951108e-01
1.97498009e-01
1.97043061e-01
1.96586281e-01
1.96127638e-01
1.95667163e-01
1.95204854e-01
1.94740698e-01
1.94274724e-01
1.93806916e-01
1.93337306e-01
1.92865863e-01
1.92392617e-01
1.91917539e-01
1.91440642e-01
1.90961957e-01
1.90481484e-01
1.89999238e-01
1.89515188e-01
1.89029366e-01
1.88541770e-01
1.88052386e-01
1.87561259e-01
1.87068358e-01
1.86573699e-01
1.86077282e-01
1.85579106e-01
1.85079187e-01
1.84577540e-01
1.84074163e-01
1.83569059e-01
1.83062226e-01
1.82553679e-01
1.82043403e-01
1.81531414e-01
1.81017742e-01
1.80502340e-01
1.79985255e-01
1.79466471e-01
1.78945988e-01
1.78423822e-01
1.77899987e-01
1.77374497e-01
1.76847354e-01
1.76318526e-01
1.75788060e-01
1.75255924e-01
1.74722150e-01
1.74186736e-01
1.73649684e-01
1.73110992e-01
1.72570661e-01
1.72028720e-01
1.71485156e-01
1.70939982e-01
1.70393214e-01
1.69844836e-01
1.69294864e-01
1.68743312e-01
1.68190151e-01
1.67635441e-01
1.67079136e-01
1.66521251e-01
1.65961802e-01
1.65400788e-01
1.64838225e-01
1.64274126e-01
1.63708463e-01
1.63141280e-01
1.62572563e-01
1.62002310e-01
1.61430523e-01
1.60857245e-01
1.60282418e-01
1.59706101e-01
1.59128293e-01
1.58548981e-01
1.57968178e-01
1.57385916e-01
1.56802148e-01
1.56216905e-01
1.55630201e-01
1.55042037e-01
1.54452398e-01
1.53861314e-01
1.53268784e-01
1.52674794e-01
1.52079388e-01
1.51482567e-01
1.50884315e-01
1.50284663e-01
1.49683595e-01
1.49081126e-01
1.48477241e-01
1.47871956e-01
1.47265270e-01
1.46657214e-01
1.46047786e-01
1.45436987e-01
1.44824818e-01
1.44211292e-01
1.43596411e-01
1.42980188e-01
1.42362610e-01
1.41743690e-01
1.41123444e-01
1.40501842e-01
1.39878929e-01
1.39254719e-01
1.38629198e-01
1.38002366e-01
1.37374237e-01
1.36744812e-01
1.36114120e-01
1.35482118e-01
1.34848863e-01
1.34214342e-01
1.33578554e-01
1.32941514e-01
1.32303238e-01
1.31663695e-01
1.31022930e-01
1.30380943e-01
1.29737720e-01
1.29093289e-01
1.28447622e-01
1.27800733e-01
1.27152652e-01
1.26503393e-01
1.25852942e-01
1.25201315e-01
1.24548495e-01
1.23894513e-01
1.23239368e-01
1.22583069e-01
1.21925630e-01
1.21267028e-01
1.20607294e-01
1.19946420e-01
1.19284421e-01
1.18621297e-01
1.17957063e-01
1.17291719e-01
1.16625279e-01
1.15957730e-01
1.15289100e-01
1.14619382e-01
1.13948584e-01
1.13276720e-01
1.12603799e-01
1.11929812e-01
1.11254767e-01
1.10578679e-01
1.09901547e-01
1.09223396e-01
1.08544208e-01
1.07864000e-01
1.07182786e-01
1.06500566e-01
1.05817333e-01
1.05133109e-01
1.04447909e-01
1.03761718e-01
1.03074551e-01
1.02386415e-01
1.01697318e-01
1.01007253e-01
1.00316249e-01
9.96243060e-02
9.89314243e-02
9.82376114e-02
9.75428745e-02
9.68472213e-02
9.61506590e-02
9.54531878e-02
9.47548226e-02
9.40555707e-02
9.33554322e-02
9.26544145e-02
9.19525251e-02
9.12497789e-02
9.05461684e-02
8.98417160e-02
8.91364142e-02
8.84302780e-02
8.77232999e-02
8.70155096e-02
8.63068923e-02
8.55974630e-02
8.48872364e-02
8.41762125e-02
8.34643915e-02
8.27517807e-02
8.20384026e-02
8.13242495e-02
8.06093290e-02
7.98936561e-02
7.91772306e-02
7.84600675e-02
7.77421594e-02
7.70235211e-02
7.63041601e-02
7.55840838e-02
7.48632923e-02
7.41418079e-02
7.34196156e-02
7.26967379e-02
7.19731748e-02
7.12489411e-02
7.05240294e-02
6.97984546e-02
6.90722242e-02
6.83453530e-02
6.76178336e-02
6.68896735e-02
6.61608875e-02
6.54314831e-02
6.47014603e-02
6.39708340e-02
6.32395968e-02
6.25077710e-02
6.17753603e-02
6.10423647e-02
6.03087991e-02
5.95746636e-02
5.88399656e-02
5.81047200e-02
5.73689267e-02
5.66325970e-02
5.58957309e-02
5.51583432e-02
5.44204377e-02
5.36820181e-02
5.29430993e-02
5.22036776e-02
5.14637642e-02
5.07233664e-02
4.99824956e-02
4.92411517e-02
4.84993458e-02
4.77570854e-02
4.70143780e-02
4.62712236e-02
4.55276370e-02
4.47836220e-02
4.40391861e-02
4.32943366e-02
4.25490811e-02
4.18034196e-02
4.10573706e-02
4.03109379e-02
3.95641215e-02
3.88169363e-02
3.80693860e-02
3.73214781e-02
3.65732200e-02
3.58246155e-02
3.50756757e-02
3.43264081e-02
3.35768200e-02
3.28269154e-02
3.20767015e-02
3.13261822e-02
3.05753704e-02
2.98242718e-02
2.90728919e-02
2.83212401e-02
2.75693219e-02
2.68171430e-02
2.60647126e-02
2.53120363e-02
2.45591234e-02
2.38059815e-02
2.30526160e-02
2.22990327e-02
2.15452425e-02
2.07912512e-02
2.00370625e-02
1.92826837e-02
1.85281225e-02
1.77733861e-02
1.70184821e-02
1.62634179e-02
1.55082010e-02
1.47528388e-02
1.39973387e-02
1.32417055e-02
1.24859493e-02
1.17300758e-02
1.09740905e-02
1.02180038e-02
9.46182013e-03
8.70554894e-03
7.94919487e-03
7.19276723e-03
6.43627206e-03
5.67971589e-03
4.92310710e-03
4.16645175e-03
3.40975751e-03
2.65303138e-03
1.89628010e-03
1.13951124e-03
3.82731640e-04
-3.74051393e-04
-1.13083096e-03
-1.88759970e-03
-2.64435075e-03
-3.40107689e-03
-4.15777089e-03
-4.91442624e-03
-5.67103457e-03
-6.42759027e-03
-7.18408497e-03
-7.94051215e-03
-8.69686436e-03
-9.45313554e-03
-1.02093183e-02
-1.09654041e-02
-1.17213884e-02
-1.24772610e-02
-1.32330172e-02
-1.39886485e-02
-1.47441486e-02
-1.54995099e-02
-1.62547249e-02
-1.70097891e-02
-1.77646913e-02
-1.85194258e-02
-1.92739852e-02
-2.00283639e-02
-2.07825527e-02
-2.15365458e-02
-2.22903378e-02
-2.30439194e-02
-2.37972867e-02
-2.45504286e-02
-2.53033414e-02
-2.60560177e-02
-2.68084463e-02
-2.75606252e-02
-2.83125434e-02
-2.90641952e-02
-2.98155751e-02
-3.05666719e-02
-3.13174836e-02
-3.20679992e-02
-3.28182131e-02
-3.35681178e-02
-3.43177095e-02
-3.50669771e-02
-3.58159132e-02
-3.65645140e-02
-3.73127721e-02
-3.80606800e-02
-3.88082340e-02
-3.95554192e-02
-4.03022319e-02
-4.10486683e-02
-4.17947173e-02
-4.25403714e-02
-4.32856306e-02
-4.40304764e-02
-4.47749123e-02
-4.55189273e-02
-4.62625101e-02
-4.70056608e-02
-4.77483682e-02
-4.84906286e-02
-4.92324345e-02
-4.99737784e-02
-5.07146493e-02
-5.14550470e-02
-5.21949567e-02
-5.29343747e-02
-5.36732972e-02
-5.44117168e-02
-5.51496223e-02
-5.58870099e-02
-5.66238724e-02
-5.73602058e-02
-5.80959953e-02
-5.88312447e-02
-5.95659353e-02
-6.03000671e-02
-6.10336363e-02
-6.17666282e-02
-6.24990426e-02
-6.32308647e-02
-6.39621019e-02
-6.46927357e-02
-6.54227510e-02
-6.61521628e-02
-6.68809488e-02
-6.76091090e-02
-6.83366284e-02
-6.90635070e-02
-6.97897449e-02
-7.05153197e-02
-7.12402314e-02
-7.19644725e-02
-7.26880357e-02
-7.34109208e-02
-7.41331130e-02
-7.48546124e-02
-7.55754039e-02
-7.62954876e-02
-7.70148560e-02
-7.77334943e-02
-7.84514025e-02
-7.91685730e-02
-7.98850060e-02
-8.06006864e-02
-8.13156068e-02
-8.20297673e-02
-8.27431530e-02
-8.34557638e-02
-8.41675848e-02
-8.48786160e-02
-8.55888501e-02
-8.62982795e-02
-8.70068967e-02
-8.77146944e-02
-8.84216651e-02
-8.91278088e-02
-8.98331180e-02
-9.05375779e-02
-9.12411883e-02
-9.19439346e-02
-9.26458240e-02
-9.33468416e-02
-9.40469727e-02
-9.47462246e-02
-9.54445899e-02
-9.61420611e-02
-9.68386158e-02
-9.75342691e-02
-9.82290059e-02
-9.89228189e-02
-9.96157005e-02
-1.00307651e-01
-1.00998655e-01
-1.01688713e-01
-1.02377810e-01
-1.03065953e-01
-1.03753120e-01
-1.04439311e-01
-1.05124518e-01
-1.05808742e-01
-1.06491968e-01
-1.07174195e-01
-1.07855417e-01
-1.08535618e-01
-1.09214798e-01
-1.09892957e-01
-1.10570088e-01
-1.11246176e-01
-1.11921221e-01
-1.12595215e-01
-1.13268144e-01
-1.13940008e-01
-1.14610799e-01
-1.15280516e-01
-1.15949146e-01
-1.16616689e-01
-1.17283143e-01
-1.17948487e-01
-1.18612729e-01
-1.19275853e-01
-1.19937852e-01
-1.20598726e-01
-1.21258467e-01
-1.21917062e-01
-1.22574516e-01
-1.23230807e-01
-1.23885952e-01
-1.24539934e-01
-1.25192747e-01
-1.25844374e-01
-1.26494825e-01
-1.27144098e-01
-1.27792180e-01
-1.28439069e-01
-1.29084736e-01
-1.29729196e-01
-1.30372420e-01
-1.31014422e-01
-1.31655201e-01
-1.32294744e-01
-1.32933035e-01
-1.33570090e-01
-1.34205893e-01
-1.34840429e-01
-1.35473683e-01
-1.36105686e-01
-1.36736378e-01
-1.37365818e-01
-1.37993947e-01
-1.38620779e-01
-1.39246315e-01
-1.39870539e-01
-1.40493467e-01
-1.41115069e-01
-1.41735330e-01
-1.42354250e-01
-1.42971843e-01
-1.43588081e-01
-1.44202977e-01
-1.44816518e-01
-1.45428702e-01
-1.46039501e-01
-1.46648943e-01
-1.47257015e-01
-1.47863686e-01
-1.48468971e-01
-1.49072871e-01
-1.49675354e-01
-1.50276423e-01
-1.50876090e-01
-1.51474342e-01
-1.52071178e-01
-1.52666599e-01
-1.53260604e-01
-1.53853193e-01
-1.54444307e-01
-1.55033946e-01
-1.55622110e-01
-1.56208828e-01
-1.56794056e-01
-1.57377824e-01
-1.57960102e-01
-1.58540919e-01
-1.59120232e-01
-1.59698054e-01
-1.60274386e-01
-1.60849214e-01
-1.61422521e-01
-1.61994293e-01
-1.62564546e-01
-1.63133278e-01
-1.63700461e-01
-1.64266124e-01
-1.64830253e-01
-1.65392816e-01
-1.65953830e-01
-1.66513294e-01
-1.67071179e-01
-1.67627484e-01
-1.68182209e-01
-1.68735370e-01
-1.69286937e-01
-1.69836923e-01
-1.70385301e-01
-1.70932084e-01
-1.71477243e-01
-1.72020808e-01
-1.72562763e-01
-1.73103109e-01
-1.73641816e-01
-1.74178869e-01
-1.74714282e-01
-1.75248072e-01
-1.75780207e-01
-1.76310688e-01
-1.76839516e-01
-1.77366674e-01
-1.77892193e-01
-1.78416044e-01
-1.78938210e-01
-1.79458708e-01
-1.79977506e-01
-1.80494606e-01
-1.81009993e-01
-1.81523696e-01
-1.82035670e-01
-1.82545960e-01
-1.83054507e-01
-1.83561355e-01
-1.84066460e-01
-1.84569851e-01
-1.85071513e-01
-1.85571432e-01
-1.86069623e-01
-1.86566055e-01
-1.87060729e-01
-1.87553644e-01
-1.88044816e-01
-1.88534200e-01
-1.89021796e-01
-1.89507619e-01
-1.89991668e-01
-1.90473944e-01
-1.90954417e-01
-1.91433102e-01
-1.91909999e-01
-1.92385092e-01
-1.92858353e-01
-1.93329811e-01
-1.93799436e-01
-1.94267258e-01
-1.94733232e-01
-1.95197389e-01
-1.95659712e-01
-1.96120203e-01
-1.96578845e-01
-1.97035640e-01
-1.97490588e-01
-1.97943687e-01
-1.98394939e-01
-1.98844314e-01
-1.99291810e-01
-1.99737430e-01
-2.00181171e-01
-2.00623035e-01
-2.01063007e-01
-2.01501086e-01
-2.01937288e-01
-2.02371582e-01
-2.02804014e-01
-2.03234553e-01
-2.03663200e-01
-2.04089925e-01
-2.04514727e-01
-2.04937607e-01
-2.05358565e-01
-2.05777586e-01
-2.06194654e-01
-2.06609786e-01
-2.07022965e-01
-2.07434177e-01
-2.07843453e-01
-2.08250761e-01
-2.08656102e-01
-2.09059492e-01
-2.09460899e-01
-2.09860340e-01
-2.10257813e-01
-2.10653320e-01
-2.11046860e-01
-2.11438403e-01
-2.11827964e-01
-2.12215528e-01
-2.12601095e-01
-2.12984666e-01
-2.13366240e-01
-2.13745803e-01
-2.14123368e-01
-2.14498907e-01
-2.14872450e-01
-2.15243950e-01
-2.15613440e-01
-2.15980917e-01
-2.16346353e-01
-2.16709748e-01
-2.17071116e-01
-2.17430443e-01
-2.17787728e-01
-2.18142942e-01
-2.18496129e-01
-2.18847245e-01
-2.19196305e-01
-2.19543323e-01
-2.19888255e-01
-2.20231146e-01
-2.20571950e-01
-2.20910683e-01
-2.21247330e-01
-2.21581921e-01
-2.21914411e-01
-2.22244814e-01
-2.22573131e-01
-2.22899362e-01
-2.23223493e-01
-2.23545536e-01
-2.23865464e-01
-2.24183291e-01
-2.24499017e-01
-2.24812627e-01
-2.25124106e-01
-2.25433484e-01
-2.25740731e-01
-2.26045862e-01
-2.26348862e-01
-2.26649731e-01
-2.26948470e-01
-2.27245077e-01
-2.27539554e-01
-2.27831870e-01
-2.28122056e-01
-2.28410095e-01
-2.28695989e-01
-2.28979751e-01
-2.29261354e-01
-2.29540810e-01
-2.29818121e-01
-2.30093256e-01
-2.30366230e-01
-2.30637029e-01
-2.30905667e-01
-2.31172115e-01
-2.31436387e-01
-2.31698453e-01
-2.31958374e-01
-2.32216090e-01
-2.32471615e-01
-2.32724980e-01
-2.32976124e-01
-2.33225107e-01
-2.33471900e-01
-2.33716488e-01
-2.33958870e-01
-2.34199062e-01
-2.34437063e-01
-2.34672830e-01
-2.34906420e-01
-2.35137790e-01
-2.35366940e-01
-2.35593885e-01
-2.35818624e-01
-2.36041158e-01
-2.36261457e-01
-2.36479551e-01
-2.36695409e-01
-2.36909062e-01
-2.37120464e-01
-2.37329632e-01
-2.37536564e-01
-2.37741262e-01
-2.37943724e-01
-2.38143951e-01
-2.38341942e-01
-2.38537684e-01
-2.38731191e-01
-2.38922447e-01
-2.39111468e-01
-2.39298224e-01
-2.39482731e-01
-2.39665002e-01
-2.39844993e-01
-2.40022734e-01
-2.40198210e-01
-2.40371436e-01
-2.40542397e-01
-2.40711093e-01
-2.40877509e-01
-2.41041675e-01
-2.41203561e-01
-2.41363183e-01
-2.41520554e-01
-2.41675630e-01
-2.41828457e-01
-2.41978988e-01
-2.42127255e-01
-2.42273226e-01
-2.42416933e-01
-2.42558360e-01
-2.42697492e-01
-2.42834345e-01
-2.42968917e-01
-2.43101224e-01
-2.43231222e-01
-2.43358910e-01
-2.43484318e-01
-2.43607432e-01
-2.43728250e-01
-2.43846789e-01
-2.43963018e-01
-2.44076952e-01
-2.44188607e-01
-2.44297966e-01
-2.44405016e-01
-2.44509771e-01
-2.44612232e-01
-2.44712383e-01
-2.44810238e-01
-2.44905800e-01
-2.44999066e-01
-2.45090008e-01
-2.45178685e-01
-2.45265022e-01
-2.45349064e-01
-2.45430797e-01
-2.45510206e-01
-2.45587319e-01
-2.45662108e-01
-2.45734572e-01
-2.45804742e-01
-2.45872587e-01
-2.45938122e-01
-2.46001348e-01
-2.46062249e-01
-2.46120840e-01
-2.46177107e-01
-2.46231064e-01
-2.46282697e-01
-2.46332020e-01
-2.46379018e-01
-2.46423706e-01
-2.46466070e-01
-2.46506125e-01
-2.46543854e-01
-2.46579275e-01
-2.46612355e-01
-2.46643126e-01
-2.46671587e-01
-2.46697724e-01
-2.46721521e-01
-2.46743008e-01
-2.46762156e-01
-2.46779010e-01
-2.46793538e-01
-2.46805727e-01
-2.46815607e-01
-2.46823162e-01
-2.46828392e-01
-2.46831298e-01
-2.46831894e-01
-2.46830165e-01
-2.46826097e-01
-2.46819720e-01
-2.46811017e-01
-2.46799991e-01
-2.46786639e-01
-2.46770978e-01
-2.46752992e-01
-2.46732697e-01
-2.46710062e-01
-2.46685103e-01
-2.46657833e-01
-2.46628255e-01
-2.46596336e-01
-2.46562108e-01
-2.46525556e-01
-2.46486679e-01
-2.46445507e-01
-2.46402010e-01
-2.46356189e-01
-2.46308059e-01
-2.46257603e-01
-2.46204838e-01
-2.46149749e-01
-2.46092334e-01
-2.46032625e-01
-2.45970592e-01
-2.45906249e-01
-2.45839581e-01
-2.45770589e-01
-2.45699286e-01
-2.45625675e-01
-2.45549753e-01
-2.45471522e-01
-2.45390967e-01
-2.45308116e-01
-2.45222941e-01
-2.45135471e-01
-2.45045677e-01
-2.44953603e-01
-2.44859219e-01
-2.44762555e-01
-2.44663566e-01
-2.44562268e-01
-2.44458690e-01
-2.44352818e-01
-2.44244635e-01
-2.44134173e-01
-2.44021416e-01
-2.43906349e-01
-2.43788987e-01
-2.43669316e-01
-2.43547380e-01
-2.43423149e-01
-2.43296623e-01
-2.43167803e-01
-2.43036687e-01
-2.42903292e-01
-2.42767602e-01
-2.42629632e-01
-2.42489368e-01
-2.42346823e-01
-2.42202014e-01
-2.42054909e-01
-2.41905540e-01
-2.41753906e-01
-2.41599992e-01
-2.41443783e-01
-2.41285309e-01
-2.41124570e-01
-2.40961552e-01
-2.40796283e-01
-2.40628749e-01
-2.40458950e-01
-2.40286902e-01
-2.40112573e-01
-2.39935994e-01
-2.39757150e-01
-2.39576057e-01
-2.39392713e-01
-2.39207089e-01
-2.39019245e-01
-2.38829136e-01
-2.38636777e-01
-2.38442153e-01
-2.38245308e-01
-2.38046229e-01
-2.37844914e-01
-2.37641364e-01
-2.37435579e-01
-2.37227559e-01
-2.37017319e-01
-2.36804843e-01
-2.36590132e-01
-2.36373186e-01
-2.36154035e-01
-2.35932648e-01
-2.35709071e-01
-2.35483259e-01
-2.35255241e-01
-2.35025018e-01
-2.34792560e-01
-2.34557912e-01
-2.34321073e-01
-2.34082013e-01
-2.33840764e-01
-2.33597308e-01
-2.33351678e-01
-2.33103827e-01
-2.32853800e-01
-2.32601553e-01
-2.32347146e-01
-2.32090548e-01
-2.31831759e-01
-2.31570795e-01
-2.31307656e-01
-2.31042325e-01
-2.30774820e-01
-2.30505154e-01
-2.30233297e-01
-2.29959279e-01
-2.29683086e-01
-2.29404733e-01
-2.29124233e-01
-2.28841603e-01
-2.28556827e-01
-2.28269890e-01
-2.27980822e-01
-2.27689594e-01
-2.27396235e-01
-2.27100745e-01
-2.26803109e-01
-2.26503342e-01
-2.26201445e-01
-2.25897416e-01
-2.25591257e-01
-2.25282982e-01
-2.24972591e-01
-2.24660099e-01
-2.24345490e-01
-2.24028751e-01
-2.23709926e-01
-2.23388985e-01
-2.23065943e-01
-2.22740814e-01
-2.22413585e-01
-2.22084269e-01
-2.21752882e-01
-2.21419394e-01
-2.21083820e-01
-2.20746189e-01
-2.20406473e-01
-2.20064685e-01
-2.19720840e-01
-2.19374910e-01
-2.19026923e-01
-2.18676880e-01
-2.18324780e-01
-2.17970610e-01
-2.17614427e-01
-2.17256188e-01
-2.16895893e-01
-2.16533571e-01
-2.16169238e-01
-2.15802848e-01
-2.15434432e-01
-2.15063989e-01
-2.14691520e-01
-2.14317039e-01
-2.13940561e-01
-2.13562056e-01
-2.13181525e-01
-2.12799013e-01
-2.12414503e-01
-2.12027982e-01
-2.11639494e-01
-2.11248994e-01
-2.10856512e-01
-2.10462064e-01
-2.10065633e-01
-2.09667206e-01
-2.09266841e-01
-2.08864480e-01
-2.08460182e-01
-2.08053917e-01
-2.07645714e-01
-2.07235545e-01
-2.06823424e-01
-2.06409335e-01
-2.05993310e-01
-2.05575332e-01
-2.05155402e-01
-2.04733536e-01
-2.04309776e-01
-2.03884095e-01
-2.03456506e-01
-2.03027025e-01
-2.02595621e-01
-2.02162340e-01
-2.01727152e-01
-2.01290086e-01
-2.00851128e-01
-2.00410292e-01
-1.99967563e-01
-1.99522957e-01
-1.99076474e-01
-1.98628113e-01
-1.98177874e-01
-1.97725788e-01
-1.97271854e-01
-1.96816057e-01
-1.96358427e-01
-1.95898935e-01
-1.95437625e-01
-1.94974467e-01
-1.94509476e-01
-1.94042653e-01
-1.93574026e-01
-1.93103567e-01
-1.92631289e-01
-1.92157194e-01
-1.91681281e-01
-1.91203579e-01
-1.90724090e-01
-1.90242812e-01
-1.89759746e-01
-1.89274907e-01
-1.88788295e-01
-1.88299879e-01
-1.87809706e-01
-1.87317774e-01
-1.86824083e-01
-1.86328635e-01
-1.85831428e-01
-1.85332462e-01
-1.84831768e-01
-1.84329346e-01
-1.83825195e-01
-1.83319315e-01
-1.82811722e-01
-1.82302415e-01
-1.81791380e-01
-1.81278631e-01
-1.80764183e-01
-1.80248052e-01
-1.79730207e-01
-1.79210678e-01
-1.78689465e-01
-1.78166568e-01
-1.77642003e-01
-1.77115768e-01
-1.76587880e-01
-1.76058337e-01
-1.75527140e-01
-1.74994290e-01
-1.74459800e-01
-1.73923671e-01
-1.73385903e-01
-1.72846496e-01
-1.72305465e-01
-1.71762824e-01
-1.71218559e-01
-1.70672700e-01
-1.70125246e-01
-1.69576183e-01
-1.69025540e-01
-1.68473288e-01
-1.67919472e-01
-1.67364061e-01
-1.66807085e-01
-1.66248530e-01
-1.65688410e-01
-1.65126741e-01
-1.64563522e-01
-1.63998768e-01
-1.63432449e-01
-1.62864611e-01
-1.62295252e-01
-1.61724359e-01
-1.61151960e-01
-1.60578027e-01
-1.60002574e-01
-1.59425631e-01
-1.58847183e-01
-1.58267260e-01
-1.57685846e-01
-1.57102957e-01
-1.56518593e-01
-1.55932754e-01
-1.55345440e-01
-1.54756665e-01
-1.54166430e-01
-1.53574735e-01
-1.52981609e-01
-1.52387038e-01
-1.51791051e-01
-1.51193663e-01
-1.50594831e-01
-1.49994597e-01
-1.49392948e-01
-1.48789912e-01
-1.48185477e-01
-1.47579640e-01
-1.46972403e-01
-1.46363795e-01
-1.45753816e-01
-1.45142481e-01
-1.44529775e-01
-1.43915728e-01
-1.43300310e-01
-1.42683566e-01
-1.42065465e-01
-1.41446024e-01
-1.40825242e-01
-1.40203133e-01
-1.39579728e-01
-1.38955012e-01
-1.38328969e-01
-1.37701645e-01
-1.37073025e-01
-1.36443123e-01
-1.35811925e-01
-1.35179460e-01
-1.34545729e-01
-1.33910730e-01
-1.33274466e-01
-1.32636949e-01
-1.31998196e-01
-1.31358221e-01
-1.30716994e-01
-1.30074561e-01
-1.29430890e-01
-1.28785998e-01
-1.28139883e-01
-1.27492562e-01
-1.26844063e-01
-1.26194373e-01
-1.25543490e-01
-1.24891445e-01
-1.24238215e-01
-1.23583823e-01
-1.22928277e-01
-1.22271568e-01
-1.21613719e-01
-1.20954715e-01
-1.20294578e-01
-1.19633317e-01
-1.18970923e-01
-1.18307419e-01
-1.17642798e-01
-1.16977081e-01
-1.16310254e-01
-1.15642339e-01
-1.14973336e-01
-1.14303261e-01
-1.13632105e-01
-1.12959892e-01
-1.12286612e-01
-1.11612283e-01
-1.10936895e-01
-1.10260479e-01
-1.09583020e-01
-1.08904541e-01
-1.08225025e-01
-1.07544497e-01
-1.06862962e-01
-1.06180415e-01
-1.05496876e-01
-1.04812339e-01
-1.04126818e-01
-1.03440329e-01
-1.02752864e-01
-1.02064431e-01
-1.01375043e-01
-1.00684717e-01
-9.99934375e-02
-9.93012190e-02
-9.86080617e-02
-9.79139805e-02
-9.72189829e-02
-9.65230763e-02
-9.58262533e-02
-9.51285437e-02
-9.44299325e-02
-9.37304422e-02
-9.30300653e-02
-9.23288167e-02
-9.16266963e-02
-9.09237191e-02
-9.02198851e-02
-8.95152166e-02
-8.88096988e-02
-8.81033465e-02
-8.73961747e-02
-8.66881758e-02
-8.59793648e-02
-8.52697417e-02
-8.45593214e-02
-8.38481113e-02
-8.31361115e-02
-8.24233294e-02
-8.17097798e-02
-8.09954554e-02
-8.02803785e-02
-7.95645416e-02
-7.88479522e-02
-7.81306252e-02
-7.74125680e-02
-7.66937807e-02
-7.59742707e-02
-7.52540529e-02
-7.45331347e-02
-7.38115087e-02
-7.30891898e-02
-7.23661929e-02
-7.16425106e-02
-7.09181651e-02
-7.01931491e-02
-6.94674700e-02
-6.87411427e-02
-6.80141672e-02
-6.72865510e-02
-6.65583089e-02
-6.58294335e-02
-6.50999472e-02
-6.43698499e-02
-6.36391491e-02
-6.29078448e-02
-6.21759593e-02
-6.14434928e-02
-6.07104450e-02
-5.99768311e-02
-5.92426546e-02
-5.85079193e-02
-5.77726401e-02
-5.70368096e-02
-5.63004501e-02
-5.55635616e-02
-5.48261553e-02
-5.40882312e-02
-5.33497967e-02
-5.26108667e-02
-5.18714376e-02
-5.11315279e-02
-5.03911339e-02
-4.96502668e-02
-4.89089377e-02
-4.81671505e-02
-4.74249125e-02
-4.66822274e-02
-4.59391028e-02
-4.51955497e-02
-4.44515720e-02
-4.37071733e-02
-4.29623686e-02
-4.22171652e-02
-4.14715633e-02
-4.07255739e-02
-3.99792008e-02
-3.92324515e-02
-3.84853408e-02
-3.77378650e-02
-3.69900353e-02
-3.62418592e-02
-3.54933403e-02
-3.47444899e-02
-3.39953154e-02
-3.32458206e-02
-3.24960165e-02
-3.17459032e-02
-3.09954956e-02
-3.02447975e-02
-2.94938143e-02
-2.87425555e-02
-2.79910322e-02
-2.72392444e-02
-2.64872015e-02
-2.57349126e-02
-2.49823816e-02
-2.42296159e-02
-2.34766230e-02
-2.27234121e-02
-2.19699889e-02
-2.12163590e-02
-2.04625297e-02
-1.97085124e-02
-1.89543087e-02
-1.81999300e-02
-1.74453799e-02
-1.66906677e-02
-1.59357991e-02
-1.51807824e-02
-1.44256242e-02
-1.36703327e-02
-1.29149128e-02
-1.21593736e-02
-1.14037199e-02
-1.06479609e-02
-9.89210233e-03
-9.13615152e-03
-8.38011596e-03
-7.62400450e-03
-6.86781807e-03
-6.11157948e-03
-5.35524869e-03
-4.59898310e-03
-3.84231168e-03
-3.08675901e-03
-2.32748198e-03
-1.57940155e-03
-7.87475146e-04
5.96046448e-08
3.06951511e-03
