-3.06945550e-03
-0.00000000e+00
1.79488771e-03
3.93695943e-03
6.43421337e-03
9.27019119e-03
1.22779571e-02
1.53436409e-02
1.84151269e-02
2.14844216e-02
2.45528538e-02
2.76212431e-02
3.06893531e-02
3.37571763e-02
3.68246771e-02
3.98918353e-02
4.29586172e-02
4.60249931e-02
4.90909368e-02
5.21564148e-02
5.52214086e-02
5.82858771e-02
6.13497980e-02
6.44131377e-02
6.74758703e-02
7.05379695e-02
7.35993981e-02
7.66601413e-02
7.97201619e-02
8.27794299e-02
8.58379155e-02
8.88955891e-02
9.19524282e-02
9.50084031e-02
9.80634838e-02
1.01117641e-01
1.04170844e-01
1.07223071e-01
1.10274285e-01
1.13324456e-01
1.16373569e-01
1.19421571e-01
1.22468457e-01
1.25514179e-01
1.28558740e-01
1.31602079e-01
1.34644166e-01
1.37685001e-01
1.40724525e-01
1.43762723e-01
1.46799579e-01
1.49835050e-01
1.52869105e-01
1.55901715e-01
1.58932850e-01
1.61962494e-01
1.64990619e-01
1.68017194e-01
1.71042174e-01
1.74065560e-01
1.77087292e-01
1.80107355e-01
1.83125719e-01
1.86142370e-01
1.89157262e-01
1.92170367e-01
1.95181653e-01
1.98191106e-01
2.01198712e-01
2.04204395e-01
2.07208171e-01
2.10209996e-01
2.13209838e-01
2.16207668e-01
2.19203457e-01
2.22197175e-01
2.25188807e-01
2.28178307e-01
2.31165677e-01
2.34150857e-01
2.37133846e-01
2.40114585e-01
2.43093073e-01
2.46069252e-01
2.49043122e-01
2.52014667e-01
2.54983813e-01
2.57950574e-01
2.60914892e-01
2.63876736e-01
2.66836107e-01
2.69792974e-01
2.72747308e-01
2.75699049e-01
2.78648227e-01
2.81594753e-01
2.84538627e-01
2.87479818e-01
2.90418267e-01
2.93354034e-01
2.96287030e-01
2.99217224e-01
3.02144557e-01
3.05069089e-01
3.07990760e-01
3.10909510e-01
3.13825309e-01
3.16738188e-01
3.19648087e-01
3.22554946e-01
3.25458795e-01
3.28359544e-01
3.31257224e-01
3.34151745e-01
3.37043166e-01
3.39931399e-01
3.42816442e-01
3.45698208e-01
3.48576754e-01
3.51452023e-01
3.54323953e-01
3.57192546e-01
3.60057801e-01
3.62919629e-01
3.65778059e-01
3.68633002e-01
3.71484518e-01
3.74332517e-01
3.77177000e-01
3.80017936e-01
3.82855296e-01
3.85689050e-01
3.88519168e-01
3.91345590e-01
3.94168347e-01
3.96987408e-01
3.99802685e-01
4.02614206e-01
4.05421913e-01
4.08225864e-01
4.11025941e-01
4.13822144e-01
4.16614473e-01
4.19402838e-01
4.22187299e-01
4.24967736e-01
4.27744180e-01
4.30516601e-01
4.33284968e-01
4.36049253e-01
4.38809425e-01
4.41565484e-01
4.44317341e-01
4.47065026e-01
4.49808508e-01
4.52547729e-01
4.55282688e-01
4.58013386e-01
4.60739762e-01
4.63461816e-01
4.66179460e-01
4.68892723e-01
4.71601576e-01
4.74305987e-01
4.77005959e-01
4.79701400e-01
4.82392311e-01
4.85078722e-01
4.87760544e-01
4.90437746e-01
4.93110329e-01
4.95778263e-01
4.98441517e-01
5.01100123e-01
5.03753960e-01
5.06403089e-01
5.09047449e-01
5.11687040e-01
5.14321804e-01
5.16951680e-01
5.19576669e-01
5.22196829e-01
5.24812043e-01
5.27422249e-01
5.30027509e-01
5.32627821e-01
5.35223067e-01
5.37813365e-01
5.40398538e-01
5.42978585e-01
5.45553505e-01
5.48123300e-01
5.50687909e-01
5.53247452e-01
5.55801690e-01
5.58350682e-01
5.60894430e-01
5.63432932e-01
5.65966129e-01
5.68493962e-01
5.71016431e-01
5.73533475e-01
5.76045156e-01
5.78551412e-01
5.81052244e-01
5.83547533e-01
5.86037397e-01
5.88521719e-01
5.91000497e-01
5.93473673e-01
5.95941246e-01
5.98403275e-01
6.00859582e-01
6.03310287e-01
6.05755329e-01
6.08194649e-01
6.10628247e-01
6.13056123e-01
6.15478158e-01
6.17894411e-01
6.20304883e-01
6.22709453e-01
6.25108123e-01
6.27500951e-01
6.29887879e-01
6.32268846e-01
6.34643853e-01
6.37012899e-01
6.39375985e-01
6.41733050e-01
6.44084036e-01
6.46428883e-01
6.48767650e-01
6.51100338e-01
6.53426886e-01
6.55747294e-01
6.58061564e-01
6.60369575e-01
6.62671387e-01
6.64966941e-01
6.67256296e-01
6.69539332e-01
6.71815991e-01
6.74086392e-01
6.76350355e-01
6.78608060e-01
6.80859327e-01
6.83104157e-01
6.85342550e-01
6.87574506e-01
6.89800024e-01
6.92019045e-01
6.94231451e-01
6.96437359e-01
6.98636711e-01
7.00829506e-01
7.03015685e-01
7.05195248e-01
7.07368135e-01
7.09534347e-01
7.11693883e-01
7.13846743e-01
7.15992868e-01
7.18132257e-01
7.20264852e-01
7.22390652e-01
7.24509656e-01
7.26621866e-01
7.28727162e-01
7.30825722e-01
7.32917309e-01
7.35001981e-01
7.37079740e-01
7.39150584e-01
7.41214395e-01
7.43271291e-01
7.45321155e-01
7.47364044e-01
7.49399841e-01
7.51428545e-01
7.53450274e-01
7.55464792e-01
7.57472277e-01
7.59472549e-01
7.61465669e-01
7.63451695e-01
7.65430510e-01
7.67402112e-01
7.69366503e-01
7.71323562e-01
7.73273408e-01
7.75215983e-01
7.77151167e-01
7.79079080e-01
7.80999660e-01
7.82912850e-01
7.84818709e-01
7.86717176e-01
7.88608193e-01
7.90491819e-01
7.92367995e-01
7.94236720e-01
7.96097934e-01
7.97951579e-01
7.99797773e-01
8.01636457e-01
8.03467512e-01
8.05291057e-01
8.07107031e-01
8.08915377e-01
8.10716093e-01
8.12509179e-01
8.14294636e-01
8.16072404e-01
8.17842543e-01
8.19604933e-01
8.21359575e-01
8.23106468e-01
8.24845612e-01
8.26576948e-01
8.28300536e-01
8.30016315e-01
8.31724286e-01
8.33424449e-01
8.35116684e-01
8.36801112e-01
8.38477612e-01
8.40146244e-01
8.41806948e-01
8.43459785e-01
8.45104635e-01
8.46741498e-01
8.48370373e-01
8.49991262e-01
8.51604164e-01
8.53209019e-01
8.54805887e-01
8.56394649e-01
8.57975364e-01
8.59547973e-01
8.61112475e-01
8.62668872e-01
8.64217162e-01
8.65757346e-01
8.67289305e-01
8.68813157e-01
8.70328844e-01
8.71836245e-01
8.73335421e-01
8.74826431e-01
8.76309156e-01
8.77783716e-01
8.79249930e-01
8.80707860e-01
8.82157505e-01
8.83598864e-01
8.85031879e-01
8.86456490e-01
8.87872756e-01
8.89280677e-01
8.90680313e-01
8.92071486e-01
8.93454254e-01
8.94828618e-01
8.96194577e-01
8.97552013e-01
8.98901045e-01
9.00241613e-01
9.01573718e-01
9.02897239e-01
9.04212356e-01
9.05518889e-01
9.06816840e-01
9.08106327e-01
9.09387290e-01
9.10659611e-01
9.11923349e-01
9.13178563e-01
9.14425135e-01
9.15663123e-01
9.16892409e-01
9.18113172e-01
9.19325233e-01
9.20528591e-01
9.21723306e-01
9.22909319e-01
9.24086690e-01
9.25255358e-01
9.26415205e-01
9.27566469e-01
9.28708851e-01
9.29842532e-01
9.30967450e-01
9.32083607e-01
9.33191061e-01
9.34289634e-01
9.35379386e-01
9.36460316e-01
9.37532485e-01
9.38595831e-01
9.39650297e-01
9.40695882e-01
9.41732645e-01
9.42760527e-01
9.43779528e-01
9.44789588e-01
9.45790827e-01
9.46783185e-01
9.47766602e-01
9.48741019e-01
9.49706554e-01
9.50663149e-01
9.51610744e-01
9.52549338e-01
9.53478932e-01
9.54399645e-01
9.55311358e-01
9.56214011e-01
9.57107782e-01
9.57992375e-01
9.58868027e-01
9.59734619e-01
9.60592210e-01
9.61440682e-01
9.62280154e-01
9.63110507e-01
9.63931799e-01
9.64744091e-01
9.65547204e-01
9.66341257e-01
9.67126191e-01
9.67902064e-01
9.68668759e-01
9.69426334e-01
9.70174789e-01
9.70914066e-01
9.71644223e-01
9.72365260e-01
9.73077118e-01
9.73779798e-01
9.74473298e-01
9.75157619e-01
9.75832701e-01
9.76498663e-01
9.77155387e-01
9.77802932e-01
9.78441238e-01
9.79070365e-01
9.79690254e-01
9.80300844e-01
9.80902314e-01
9.81494486e-01
9.82077360e-01
9.82651055e-01
9.83215451e-01
9.83770609e-01
9.84316528e-01
9.84853148e-01
9.85380471e-01
9.85898495e-01
9.86407220e-01
9.86906707e-01
9.87396896e-01
9.87877727e-01
9.88349319e-01
9.88811493e-01
9.89264429e-01
9.89708066e-01
9.90142286e-01
9.90567267e-01
9.90982890e-01
9.91389215e-01
9.91786122e-01
9.92173672e-01
9.92551982e-01
9.92920816e-01
9.93280411e-01
9.93630528e-01
9.93971407e-01
9.94302869e-01
9.94624972e-01
9.94937658e-01
9.95241046e-01
9.95535016e-01
9.95819569e-01
9.96094763e-01
9.96360600e-01
9.96617019e-01
9.96864021e-01
9.97101665e-01
9.97330010e-01
9.97548878e-01
9.97758329e-01
9.97958362e-01
9.98149097e-01
9.98330295e-01
9.98502135e-01
9.98664558e-01
9.98817563e-01
9.98961270e-01
9.99095500e-01
9.99220252e-01
9.99335647e-01
9.99441624e-01
9.99538183e-01
9.99625325e-01
9.99703050e-01
9.99771357e-01
9.99830246e-01
9.99879718e-01
9.99919772e-01
9.99950409e-01
9.99971569e-01
9.99983370e-01
9.99985695e-01
9.99978662e-01
9.99962151e-01
9.99936223e-01
9.99900877e-01
9.99856114e-01
9.99801993e-01
9.99738395e-01
9.99665380e-01
9.99582946e-01
9.99491155e-01
9.99389827e-01
9.99279141e-01
9.99159038e-01
9.99029577e-01
9.98890638e-01
9.98742282e-01
9.98584569e-01
9.98417437e-01
9.98240888e-01
9.98054922e-01
9.97859538e-01
9.97654796e-01
9.97440636e-01
9.97217059e-01
9.96984124e-01
9.96741712e-01
9.96490002e-01
9.96228874e-01
9.95958328e-01
9.95678484e-01
9.95389223e-01
9.95090544e-01
9.94782507e-01
9.94465113e-01
9.94138300e-01
9.93802190e-01
9.93456662e-01
9.93101776e-01
9.92737591e-01
9.92363989e-01
9.91981089e-01
9.91588771e-01
9.91187155e-01
9.90776241e-01
9.90355968e-01
9.89926279e-01
9.89487410e-01
9.89039123e-01
9.88581538e-01
9.88114715e-01
9.87638474e-01
9.87152994e-01
9.86658096e-01
9.86154079e-01
9.85640645e-01
9.85117912e-01
9.84585941e-01
9.84044731e-01
9.83494222e-01
9.82934415e-01
9.82365310e-01
9.81787086e-01
9.81199503e-01
9.80602682e-01
9.79996741e-01
9.79381442e-01
9.78756964e-01
9.78123188e-01
9.77480292e-01
9.76828158e-01
9.76166844e-01
9.75496292e-01
9.74816561e-01
9.74127650e-01
9.73429561e-01
9.72722292e-01
9.72005904e-01
9.71280336e-01
9.70545590e-01
9.69801724e-01
9.69048679e-01
9.68286514e-01
9.67515230e-01
9.66734827e-01
9.65945363e-01
9.65146780e-01
9.64339077e-01
9.63522315e-01
9.62696493e-01
9.61861551e-01
9.61017609e-01
9.60164487e-01
9.59302425e-01
9.58431304e-01
9.57551241e-01
9.56662059e-01
9.55763876e-01
9.54856634e-01
9.53940451e-01
9.53015268e-01
9.52081084e-01
9.51138020e-01
9.50185895e-01
9.49224889e-01
9.48254883e-01
9.47275937e-01
9.46288109e-01
9.45291340e-01
9.44285691e-01
9.43271160e-01
9.42247689e-01
9.41215336e-01
9.40174162e-01
9.39124107e-01
9.38065231e-01
9.36997473e-01
9.35920954e-01
9.34835553e-01
9.33741450e-01
9.32638466e-01
9.31526661e-01
9.30406094e-01
9.29276764e-01
9.28138673e-01
9.26991880e-01
9.25836384e-01
9.24672067e-01
9.23499107e-01
9.22317445e-01
9.21127081e-01
9.19928014e-01
9.18720245e-01
9.17503893e-01
9.16278899e-01
9.15045261e-01
9.13802981e-01
9.12552059e-01
9.11292553e-01
9.10024524e-01
9.08747911e-01
9.07462716e-01
9.06168938e-01
9.04866636e-01
9.03555810e-01
9.02236521e-01
9.00908649e-01
8.99572313e-01
8.98227513e-01
8.96874309e-01
8.95512640e-01
8.94142509e-01
8.92763913e-01
8.91376913e-01
8.89981568e-01
8.88577819e-01
8.87165666e-01
8.85745168e-01
8.84316325e-01
8.82879198e-01
8.81433666e-01
8.79979908e-01
8.78517807e-01
8.77047479e-01
8.75568807e-01
8.74081969e-01
8.72586906e-01
8.71083558e-01
8.69572043e-01
8.68052304e-01
8.66524398e-01
8.64988327e-01
8.63444090e-01
8.61891687e-01
8.60331297e-01
8.58762741e-01
8.57186019e-01
8.55601311e-01
8.54008496e-01
8.52407634e-01
8.50798726e-01
8.49181831e-01
8.47556889e-01
8.45924079e-01
8.44283164e-01
8.42634380e-01
8.40977609e-01
8.39312911e-01
8.37640345e-01
8.35959911e-01
8.34271550e-01
8.32575381e-01
8.30871344e-01
8.29159439e-01
8.27439785e-01
8.25712264e-01
8.23977053e-01
8.22234035e-01
8.20483267e-01
8.18724692e-01
8.16958487e-01
8.15184534e-01
8.13402951e-01
8.11613679e-01
8.09816718e-01
8.08012247e-01
8.06200087e-01
8.04380357e-01
8.02552998e-01
8.00718069e-01
7.98875630e-01
7.97025740e-01
7.95168281e-01
7.93303311e-01
7.91430891e-01
7.89550960e-01
7.87663639e-01
7.85768867e-01
7.83866763e-01
7.81957209e-01
7.80040324e-01
7.78116047e-01
7.76184440e-01
7.74245560e-01
7.72299409e-01
7.70345926e-01
7.68385231e-01
7.66417205e-01
7.64441967e-01
7.62459576e-01
7.60470033e-01
7.58473337e-01
7.56469429e-01
7.54458487e-01
7.52440333e-01
7.50415146e-01
7.48382866e-01
7.46343553e-01
7.44297206e-01
7.42243826e-01
7.40183413e-01
7.38116026e-01
7.36041725e-01
7.33960509e-01
7.31872380e-01
7.29777336e-01
7.27675438e-01
7.25566626e-01
7.23451078e-01
7.21328676e-01
7.19199479e-01
7.17063487e-01
7.14920700e-01
7.12771177e-01
7.10614979e-01
7.08452046e-01
7.06282496e-01
7.04106212e-01
7.01923370e-01
6.99733913e-01
6.97537899e-01
6.95335269e-01
6.93126142e-01
6.90910399e-01
6.88688099e-01
6.86459363e-01
6.84224188e-01
6.81982577e-01
6.79734528e-01
6.77480042e-01
6.75219238e-01
6.72951996e-01
6.70678496e-01
6.68398619e-01
6.66112423e-01
6.63820028e-01
6.61521316e-01
6.59216404e-01
6.56905234e-01
6.54587924e-01
6.52264476e-01
6.49934828e-01
6.47599041e-01
6.45257175e-01
6.42909288e-01
6.40555263e-01
6.38195217e-01
6.35829151e-01
6.33457124e-01
6.31079078e-01
6.28695190e-01
6.26305282e-01
6.23909533e-01
6.21507883e-01
6.19100392e-01
6.16687059e-01
6.14267886e-01
6.11842930e-01
6.09412193e-01
6.06975734e-01
6.04533613e-01
6.02085710e-01
5.99632204e-01
5.97172976e-01
5.94708204e-01
5.92237830e-01
5.89761853e-01
5.87280273e-01
5.84793150e-01
5.82300544e-01
5.79802513e-01
5.77298939e-01
5.74790001e-01
5.72275639e-01
5.69755793e-01
5.67230701e-01
5.64700186e-01
5.62164366e-01
5.59623241e-01
5.57076871e-01
5.54525197e-01
5.51968396e-01
5.49406290e-01
5.46839118e-01
5.44266701e-01
5.41689217e-01
5.39106548e-01
5.36518872e-01
5.33926129e-01
5.31328321e-01
5.28725564e-01
5.26117742e-01
5.23505032e-01
5.20887375e-01
5.18264771e-01
5.15637398e-01
5.13005078e-01
5.10367870e-01
5.07725894e-01
5.05079150e-01
5.02427697e-01
4.99771476e-01
4.97110546e-01
4.94444937e-01
4.91774648e-01
4.89099741e-01
4.86420214e-01
4.83736128e-01
4.81047481e-01
4.78354275e-01
4.75656569e-01
4.72954392e-01
4.70247746e-01
4.67536718e-01
4.64821219e-01
4.62101370e-01
4.59377170e-01
4.56648648e-01
4.53915805e-01
4.51178670e-01
4.48437303e-01
4.45691705e-01
4.42941934e-01
4.40187961e-01
4.37429845e-01
4.34667617e-01
4.31901306e-01
4.29130942e-01
4.26356494e-01
4.23578054e-01
4.20795590e-01
4.18009192e-01
4.15218860e-01
4.12424624e-01
4.09626454e-01
4.06824440e-01
4.04018611e-01
4.01208967e-01
3.98395509e-01
3.95578355e-01
3.92757446e-01
3.89932871e-01
3.87104601e-01
3.84272665e-01
3.81437093e-01
3.78597945e-01
3.75755250e-01
3.72909009e-01
3.70059252e-01
3.67206007e-01
3.64349276e-01
3.61489147e-01
3.58625591e-01
3.55758697e-01
3.52888405e-01
3.50014806e-01
3.47137898e-01
3.44257742e-01
3.41374338e-01
3.38487715e-01
3.35597903e-01
3.32704902e-01
3.29808801e-01
3.26909572e-01
3.24007273e-01
3.21101934e-01
3.18193525e-01
3.15282136e-01
3.12367827e-01
3.09450537e-01
3.06530327e-01
3.03607225e-01
3.00681263e-01
2.97752500e-01
2.94820905e-01
2.91886508e-01
2.88949400e-01
2.86009550e-01
2.83067048e-01
2.80121833e-01
2.77173996e-01
2.74223536e-01
2.71270484e-01
2.68314898e-01
2.65356779e-01
2.62396157e-01
2.59433061e-01
2.56467551e-01
2.53499597e-01
2.50529230e-01
2.47556537e-01
2.44581491e-01
2.41604164e-01
2.38624543e-01
2.35642672e-01
2.32658565e-01
2.29672283e-01
2.26683840e-01
2.23693281e-01
2.20700607e-01
2.17705846e-01
2.14709044e-01
2.11710185e-01
2.08709359e-01
2.05706552e-01
2.02701837e-01
1.99695170e-01
1.96686640e-01
1.93676263e-01
1.90664053e-01
1.87650055e-01
1.84634298e-01
1.81616783e-01
1.78597569e-01
1.75576672e-01
1.72554106e-01
1.69529915e-01
1.66504145e-01
1.63476795e-01
1.60447910e-01
1.57417506e-01
1.54385611e-01
1.51352271e-01
1.48317516e-01
1.45281360e-01
1.42243817e-01
1.39204949e-01
1.36164770e-01
1.33123294e-01
1.30080581e-01
1.27036631e-01
1.23991489e-01
1.20945185e-01
1.17897741e-01
1.14849180e-01
1.11799531e-01
1.08748838e-01
1.05697118e-01
1.02644399e-01
9.95907262e-02
9.65360999e-02
9.34805721e-02
9.04241651e-02
8.73669013e-02
8.43088105e-02
8.12499225e-02
7.81902745e-02
7.51298890e-02
7.20688030e-02
6.90070316e-02
6.59446120e-02
6.28815740e-02
5.98179363e-02
5.67537360e-02
5.36890067e-02
5.06237671e-02
4.75580506e-02
4.44918871e-02
4.14253063e-02
3.83583345e-02
3.52910012e-02
3.22233327e-02
2.91553624e-02
2.60871165e-02
2.30186246e-02
1.99499186e-02
1.68810245e-02
1.38119683e-02
1.07427835e-02
7.67349778e-03
4.60413937e-03
1.53473765e-03
-1.53467851e-03
-4.60407976e-03
-7.67343817e-03
-1.07427249e-02
-1.38119096e-02
-1.68809630e-02
-1.99498590e-02
-2.30185669e-02
-2.60870587e-02
-2.91553028e-02
-3.22232731e-02
-3.52909416e-02
-3.83582748e-02
-4.14252467e-02
-4.44918275e-02
-4.75579910e-02
-5.06237075e-02
-5.36889471e-02
-5.67536801e-02
-5.98178767e-02
-6.28815070e-02
-6.59445524e-02
-6.90069795e-02
-7.20687434e-02
-7.51298368e-02
-7.81902224e-02
-8.12498629e-02
-8.43087509e-02
-8.73668343e-02
-9.04240981e-02
-9.34805125e-02
-9.65360403e-02
-9.95906666e-02
-1.02644347e-01
-1.05697066e-01
-1.08748779e-01
-1.11799471e-01
-1.14849113e-01
-1.17897674e-01
-1.20945126e-01
-1.23991437e-01
-1.27036572e-01
-1.30080521e-01
-1.33123234e-01
-1.36164710e-01
-1.39204890e-01
-1.42243758e-01
-1.45281285e-01
-1.48317456e-01
-1.51352212e-01
-1.54385552e-01
-1.57417446e-01
-1.60447851e-01
-1.63476735e-01
-1.66504085e-01
-1.69529855e-01
-1.72554046e-01
-1.75576597e-01
-1.78597510e-01
-1.81616724e-01
-1.84634238e-01
-1.87650010e-01
-1.90664008e-01
-1.93676218e-01
-1.96686596e-01
-1.99695110e-01
-2.02701762e-01
-2.05706492e-01
-2.08709285e-01
-2.11710125e-01
-2.14708969e-01
-2.17705786e-01
-2.20700547e-01
-2.23693222e-01
-2.26683795e-01
-2.29672238e-01
-2.32658520e-01
-2.35642612e-01
-2.38624468e-01
-2.41604090e-01
-2.44581431e-01
-2.47556463e-01
-2.50529170e-01
-2.53499508e-01
-2.56467462e-01
-2.59433001e-01
-2.62396127e-01
-2.65356719e-01
-2.68314838e-01
-2.71270424e-01
-2.74223477e-01
-2.77173936e-01
-2.80121773e-01
-2.83066988e-01
-2.86009490e-01
-2.88949370e-01
-2.91886479e-01
-2.94820875e-01
-2.97752470e-01
-3.00681233e-01
-3.03607196e-01
-3.06530297e-01
-3.09450477e-01
-3.12367767e-01
-3.15282106e-01
-3.18193495e-01
-3.21101874e-01
-3.24007243e-01
-3.26909512e-01
-3.29808742e-01
-3.32704872e-01
-3.35597843e-01
-3.38487655e-01
-3.41374278e-01
-3.44257683e-01
-3.47137868e-01
-3.50014746e-01
-3.52888346e-01
-3.55758637e-01
-3.58625561e-01
-3.61489087e-01
-3.64349216e-01
-3.67205918e-01
-3.70059192e-01
-3.72908950e-01
-3.75755191e-01
-3.78597885e-01
-3.81437063e-01
-3.84272605e-01
-3.87104511e-01
-3.89932781e-01
-3.92757386e-01
-3.95578295e-01
-3.98395479e-01
-4.01208878e-01
-4.04018521e-01
-4.06824380e-01
-4.09626365e-01
-4.12424535e-01
-4.15218771e-01
-4.18009102e-01
-4.20795530e-01
-4.23577964e-01
-4.26356435e-01
-4.29130852e-01
-4.31901246e-01
-4.34667587e-01
-4.37429816e-01
-4.40187931e-01
-4.42941904e-01
-4.45691675e-01
-4.48437274e-01
-4.51178610e-01
-4.53915745e-01
-4.56648558e-01
-4.59377080e-01
-4.62101310e-01
-4.64821160e-01
-4.67536628e-01
-4.70247686e-01
-4.72954333e-01
-4.75656509e-01
-4.78354216e-01
-4.81047422e-01
-4.83736098e-01
-4.86420184e-01
-4.89099711e-01
-4.91774619e-01
-4.94444877e-01
-4.97110486e-01
-4.99771446e-01
-5.02427638e-01
-5.05079150e-01
-5.07725835e-01
-5.10367811e-01
-5.13004959e-01
-5.15637279e-01
-5.18264711e-01
-5.20887256e-01
-5.23504913e-01
-5.26117623e-01
-5.28725445e-01
-5.31328201e-01
-5.33926010e-01
-5.36518812e-01
-5.39106548e-01
-5.41689157e-01
-5.44266641e-01
-5.46838999e-01
-5.49406230e-01
-5.51968277e-01
-5.54525197e-01
-5.57076812e-01
-5.59623182e-01
-5.62164307e-01
-5.64700127e-01
-5.67230642e-01
-5.69755793e-01
-5.72275579e-01
-5.74789941e-01
-5.77298939e-01
-5.79802513e-01
-5.82300544e-01
-5.84793150e-01
-5.87280214e-01
-5.89761794e-01
-5.92237830e-01
-5.94708204e-01
-5.97173035e-01
-5.99632144e-01
-6.02085710e-01
-6.04533553e-01
-6.06975675e-01
-6.09412134e-01
-6.11842871e-01
-6.14267826e-01
-6.16687000e-01
-6.19100332e-01
-6.21507823e-01
-6.23909473e-01
-6.26305282e-01
-6.28695130e-01
-6.31079078e-01
-6.33457065e-01
-6.35829091e-01
-6.38195157e-01
-6.40555203e-01
-6.42909229e-01
-6.45257175e-01
-6.47598982e-01
-6.49934769e-01
-6.52264357e-01
-6.54587865e-01
-6.56905174e-01
-6.59216344e-01
-6.61521256e-01
-6.63819969e-01
-6.66112423e-01
-6.68398619e-01
-6.70678437e-01
-6.72951996e-01
-6.75219178e-01
-6.77480042e-01
-6.79734468e-01
-6.81982517e-01
-6.84224129e-01
-6.86459303e-01
-6.88688040e-01
-6.90910280e-01
-6.93126023e-01
-6.95335209e-01
-6.97537839e-01
-6.99733913e-01
-7.01923430e-01
-7.04106271e-01
-7.06282496e-01
-7.08451986e-01
-7.10614920e-01
-7.12771118e-01
-7.14920640e-01
-7.17063427e-01
-7.19199419e-01
-7.21328616e-01
-7.23451018e-01
-7.25566685e-01
-7.27675438e-01
-7.29777336e-01
-7.31872380e-01
-7.33960509e-01
-7.36041725e-01
-7.38116026e-01
-7.40183353e-01
-7.42243767e-01
-7.44297147e-01
-7.46343493e-01
-7.48382807e-01
-7.50415087e-01
-7.52440333e-01
-7.54458427e-01
-7.56469429e-01
-7.58473277e-01
-7.60470033e-01
-7.62459576e-01
-7.64441967e-01
-7.66417205e-01
-7.68385172e-01
-7.70345867e-01
-7.72299349e-01
-7.74245501e-01
-7.76184440e-01
-7.78115988e-01
-7.80040264e-01
-7.81957209e-01
-7.83866704e-01
-7.85768867e-01
-7.87663579e-01
-7.89550900e-01
-7.91430831e-01
-7.93303311e-01
-7.95168281e-01
-7.97025740e-01
-7.98875690e-01
-8.00718069e-01
-8.02552998e-01
-8.04380298e-01
-8.06200027e-01
-8.08012187e-01
-8.09816718e-01
-8.11613560e-01
-8.13402832e-01
-8.15184474e-01
-8.16958427e-01
-8.18724692e-01
-8.20483208e-01
-8.22233975e-01
-8.23976994e-01
-8.25712323e-01
-8.27439845e-01
-8.29159439e-01
-8.30871284e-01
-8.32575321e-01
-8.34271491e-01
-8.35959852e-01
-8.37640345e-01
-8.39312911e-01
-8.40977609e-01
-8.42634380e-01
-8.44283164e-01
-8.45924020e-01
-8.47556889e-01
-8.49181771e-01
-8.50798726e-01
-8.52407575e-01
-8.54008496e-01
-8.55601311e-01
-8.57186019e-01
-8.58762681e-01
-8.60331297e-01
-8.61891747e-01
-8.63444090e-01
-8.64988327e-01
-8.66524339e-01
-8.68052244e-01
-8.69571984e-01
-8.71083558e-01
-8.72586846e-01
-8.74081969e-01
-8.75568807e-01
-8.77047420e-01
-8.78517747e-01
-8.79979849e-01
-8.81433666e-01
-8.82879198e-01
-8.84316325e-01
-8.85745168e-01
-8.87165606e-01
-8.88577759e-01
-8.89981508e-01
-8.91376913e-01
-8.92763913e-01
-8.94142449e-01
-8.95512581e-01
-8.96874309e-01
-8.98227572e-01
-8.99572372e-01
-9.00908649e-01
-9.02236521e-01
-9.03555810e-01
-9.04866636e-01
-9.06168878e-01
-9.07462656e-01
-9.08747852e-01
-9.10024524e-01
-9.11292613e-01
-9.12552059e-01
-9.13802922e-01
-9.15045261e-01
-9.16278899e-01
-9.17503893e-01
-9.18720305e-01
-9.19927955e-01
-9.21127021e-01
-9.22317386e-01
-9.23499048e-01
-9.24672067e-01
-9.25836325e-01
-9.26991880e-01
-9.28138673e-01
-9.29276764e-01
-9.30406034e-01
-9.31526601e-01
-9.32638347e-01
-9.33741391e-01
-9.34835613e-01
-9.35921013e-01
-9.36997533e-01
-9.38065290e-01
-9.39124167e-01
-9.40174162e-01
-9.41215336e-01
-9.42247629e-01
-9.43271101e-01
-9.44285631e-01
-9.45291281e-01
-9.46288109e-01
-9.47275996e-01
-9.48254883e-01
-9.49224889e-01
-9.50185955e-01
-9.51138020e-01
-9.52081084e-01
-9.53015208e-01
-9.53940392e-01
-9.54856634e-01
-9.55763757e-01
-9.56661999e-01
-9.57551181e-01
-9.58431363e-01
-9.59302425e-01
-9.60164487e-01
-9.61017549e-01
-9.61861491e-01
-9.62696433e-01
-9.63522255e-01
-9.64339018e-01
-9.65146720e-01
-9.65945363e-01
-9.66734886e-01
-9.67515230e-01
-9.68286514e-01
-9.69048738e-01
-9.69801724e-01
-9.70545590e-01
-9.71280336e-01
-9.72005904e-01
-9.72722292e-01
-9.73429561e-01
-9.74127650e-01
-9.74816561e-01
-9.75496292e-01
-9.76166785e-01
-9.76828158e-01
-9.77480292e-01
-9.78123248e-01
-9.78756905e-01
-9.79381382e-01
-9.79996681e-01
-9.80602682e-01
-9.81199503e-01
-9.81787086e-01
-9.82365370e-01
-9.82934415e-01
-9.83494222e-01
-9.84044731e-01
-9.84586000e-01
-9.85117912e-01
-9.85640645e-01
-9.86154020e-01
-9.86658156e-01
-9.87152934e-01
-9.87638474e-01
-9.88114655e-01
-9.88581598e-01
-9.89039183e-01
-9.89487410e-01
-9.89926338e-01
-9.90355968e-01
-9.90776300e-01
-9.91187215e-01
-9.91588771e-01
-9.91981089e-01
-9.92363989e-01
-9.92737591e-01
-9.93101835e-01
-9.93456662e-01
-9.93802130e-01
-9.94138300e-01
-9.94465053e-01
-9.94782507e-01
-9.95090544e-01
-9.95389223e-01
-9.95678484e-01
-9.95958388e-01
-9.96228874e-01
-9.96490002e-01
-9.96741712e-01
-9.96984124e-01
-9.97217059e-01
-9.97440636e-01
-9.97654796e-01
-9.97859597e-01
-9.98054922e-01
-9.98240888e-01
-9.98417437e-01
-9.98584569e-01
-9.98742342e-01
-9.98890698e-01
-9.99029577e-01
-9.99159038e-01
-9.99279141e-01
-9.99389827e-01
-9.99491096e-01
-9.99582946e-01
-9.99665439e-01
-9.99738395e-01
-9.99801993e-01
-9.99856174e-01
-9.99900937e-01
-9.99936223e-01
-9.99962151e-01
-9.99978662e-01
-9.99985695e-01
-9.99983370e-01
-9.99971569e-01
-9.99950290e-01
-9.99919713e-01
-9.99879658e-01
-9.99830186e-01
-9.99771357e-01
-9.99703050e-01
-9.99625325e-01
-9.99538183e-01
-9.99441624e-01
-9.99335706e-01
-9.99220312e-01
-9.99095500e-01
-9.98961270e-01
-9.98817623e-01
-9.98664618e-01
-9.98502195e-01
-9.98330355e-01
-9.98149097e-01
-9.97958422e-01
-9.97758329e-01
-9.97548878e-01
-9.97330010e-01
-9.97101724e-01
-9.96864080e-01
-9.96617079e-01
-9.96360660e-01
-9.96094823e-01
-9.95819569e-01
-9.95535016e-01
-9.95241046e-01
-9.94937658e-01
-9.94624972e-01
-9.94302869e-01
-9.93971407e-01
-9.93630588e-01
-9.93280351e-01
-9.92920876e-01
-9.92551923e-01
-9.92173672e-01
-9.91786063e-01
-9.91389096e-01
-9.90982831e-01
-9.90567267e-01
-9.90142345e-01
-9.89708126e-01
-9.89264429e-01
-9.88811553e-01
-9.88349259e-01
-9.87877727e-01
-9.87396836e-01
-9.86906707e-01
-9.86407220e-01
-9.85898495e-01
-9.85380471e-01
-9.84853148e-01
-9.84316528e-01
-9.83770609e-01
-9.83215511e-01
-9.82651055e-01
-9.82077420e-01
-9.81494486e-01
-9.80902314e-01
-9.80300844e-01
-9.79690194e-01
-9.79070306e-01
-9.78441238e-01
-9.77802932e-01
-9.77155387e-01
-9.76498604e-01
-9.75832760e-01
-9.75157559e-01
-9.74473298e-01
-9.73779798e-01
-9.73077118e-01
-9.72365260e-01
-9.71644282e-01
-9.70914125e-01
-9.70174789e-01
-9.69426334e-01
-9.68668759e-01
-9.67902064e-01
-9.67126250e-01
-9.66341257e-01
-9.65547204e-01
-9.64744091e-01
-9.63931859e-01
-9.63110507e-01
-9.62280214e-01
-9.61440742e-01
-9.60592210e-01
-9.59734678e-01
-9.58868027e-01
-9.57992375e-01
-9.57107782e-01
-9.56214130e-01
-9.55311418e-01
-9.54399705e-01
-9.53478992e-01
-9.52549338e-01
-9.51610684e-01
-9.50663090e-01
-9.49706495e-01
-9.48741019e-01
-9.47766542e-01
-9.46783245e-01
-9.45790946e-01
-9.44789708e-01
-9.43779588e-01
-9.42760587e-01
-9.41732705e-01
-9.40695941e-01
-9.39650357e-01
-9.38595831e-01
-9.37532544e-01
-9.36460316e-01
-9.35379386e-01
-9.34289575e-01
-9.33191001e-01
-9.32083666e-01
-9.30967450e-01
-9.29842532e-01
-9.28708851e-01
-9.27566409e-01
-9.26415205e-01
-9.25255358e-01
-9.24086690e-01
-9.22909379e-01
-9.21723366e-01
-9.20528650e-01
-9.19325233e-01
-9.18113172e-01
-9.16892469e-01
-9.15663123e-01
-9.14425135e-01
-9.13178563e-01
-9.11923468e-01
-9.10659671e-01
-9.09387290e-01
-9.08106387e-01
-9.06816900e-01
-9.05518889e-01
-9.04212296e-01
-9.02897179e-01
-9.01573598e-01
-9.00241554e-01
-8.98901045e-01
-8.97552013e-01
-8.96194518e-01
-8.94828618e-01
-8.93454254e-01
-8.92071486e-01
-8.90680313e-01
-8.89280736e-01
-8.87872756e-01
-8.86456430e-01
-8.85031760e-01
-8.83598804e-01
-8.82157505e-01
-8.80707860e-01
-8.79249930e-01
-8.77783716e-01
-8.76309156e-01
-8.74826431e-01
-8.73335421e-01
-8.71836185e-01
-8.70328724e-01
-8.68813157e-01
-8.67289305e-01
-8.65757346e-01
-8.64217222e-01
-8.62668931e-01
-8.61112595e-01
-8.59548032e-01
-8.57975364e-01
-8.56394708e-01
-8.54805887e-01
-8.53209078e-01
-8.51604164e-01
-8.49991262e-01
-8.48370373e-01
-8.46741498e-01
-8.45104635e-01
-8.43459785e-01
-8.41807008e-01
-8.40146303e-01
-8.38477671e-01
-8.36801171e-01
-8.35116744e-01
-8.33424449e-01
-8.31724346e-01
-8.30016375e-01
-8.28300595e-01
-8.26577008e-01
-8.24845612e-01
-8.23106408e-01
-8.21359515e-01
-8.19604933e-01
-8.17842543e-01
-8.16072464e-01
-8.14294696e-01
-8.12509239e-01
-8.10716093e-01
-8.08915377e-01
-8.07107091e-01
-8.05291116e-01
-8.03467631e-01
-8.01636517e-01
-7.99797833e-01
-7.97951639e-01
-7.96097934e-01
-7.94236720e-01
-7.92368054e-01
-7.90491879e-01
-7.88608253e-01
-7.86717176e-01
-7.84818709e-01
-7.82912910e-01
-7.80999660e-01
-7.79079139e-01
-7.77151227e-01
-7.75215924e-01
-7.73273408e-01
-7.71323562e-01
-7.69366503e-01
-7.67402172e-01
-7.65430570e-01
-7.63451755e-01
-7.61465728e-01
-7.59472549e-01
-7.57472277e-01
-7.55464852e-01
-7.53450274e-01
-7.51428604e-01
-7.49399900e-01
-7.47364104e-01
-7.45321274e-01
-7.43271410e-01
-7.41214514e-01
-7.39150584e-01
-7.37079740e-01
-7.35001981e-01
-7.32917309e-01
-7.30825722e-01
-7.28727281e-01
-7.26621985e-01
-7.24509776e-01
-7.22390771e-01
-7.20264912e-01
-7.18132257e-01
-7.15992928e-01
-7.13846803e-01
-7.11693883e-01
-7.09534347e-01
-7.07368135e-01
-7.05195248e-01
-7.03015685e-01
-7.00829506e-01
-6.98636711e-01
-6.96437418e-01
-6.94231570e-01
-6.92019045e-01
-6.89800084e-01
-6.87574565e-01
-6.85342610e-01
-6.83104217e-01
-6.80859327e-01
-6.78608119e-01
-6.76350474e-01
-6.74086452e-01
-6.71816051e-01
-6.69539392e-01
-6.67256355e-01
-6.64967060e-01
-6.62671447e-01
-6.60369635e-01
-6.58061624e-01
-6.55747414e-01
-6.53427005e-01
-6.51100397e-01
-6.48767710e-01
-6.46428883e-01
-6.44084036e-01
-6.41733050e-01
-6.39375985e-01
-6.37012959e-01
-6.34643912e-01
-6.32268906e-01
-6.29887938e-01
-6.27501070e-01
-6.25108242e-01
-6.22709572e-01
-6.20305002e-01
-6.17894530e-01
-6.15478218e-01
-6.13056123e-01
-6.10628307e-01
-6.08194709e-01
-6.05755329e-01
-6.03310347e-01
-6.00859642e-01
-5.98403335e-01
-5.95941305e-01
-5.93473732e-01
-5.91000557e-01
-5.88521779e-01
-5.86037457e-01
-5.83547592e-01
-5.81052244e-01
-5.78551471e-01
-5.76045215e-01
-5.73533535e-01
-5.71016431e-01
-5.68493962e-01
-5.65966129e-01
-5.63432932e-01
-5.60894489e-01
-5.58350742e-01
-5.55801690e-01
-5.53247452e-01
-5.50688028e-01
-5.48123360e-01
-5.45553505e-01
-5.42978585e-01
-5.40398538e-01
-5.37813365e-01
-5.35223126e-01
-5.32627821e-01
-5.30027509e-01
-5.27422249e-01
-5.24811983e-01
-5.22196829e-01
-5.19576669e-01
-5.16951680e-01
-5.14321804e-01
-5.11687040e-01
-5.09047508e-01
-5.06403148e-01
-5.03754020e-01
-5.01100183e-01
-4.98441637e-01
-4.95778352e-01
-4.93110418e-01
-4.90437806e-01
-4.87760603e-01
-4.85078782e-01
-4.82392371e-01
-4.79701430e-01
-4.77005988e-01
-4.74306047e-01
-4.71601635e-01
-4.68892783e-01
-4.66179520e-01
-4.63461846e-01
-4.60739851e-01
-4.58013475e-01
-4.55282778e-01
-4.52547818e-01
-4.49808568e-01
-4.47065085e-01
-4.44317371e-01
-4.41565484e-01
-4.38809454e-01
-4.36049283e-01
-4.33284998e-01
-4.30516630e-01
-4.27744240e-01
-4.24967796e-01
-4.22187358e-01
-4.19402897e-01
-4.16614532e-01
-4.13822234e-01
-4.11026061e-01
-4.08225954e-01
-4.05422032e-01
-4.02614295e-01
-3.99802744e-01
-3.96987438e-01
-3.94168407e-01
-3.91345650e-01
-3.88519198e-01
-3.85689080e-01
-3.82855356e-01
-3.80017996e-01
-3.77177060e-01
-3.74332607e-01
-3.71484578e-01
-3.68633091e-01
-3.65778118e-01
-3.62919688e-01
-3.60057861e-01
-3.57192606e-01
-3.54323983e-01
-3.51452053e-01
-3.48576814e-01
-3.45698297e-01
-3.42816502e-01
-3.39931458e-01
-3.37043256e-01
-3.34151834e-01
-3.31257284e-01
-3.28359604e-01
-3.25458825e-01
-3.22555006e-01
-3.19648117e-01
-3.16738248e-01
-3.13825399e-01
-3.10909569e-01
-3.07990819e-01
-3.05069149e-01
-3.02144617e-01
-2.99217254e-01
-2.96287090e-01
-2.93354094e-01
-2.90418327e-01
-2.87479877e-01
-2.84538686e-01
-2.81594813e-01
-2.78648287e-01
-2.75699109e-01
-2.72747368e-01
-2.69793034e-01
-2.66836166e-01
-2.63876796e-01
-2.60914952e-01
-2.57950634e-01
-2.54983872e-01
-2.52014697e-01
-2.49043182e-01
-2.46069312e-01
-2.43093118e-01
-2.40114644e-01
-2.37133905e-01
-2.34150931e-01
-2.31165737e-01
-2.28178367e-01
-2.25188866e-01
-2.22197235e-01
-2.19203502e-01
-2.16207713e-01
-2.13209882e-01
-2.10210055e-01
-2.07208246e-01
-2.04204470e-01
-2.01198772e-01
-1.98191181e-01
-1.95181727e-01
-1.92170426e-01
-1.89157337e-01
-1.86142445e-01
-1.83125779e-01
-1.80107415e-01
-1.77087337e-01
-1.74065620e-01
-1.71042249e-01
-1.68017253e-01
-1.64990678e-01
-1.61962554e-01
-1.58932909e-01
-1.55901760e-01
-1.52869150e-01
-1.49835095e-01
-1.46799639e-01
-1.43762782e-01
-1.40724584e-01
-1.37685046e-01
-1.34644225e-01
-1.31602123e-01
-1.28558785e-01
-1.25514239e-01
-1.22468516e-01
-1.19421631e-01
-1.16373628e-01
-1.13324523e-01
-1.10274352e-01
-1.07223138e-01
-1.04170911e-01
-1.01117700e-01
-9.80635434e-02
-9.50084627e-02
-9.19524878e-02
-8.88956487e-02
-8.58379751e-02
-8.27794895e-02
-7.97202215e-02
-7.66602010e-02
-7.35994577e-02
-7.05380291e-02
-6.74759299e-02
-6.44131973e-02
-6.13498576e-02
-5.82859367e-02
-5.52214645e-02
-5.21564782e-02
-4.90909964e-02
-4.60250527e-02
-4.29586768e-02
-3.98918949e-02
-3.68247367e-02
-3.37572359e-02
-3.06894127e-02
-2.76213028e-02
-2.45529134e-02
-2.14844830e-02
-1.84151866e-02
-1.53437005e-02
-1.22780167e-02
-9.27024800e-03
-6.43426366e-03
-3.93699016e-03
-1.79489935e-03
5.96046448e-08
3.06951511e-03
