-3.06945550e-03
-0.00000000e+00
2.38264119e-03
4.91825119e-03
7.48236757e-03
1.01422146e-02
1.28895966e-02
1.57251190e-02
1.86348297e-02
2.16027107e-02
2.46118233e-02
2.76477635e-02
3.06995679e-02
3.37598622e-02
3.68241705e-02
3.98900509e-02
4.29563150e-02
4.60224301e-02
4.90881838e-02
5.21534905e-02
5.52183092e-02
5.82826100e-02
6.13463596e-02
6.44095317e-02
6.74720928e-02
7.05340207e-02
7.35952780e-02
7.66558498e-02
7.97156915e-02
8.27747807e-02
8.58330876e-02
8.88905898e-02
9.19472575e-02
9.50030684e-02
9.80579779e-02
1.01111971e-01
1.04165003e-01
1.07217059e-01
1.10268101e-01
1.13318108e-01
1.16367042e-01
1.19414881e-01
1.22461595e-01
1.25507161e-01
1.28551543e-01
1.31594703e-01
1.34636626e-01
1.37677282e-01
1.40716642e-01
1.43754676e-01
1.46791354e-01
1.49826646e-01
1.52860522e-01
1.55892968e-01
1.58923939e-01
1.61953419e-01
1.64981380e-01
1.68007761e-01
1.71032578e-01
1.74055785e-01
1.77077353e-01
1.80097237e-01
1.83115453e-01
1.86131909e-01
1.89146638e-01
1.92159563e-01
1.95170701e-01
1.98179990e-01
2.01187417e-01
2.04192951e-01
2.07196563e-01
2.10198209e-01
2.13197887e-01
2.16195539e-01
2.19191164e-01
2.22184718e-01
2.25176185e-01
2.28165537e-01
2.31152713e-01
2.34137744e-01
2.37120539e-01
2.40101114e-01
2.43079439e-01
2.46055469e-01
2.49029160e-01
2.52000511e-01
2.54969507e-01
2.57936090e-01
2.60900259e-01
2.63861954e-01
2.66821146e-01
2.69777834e-01
2.72731990e-01
2.75683582e-01
2.78632581e-01
2.81578928e-01
2.84522653e-01
2.87463665e-01
2.90401995e-01
2.93337554e-01
2.96270400e-01
2.99200416e-01
3.02127600e-01
3.05051982e-01
3.07973504e-01
3.10892105e-01
3.13807726e-01
3.16720426e-01
3.19630146e-01
3.22536856e-01
3.25440526e-01
3.28341097e-01
3.31238598e-01
3.34132999e-01
3.37024242e-01
3.39912325e-01
3.42797190e-01
3.45678836e-01
3.48557204e-01
3.51432323e-01
3.54304105e-01
3.57172549e-01
3.60037595e-01
3.62899274e-01
3.65757525e-01
3.68612379e-01
3.71463716e-01
3.74311566e-01
3.77155870e-01
3.79996657e-01
3.82833838e-01
3.85667413e-01
3.88497323e-01
3.91323596e-01
3.94146204e-01
3.96965086e-01
3.99780244e-01
4.02591616e-01
4.05399173e-01
4.08202946e-01
4.11002874e-01
4.13798958e-01
4.16591108e-01
4.19379354e-01
4.22163635e-01
4.24943924e-01
4.27720219e-01
4.30492491e-01
4.33260679e-01
4.36024845e-01
4.38784838e-01
4.41540718e-01
4.44292426e-01
4.47039962e-01
4.49783266e-01
4.52522367e-01
4.55257177e-01
4.57987696e-01
4.60713923e-01
4.63435799e-01
4.66153294e-01
4.68866408e-01
4.71575111e-01
4.74279374e-01
4.76979196e-01
4.79674488e-01
4.82365280e-01
4.85051483e-01
4.87733155e-01
4.90410209e-01
4.93082643e-01
4.95750457e-01
4.98413593e-01
5.01071990e-01
5.03725708e-01
5.06374657e-01
5.09018898e-01
5.11658370e-01
5.14292955e-01
5.16922712e-01
5.19547522e-01
5.22167504e-01
5.24782538e-01
5.27392626e-01
5.29997706e-01
5.32597899e-01
5.35193026e-01
5.37783146e-01
5.40368199e-01
5.42948127e-01
5.45522869e-01
5.48092544e-01
5.50657034e-01
5.53216338e-01
5.55770457e-01
5.58319330e-01
5.60862958e-01
5.63401341e-01
5.65934360e-01
5.68462014e-01
5.70984364e-01
5.73501289e-01
5.76012850e-01
5.78518927e-01
5.81019580e-01
5.83514810e-01
5.86004496e-01
5.88488698e-01
5.90967357e-01
5.93440413e-01
5.95907807e-01
5.98369658e-01
6.00825787e-01
6.03276312e-01
6.05721176e-01
6.08160377e-01
6.10593915e-01
6.13021731e-01
6.15443707e-01
6.17859840e-01
6.20270073e-01
6.22674525e-01
6.25073075e-01
6.27465785e-01
6.29852533e-01
6.32233322e-01
6.34608209e-01
6.36977136e-01
6.39340103e-01
6.41696990e-01
6.44047797e-01
6.46392584e-01
6.48731232e-01
6.51063800e-01
6.53390229e-01
6.55710518e-01
6.58024609e-01
6.60332501e-01
6.62634194e-01
6.64929628e-01
6.67218804e-01
6.69501781e-01
6.71778321e-01
6.74048543e-01
6.76312387e-01
6.78569913e-01
6.80821002e-01
6.83065772e-01
6.85304046e-01
6.87535882e-01
6.89761281e-01
6.91980183e-01
6.94192529e-01
6.96398318e-01
6.98597550e-01
7.00790167e-01
7.02976167e-01
7.05155551e-01
7.07328320e-01
7.09494472e-01
7.11653948e-01
7.13806748e-01
7.15952754e-01
7.18092024e-01
7.20224500e-01
7.22350180e-01
7.24469066e-01
7.26581156e-01
7.28686333e-01
7.30784714e-01
7.32876122e-01
7.34960735e-01
7.37038374e-01
7.39109099e-01
7.41172910e-01
7.43229687e-01
7.45279431e-01
7.47322142e-01
7.49357760e-01
7.51386404e-01
7.53407955e-01
7.55422413e-01
7.57429779e-01
7.59429991e-01
7.61422992e-01
7.63408899e-01
7.65387595e-01
7.67359078e-01
7.69323349e-01
7.71280348e-01
7.73230016e-01
7.75172472e-01
7.77107596e-01
7.79035389e-01
7.80955851e-01
7.82868922e-01
7.84774661e-01
7.86673009e-01
7.88563967e-01
7.90447474e-01
7.92323589e-01
7.94192195e-01
7.96053290e-01
7.97906876e-01
7.99752891e-01
8.01591396e-01
8.03422332e-01
8.05245757e-01
8.07061613e-01
8.08869839e-01
8.10670495e-01
8.12463522e-01
8.14248919e-01
8.16026628e-01
8.17796707e-01
8.19559097e-01
8.21313620e-01
8.23060453e-01
8.24799538e-01
8.26530755e-01
8.28254223e-01
8.29969943e-01
8.31677794e-01
8.33377779e-01
8.35069954e-01
8.36754203e-01
8.38430643e-01
8.40099156e-01
8.41759741e-01
8.43412459e-01
8.45057189e-01
8.46693993e-01
8.48322749e-01
8.49943578e-01
8.51556361e-01
8.53161216e-01
8.54757905e-01
8.56346667e-01
8.57927263e-01
8.59499812e-01
8.61064255e-01
8.62620592e-01
8.64168763e-01
8.65708828e-01
8.67240727e-01
8.68764460e-01
8.70279968e-01
8.71787310e-01
8.73286426e-01
8.74777377e-01
8.76260042e-01
8.77734482e-01
8.79200637e-01
8.80658448e-01
8.82108033e-01
8.83549273e-01
8.84982169e-01
8.86406720e-01
8.87822986e-01
8.89230847e-01
8.90630364e-01
8.92021418e-01
8.93404126e-01
8.94778430e-01
8.96144271e-01
8.97501647e-01
8.98850560e-01
9.00191069e-01
9.01523113e-01
9.02846575e-01
9.04161572e-01
9.05468106e-01
9.06766057e-01
9.08055425e-01
9.09336269e-01
9.10608530e-01
9.11872268e-01
9.13127303e-01
9.14373815e-01
9.15611684e-01
9.16840971e-01
9.18061614e-01
9.19273674e-01
9.20477033e-01
9.21671748e-01
9.22857702e-01
9.24034953e-01
9.25203562e-01
9.26363349e-01
9.27514434e-01
9.28656816e-01
9.29790437e-01
9.30915296e-01
9.32031393e-01
9.33138728e-01
9.34237242e-01
9.35326934e-01
9.36407804e-01
9.37479913e-01
9.38543200e-01
9.39597607e-01
9.40643191e-01
9.41679895e-01
9.42707717e-01
9.43726659e-01
9.44736719e-01
9.45737898e-01
9.46730137e-01
9.47713435e-01
9.48687792e-01
9.49653208e-01
9.50609744e-01
9.51557338e-01
9.52495933e-01
9.53425527e-01
9.54346240e-01
9.55257893e-01
9.56160486e-01
9.57054079e-01
9.57938671e-01
9.58814204e-01
9.59680796e-01
9.60538268e-01
9.61386740e-01
9.62226093e-01
9.63056445e-01
9.63877738e-01
9.64689970e-01
9.65493023e-01
9.66287076e-01
9.67071950e-01
9.67847764e-01
9.68614399e-01
9.69371974e-01
9.70120370e-01
9.70859647e-01
9.71589804e-01
9.72310781e-01
9.73022580e-01
9.73725200e-01
9.74418640e-01
9.75102901e-01
9.75777924e-01
9.76443768e-01
9.77100492e-01
9.77747977e-01
9.78386343e-01
9.79015410e-01
9.79635298e-01
9.80245948e-01
9.80847359e-01
9.81439471e-01
9.82022345e-01
9.82595980e-01
9.83160377e-01
9.83715475e-01
9.84261334e-01
9.84797895e-01
9.85325217e-01
9.85843241e-01
9.86351907e-01
9.86851394e-01
9.87341523e-01
9.87822294e-01
9.88293827e-01
9.88756061e-01
9.89208937e-01
9.89652574e-01
9.90086794e-01
9.90511715e-01
9.90927279e-01
9.91333544e-01
9.91730452e-01
9.92118120e-01
9.92496252e-01
9.92865145e-01
9.93224680e-01
9.93574858e-01
9.93915617e-01
9.94247079e-01
9.94569123e-01
9.94881809e-01
9.95185137e-01
9.95479107e-01
9.95763719e-01
9.96038914e-01
9.96304691e-01
9.96561110e-01
9.96808112e-01
9.97045755e-01
9.97274041e-01
9.97492909e-01
9.97702420e-01
9.97902453e-01
9.98093069e-01
9.98274326e-01
9.98446167e-01
9.98608589e-01
9.98761535e-01
9.98905182e-01
9.99039412e-01
9.99164283e-01
9.99279678e-01
9.99385595e-01
9.99482155e-01
9.99569297e-01
9.99647021e-01
9.99715328e-01
9.99774158e-01
9.99823630e-01
9.99863625e-01
9.99894261e-01
9.99915421e-01
9.99927223e-01
9.99929607e-01
9.99922514e-01
9.99906063e-01
9.99880195e-01
9.99844849e-01
9.99800086e-01
9.99745965e-01
9.99682367e-01
9.99609351e-01
9.99526918e-01
9.99435067e-01
9.99333858e-01
9.99223173e-01
9.99103069e-01
9.98973548e-01
9.98834610e-01
9.98686314e-01
9.98528600e-01
9.98361468e-01
9.98184919e-01
9.97998953e-01
9.97803569e-01
9.97598827e-01
9.97384667e-01
9.97161031e-01
9.96928096e-01
9.96685743e-01
9.96434033e-01
9.96172965e-01
9.95902479e-01
9.95622575e-01
9.95333374e-01
9.95034695e-01
9.94726658e-01
9.94409263e-01
9.94082570e-01
9.93746400e-01
9.93400872e-01
9.93045986e-01
9.92681801e-01
9.92308259e-01
9.91925359e-01
9.91533101e-01
9.91131544e-01
9.90720630e-01
9.90300417e-01
9.89870787e-01
9.89431858e-01
9.88983631e-01
9.88526106e-01
9.88059282e-01
9.87583101e-01
9.87097621e-01
9.86602783e-01
9.86098707e-01
9.85585332e-01
9.85062659e-01
9.84530747e-01
9.83989537e-01
9.83439028e-01
9.82879281e-01
9.82310295e-01
9.81732011e-01
9.81144547e-01
9.80547786e-01
9.79941785e-01
9.79326546e-01
9.78702009e-01
9.78068292e-01
9.77425337e-01
9.76773262e-01
9.76111948e-01
9.75441456e-01
9.74761844e-01
9.74072993e-01
9.73374963e-01
9.72667754e-01
9.71951365e-01
9.71225858e-01
9.70491171e-01
9.69747305e-01
9.68994319e-01
9.68232214e-01
9.67460990e-01
9.66680706e-01
9.65891242e-01
9.65092659e-01
9.64285016e-01
9.63468313e-01
9.62642491e-01
9.61807549e-01
9.60963666e-01
9.60110664e-01
9.59248662e-01
9.58377600e-01
9.57497537e-01
9.56608355e-01
9.55710232e-01
9.54803050e-01
9.53886926e-01
9.52961802e-01
9.52027678e-01
9.51084614e-01
9.50132549e-01
9.49171543e-01
9.48201597e-01
9.47222710e-01
9.46234882e-01
9.45238233e-01
9.44232643e-01
9.43218172e-01
9.42194760e-01
9.41162467e-01
9.40121412e-01
9.39071417e-01
9.38012600e-01
9.36944962e-01
9.35868442e-01
9.34783161e-01
9.33689058e-01
9.32586133e-01
9.31474447e-01
9.30353940e-01
9.29224670e-01
9.28086698e-01
9.26939964e-01
9.25784528e-01
9.24620271e-01
9.23447430e-01
9.22265828e-01
9.21075463e-01
9.19876456e-01
9.18668747e-01
9.17452455e-01
9.16227460e-01
9.14993942e-01
9.13751721e-01
9.12500978e-01
9.11241531e-01
9.09973502e-01
9.08696890e-01
9.07411754e-01
9.06118095e-01
9.04815912e-01
9.03505206e-01
9.02185917e-01
9.00858223e-01
8.99521947e-01
8.98177266e-01
8.96824121e-01
8.95462453e-01
8.94092381e-01
8.92713904e-01
8.91327024e-01
8.89931679e-01
8.88527930e-01
8.87115836e-01
8.85695457e-01
8.84266675e-01
8.82829607e-01
8.81384254e-01
8.79930556e-01
8.78468573e-01
8.76998305e-01
8.75519753e-01
8.74033034e-01
8.72537971e-01
8.71034741e-01
8.69523287e-01
8.68003607e-01
8.66475821e-01
8.64939809e-01
8.63395691e-01
8.61843407e-01
8.60283077e-01
8.58714581e-01
8.57137978e-01
8.55553329e-01
8.53960574e-01
8.52359772e-01
8.50750983e-01
8.49134207e-01
8.47509384e-01
8.45876575e-01
8.44235778e-01
8.42587054e-01
8.40930402e-01
8.39265823e-01
8.37593377e-01
8.35913062e-01
8.34224761e-01
8.32528710e-01
8.30824852e-01
8.29113066e-01
8.27393532e-01
8.25666189e-01
8.23930979e-01
8.22188020e-01
8.20437253e-01
8.18678856e-01
8.16912651e-01
8.15138757e-01
8.13357234e-01
8.11568022e-01
8.09771180e-01
8.07966709e-01
8.06154728e-01
8.04335177e-01
8.02507997e-01
8.00673246e-01
7.98830926e-01
7.96981096e-01
7.95123696e-01
7.93258846e-01
7.91386485e-01
7.89506614e-01
7.87619352e-01
7.85724759e-01
7.83822715e-01
7.81913340e-01
7.79996574e-01
7.78072417e-01
7.76140988e-01
7.74202168e-01
7.72256136e-01
7.70302773e-01
7.68342197e-01
7.66374290e-01
7.64399111e-01
7.62416780e-01
7.60427356e-01
7.58430719e-01
7.56426990e-01
7.54416108e-01
7.52398133e-01
7.50373065e-01
7.48340905e-01
7.46301711e-01
7.44255424e-01
7.42202163e-01
7.40141869e-01
7.38074601e-01
7.36000419e-01
7.33919263e-01
7.31831253e-01
7.29736328e-01
7.27634609e-01
7.25525975e-01
7.23410487e-01
7.21288204e-01
7.19159126e-01
7.17023253e-01
7.14880586e-01
7.12731123e-01
7.10574985e-01
7.08412170e-01
7.06242740e-01
7.04066694e-01
7.01883972e-01
6.99694693e-01
6.97498739e-01
6.95296288e-01
6.93087220e-01
6.90871596e-01
6.88649476e-01
6.86420858e-01
6.84185803e-01
6.81944311e-01
6.79696381e-01
6.77442074e-01
6.75181389e-01
6.72914267e-01
6.70640886e-01
6.68361187e-01
6.66075170e-01
6.63782835e-01
6.61484241e-01
6.59179449e-01
6.56868458e-01
6.54551327e-01
6.52227938e-01
6.49898410e-01
6.47562802e-01
6.45221055e-01
6.42873287e-01
6.40519321e-01
6.38159394e-01
6.35793447e-01
6.33421540e-01
6.31043673e-01
6.28659844e-01
6.26270175e-01
6.23874605e-01
6.21473134e-01
6.19065762e-01
6.16652548e-01
6.14233494e-01
6.11808598e-01
6.09377980e-01
6.06941581e-01
6.04499578e-01
6.02051854e-01
5.99598527e-01
5.97139537e-01
5.94674885e-01
5.92204630e-01
5.89728773e-01
5.87247312e-01
5.84760368e-01
5.82267880e-01
5.79769909e-01
5.77266514e-01
5.74757695e-01
5.72243452e-01
5.69723845e-01
5.67198873e-01
5.64668536e-01
5.62132835e-01
5.59591889e-01
5.57045639e-01
5.54494143e-01
5.51937401e-01
5.49375474e-01
5.46808422e-01
5.44236183e-01
5.41658819e-01
5.39076328e-01
5.36488771e-01
5.33896148e-01
5.31298518e-01
5.28695822e-01
5.26088238e-01
5.23475707e-01
5.20858169e-01
5.18235743e-01
5.15608430e-01
5.12976229e-01
5.10339260e-01
5.07697403e-01
5.05050778e-01
5.02399445e-01
4.99743402e-01
4.97082621e-01
4.94417191e-01
4.91747081e-01
4.89072323e-01
4.86392945e-01
4.83708978e-01
4.81020480e-01
4.78327453e-01
4.75629896e-01
4.72927868e-01
4.70221370e-01
4.67510432e-01
4.64795142e-01
4.62075442e-01
4.59351420e-01
4.56623048e-01
4.53890353e-01
4.51153398e-01
4.48412180e-01
4.45666760e-01
4.42917109e-01
4.40163314e-01
4.37405318e-01
4.34643269e-01
4.31877077e-01
4.29106861e-01
4.26332563e-01
4.23554271e-01
4.20771986e-01
4.17985737e-01
4.15195584e-01
4.12401497e-01
4.09603477e-01
4.06801611e-01
4.03995931e-01
4.01186436e-01
3.98373187e-01
3.95556182e-01
3.92735451e-01
3.89910996e-01
3.87082905e-01
3.84251118e-01
3.81415725e-01
3.78576756e-01
3.75734180e-01
3.72888088e-01
3.70038480e-01
3.67185384e-01
3.64328831e-01
3.61468881e-01
3.58605504e-01
3.55738729e-01
3.52868617e-01
3.49995196e-01
3.47118437e-01
3.44238430e-01
3.41355175e-01
3.38468730e-01
3.35579067e-01
3.32686245e-01
3.29790294e-01
3.26891243e-01
3.23989123e-01
3.21083903e-01
3.18175703e-01
3.15264463e-01
3.12350303e-01
3.09433192e-01
3.06513131e-01
3.03590178e-01
3.00664395e-01
2.97735780e-01
2.94804364e-01
2.91870147e-01
2.88933188e-01
2.85993516e-01
2.83051133e-01
2.80106127e-01
2.77158439e-01
2.74208158e-01
2.71255314e-01
2.68299878e-01
2.65341908e-01
2.62381464e-01
2.59418517e-01
2.56453156e-01
2.53485352e-01
2.50515193e-01
2.47542664e-01
2.44567797e-01
2.41590634e-01
2.38611177e-01
2.35629454e-01
2.32645541e-01
2.29659423e-01
2.26671144e-01
2.23680735e-01
2.20688224e-01
2.17693642e-01
2.14697003e-01
2.11698338e-01
2.08697662e-01
2.05695033e-01
2.02690467e-01
1.99683979e-01
1.96675614e-01
1.93665400e-01
1.90653369e-01
1.87639534e-01
1.84623942e-01
1.81606606e-01
1.78587556e-01
1.75566837e-01
1.72544450e-01
1.69520423e-01
1.66494817e-01
1.63467646e-01
1.60438910e-01
1.57408684e-01
1.54376984e-01
1.51343808e-01
1.48309216e-01
1.45273224e-01
1.42235845e-01
1.39197141e-01
1.36157125e-01
1.33115828e-01
1.30073279e-01
1.27029508e-01
1.23984538e-01
1.20938398e-01
1.17891125e-01
1.14842735e-01
1.11793265e-01
1.08742744e-01
1.05691195e-01
1.02638647e-01
9.95851457e-02
9.65306908e-02
9.34753269e-02
9.04190838e-02
8.73619989e-02
8.43040794e-02
8.12453702e-02
7.81858936e-02
7.51256794e-02
7.20647573e-02
6.90031573e-02
6.59409091e-02
6.28780350e-02
5.98145761e-02
5.67505546e-02
5.36859930e-02
5.06209247e-02
4.75553833e-02
4.44893911e-02
4.14229818e-02
3.83561850e-02
3.52890231e-02
3.22215296e-02
2.91537307e-02
2.60856561e-02
2.30173357e-02
1.99488010e-02
1.68800782e-02
1.38111953e-02
1.07421819e-02
7.67306751e-03
4.60388139e-03
1.53465173e-03
-1.53459213e-03
-4.60382178e-03
-7.67300837e-03
-1.07421223e-02
-1.38111347e-02
-1.68800186e-02
-1.99487414e-02
-2.30172779e-02
-2.60855965e-02
-2.91536711e-02
-3.22214663e-02
-3.52889635e-02
-3.83561254e-02
-4.14229222e-02
-4.44893315e-02
-4.75553237e-02
-5.06208651e-02
-5.36859334e-02
-5.67504950e-02
-5.98145202e-02
-6.28779829e-02
-6.59408569e-02
-6.90031052e-02
-7.20647052e-02
-7.51256272e-02
-7.81858340e-02
-8.12453106e-02
-8.43040198e-02
-8.73619393e-02
-9.04190317e-02
-9.34752747e-02
-9.65306386e-02
-9.95850936e-02
-1.02638602e-01
-1.05691142e-01
-1.08742692e-01
-1.11793205e-01
-1.14842676e-01
-1.17891066e-01
-1.20938346e-01
-1.23984478e-01
-1.27029464e-01
-1.30073234e-01
-1.33115783e-01
-1.36157081e-01
-1.39197096e-01
-1.42235801e-01
-1.45273164e-01
-1.48309141e-01
-1.51343733e-01
-1.54376909e-01
-1.57408625e-01
-1.60438851e-01
-1.63467571e-01
-1.66494757e-01
-1.69520378e-01
-1.72544375e-01
-1.75566763e-01
-1.78587496e-01
-1.81606546e-01
-1.84623867e-01
-1.87639460e-01
-1.90653294e-01
-1.93665326e-01
-1.96675554e-01
-1.99683920e-01
-2.02690408e-01
-2.05694973e-01
-2.08697632e-01
-2.11698279e-01
-2.14696944e-01
-2.17693582e-01
-2.20688164e-01
-2.23680690e-01
-2.26671085e-01
-2.29659364e-01
-2.32645482e-01
-2.35629380e-01
-2.38611087e-01
-2.41590530e-01
-2.44567707e-01
-2.47542575e-01
-2.50515103e-01
-2.53485292e-01
-2.56453067e-01
-2.59418458e-01
-2.62381375e-01
-2.65341818e-01
-2.68299788e-01
-2.71255225e-01
-2.74208128e-01
-2.77158380e-01
-2.80106068e-01
-2.83051103e-01
-2.85993487e-01
-2.88933158e-01
-2.91870117e-01
-2.94804335e-01
-2.97735751e-01
-3.00664365e-01
-3.03590149e-01
-3.06513071e-01
-3.09433103e-01
-3.12350243e-01
-3.15264404e-01
-3.18175614e-01
-3.21083844e-01
-3.23989034e-01
-3.26891184e-01
-3.29790235e-01
-3.32686186e-01
-3.35579008e-01
-3.38468671e-01
-3.41355115e-01
-3.44238371e-01
-3.47118378e-01
-3.49995136e-01
-3.52868557e-01
-3.55738670e-01
-3.58605444e-01
-3.61468822e-01
-3.64328772e-01
-3.67185324e-01
-3.70038420e-01
-3.72888029e-01
-3.75734121e-01
-3.78576666e-01
-3.81415665e-01
-3.84251028e-01
-3.87082785e-01
-3.89910907e-01
-3.92735362e-01
-3.95556122e-01
-3.98373127e-01
-4.01186377e-01
-4.03995872e-01
-4.06801552e-01
-4.09603417e-01
-4.12401408e-01
-4.15195525e-01
-4.17985708e-01
-4.20771956e-01
-4.23554242e-01
-4.26332533e-01
-4.29106802e-01
-4.31877047e-01
-4.34643209e-01
-4.37405288e-01
-4.40163225e-01
-4.42917019e-01
-4.45666671e-01
-4.48412120e-01
-4.51153308e-01
-4.53890294e-01
-4.56622958e-01
-4.59351361e-01
-4.62075382e-01
-4.64795083e-01
-4.67510402e-01
-4.70221311e-01
-4.72927779e-01
-4.75629807e-01
-4.78327364e-01
-4.81020421e-01
-4.83708948e-01
-4.86392915e-01
-4.89072263e-01
-4.91747022e-01
-4.94417161e-01
-4.97082591e-01
-4.99743402e-01
-5.02399445e-01
-5.05050838e-01
-5.07697403e-01
-5.10339200e-01
-5.12976229e-01
-5.15608370e-01
-5.18235683e-01
-5.20858049e-01
-5.23475528e-01
-5.26088059e-01
-5.28695703e-01
-5.31298339e-01
-5.33895969e-01
-5.36488593e-01
-5.39076209e-01
-5.41658700e-01
-5.44236064e-01
-5.46808302e-01
-5.49375355e-01
-5.51937282e-01
-5.54494023e-01
-5.57045519e-01
-5.59591770e-01
-5.62132776e-01
-5.64668477e-01
-5.67198873e-01
-5.69723845e-01
-5.72243512e-01
-5.74757755e-01
-5.77266574e-01
-5.79769909e-01
-5.82267880e-01
-5.84760368e-01
-5.87247312e-01
-5.89728713e-01
-5.92204571e-01
-5.94674826e-01
-5.97139478e-01
-5.99598467e-01
-6.02051854e-01
-6.04499519e-01
-6.06941581e-01
-6.09377921e-01
-6.11808538e-01
-6.14233375e-01
-6.16652429e-01
-6.19065642e-01
-6.21473014e-01
-6.23874485e-01
-6.26270175e-01
-6.28659904e-01
-6.31043673e-01
-6.33421540e-01
-6.35793447e-01
-6.38159394e-01
-6.40519321e-01
-6.42873168e-01
-6.45220935e-01
-6.47562683e-01
-6.49898291e-01
-6.52227819e-01
-6.54551208e-01
-6.56868339e-01
-6.59179330e-01
-6.61484122e-01
-6.63782716e-01
-6.66075051e-01
-6.68361127e-01
-6.70640886e-01
-6.72914267e-01
-6.75181329e-01
-6.77442014e-01
-6.79696381e-01
-6.81944311e-01
-6.84185803e-01
-6.86420858e-01
-6.88649476e-01
-6.90871596e-01
-6.93087220e-01
-6.95296288e-01
-6.97498798e-01
-6.99694693e-01
-7.01883972e-01
-7.04066694e-01
-7.06242740e-01
-7.08412170e-01
-7.10574985e-01
-7.12731123e-01
-7.14880526e-01
-7.17023194e-01
-7.19159067e-01
-7.21288145e-01
-7.23410428e-01
-7.25525916e-01
-7.27634609e-01
-7.29736388e-01
-7.31831312e-01
-7.33919322e-01
-7.36000419e-01
-7.38074601e-01
-7.40141869e-01
-7.42202163e-01
-7.44255424e-01
-7.46301651e-01
-7.48340905e-01
-7.50373065e-01
-7.52398133e-01
-7.54416168e-01
-7.56427050e-01
-7.58430779e-01
-7.60427415e-01
-7.62416899e-01
-7.64399171e-01
-7.66374230e-01
-7.68342078e-01
-7.70302713e-01
-7.72256076e-01
-7.74202108e-01
-7.76140928e-01
-7.78072357e-01
-7.79996574e-01
-7.81913340e-01
-7.83822715e-01
-7.85724759e-01
-7.87619412e-01
-7.89506614e-01
-7.91386485e-01
-7.93258846e-01
-7.95123696e-01
-7.96981037e-01
-7.98830867e-01
-8.00673187e-01
-8.02507937e-01
-8.04335058e-01
-8.06154609e-01
-8.07966590e-01
-8.09771001e-01
-8.11567783e-01
-8.13357055e-01
-8.15138698e-01
-8.16912651e-01
-8.18678916e-01
-8.20437431e-01
-8.22188139e-01
-8.23931038e-01
-8.25666189e-01
-8.27393532e-01
-8.29113126e-01
-8.30824912e-01
-8.32528830e-01
-8.34224820e-01
-8.35913002e-01
-8.37593377e-01
-8.39265883e-01
-8.40930402e-01
-8.42587054e-01
-8.44235778e-01
-8.45876575e-01
-8.47509384e-01
-8.49134207e-01
-8.50751042e-01
-8.52359831e-01
-8.53960574e-01
-8.55553329e-01
-8.57137918e-01
-8.58714521e-01
-8.60282958e-01
-8.61843407e-01
-8.63395691e-01
-8.64939809e-01
-8.66475821e-01
-8.68003666e-01
-8.69523346e-01
-8.71034801e-01
-8.72538030e-01
-8.74032974e-01
-8.75519753e-01
-8.76998305e-01
-8.78468513e-01
-8.79930496e-01
-8.81384194e-01
-8.82829607e-01
-8.84266734e-01
-8.85695457e-01
-8.87115896e-01
-8.88527930e-01
-8.89931679e-01
-8.91326964e-01
-8.92713845e-01
-8.94092381e-01
-8.95462453e-01
-8.96824062e-01
-8.98177266e-01
-8.99521947e-01
-9.00858164e-01
-9.02185977e-01
-9.03505206e-01
-9.04815972e-01
-9.06118155e-01
-9.07411754e-01
-9.08696949e-01
-9.09973502e-01
-9.11241531e-01
-9.12500918e-01
-9.13751721e-01
-9.14993882e-01
-9.16227460e-01
-9.17452455e-01
-9.18668747e-01
-9.19876397e-01
-9.21075463e-01
-9.22265828e-01
-9.23447430e-01
-9.24620271e-01
-9.25784469e-01
-9.26939905e-01
-9.28086698e-01
-9.29224670e-01
-9.30353880e-01
-9.31474388e-01
-9.32586074e-01
-9.33688998e-01
-9.34783101e-01
-9.35868442e-01
-9.36944962e-01
-9.38012600e-01
-9.39071476e-01
-9.40121412e-01
-9.41162527e-01
-9.42194760e-01
-9.43218112e-01
-9.44232643e-01
-9.45238233e-01
-9.46234941e-01
-9.47222710e-01
-9.48201537e-01
-9.49171484e-01
-9.50132549e-01
-9.51084614e-01
-9.52027738e-01
-9.52961862e-01
-9.53886986e-01
-9.54803109e-01
-9.55710232e-01
-9.56608355e-01
-9.57497478e-01
-9.58377659e-01
-9.59248722e-01
-9.60110724e-01
-9.60963726e-01
-9.61807609e-01
-9.62642491e-01
-9.63468313e-01
-9.64284956e-01
-9.65092659e-01
-9.65891182e-01
-9.66680706e-01
-9.67461050e-01
-9.68232274e-01
-9.68994379e-01
-9.69747365e-01
-9.70491171e-01
-9.71225858e-01
-9.71951425e-01
-9.72667754e-01
-9.73374963e-01
-9.74073052e-01
-9.74761903e-01
-9.75441575e-01
-9.76112127e-01
-9.76773441e-01
-9.77425516e-01
-9.78068352e-01
-9.78702068e-01
-9.79326487e-01
-9.79941726e-01
-9.80547726e-01
-9.81144488e-01
-9.81732011e-01
-9.82310295e-01
-9.82879221e-01
-9.83438969e-01
-9.83989477e-01
-9.84530687e-01
-9.85062718e-01
-9.85585392e-01
-9.86098766e-01
-9.86602902e-01
-9.87097681e-01
-9.87583160e-01
-9.88059342e-01
-9.88526225e-01
-9.88983750e-01
-9.89431977e-01
-9.89870906e-01
-9.90300477e-01
-9.90720689e-01
-9.91131604e-01
-9.91533160e-01
-9.91925418e-01
-9.92308319e-01
-9.92681921e-01
-9.93046105e-01
-9.93400931e-01
-9.93746400e-01
-9.94082510e-01
-9.94409263e-01
-9.94726658e-01
-9.95034695e-01
-9.95333314e-01
-9.95622575e-01
-9.95902419e-01
-9.96172965e-01
-9.96434093e-01
-9.96685803e-01
-9.96928155e-01
-9.97161090e-01
-9.97384667e-01
-9.97598767e-01
-9.97803509e-01
-9.97998893e-01
-9.98184860e-01
-9.98361409e-01
-9.98528600e-01
-9.98686314e-01
-9.98834670e-01
-9.98973548e-01
-9.99103069e-01
-9.99223113e-01
-9.99333799e-01
-9.99435067e-01
-9.99526858e-01
-9.99609292e-01
-9.99682307e-01
-9.99745905e-01
-9.99800086e-01
-9.99844849e-01
-9.99880195e-01
-9.99906063e-01
-9.99922574e-01
-9.99929607e-01
-9.99927223e-01
-9.99915481e-01
-9.99894261e-01
-9.99863625e-01
-9.99823570e-01
-9.99774098e-01
-9.99715209e-01
-9.99646902e-01
-9.99569237e-01
-9.99482095e-01
-9.99385536e-01
-9.99279618e-01
-9.99164224e-01
-9.99039471e-01
-9.98905301e-01
-9.98761654e-01
-9.98608649e-01
-9.98446226e-01
-9.98274386e-01
-9.98093128e-01
-9.97902453e-01
-9.97702360e-01
-9.97492969e-01
-9.97274101e-01
-9.97045815e-01
-9.96808171e-01
-9.96561110e-01
-9.96304750e-01
-9.96038973e-01
-9.95763779e-01
-9.95479167e-01
-9.95185196e-01
-9.94881809e-01
-9.94569123e-01
-9.94247079e-01
-9.93915677e-01
-9.93574858e-01
-9.93224680e-01
-9.92865145e-01
-9.92496252e-01
-9.92118061e-01
-9.91730452e-01
-9.91333544e-01
-9.90927279e-01
-9.90511656e-01
-9.90086794e-01
-9.89652514e-01
-9.89208937e-01
-9.88756061e-01
-9.88293827e-01
-9.87822294e-01
-9.87341523e-01
-9.86851335e-01
-9.86351907e-01
-9.85843182e-01
-9.85325158e-01
-9.84797895e-01
-9.84261274e-01
-9.83715475e-01
-9.83160377e-01
-9.82595980e-01
-9.82022405e-01
-9.81439471e-01
-9.80847299e-01
-9.80245948e-01
-9.79635239e-01
-9.79015410e-01
-9.78386343e-01
-9.77748096e-01
-9.77100611e-01
-9.76443946e-01
-9.75778043e-01
-9.75102961e-01
-9.74418700e-01
-9.73725200e-01
-9.73022580e-01
-9.72310781e-01
-9.71589804e-01
-9.70859647e-01
-9.70120370e-01
-9.69371974e-01
-9.68614399e-01
-9.67847764e-01
-9.67071950e-01
-9.66287076e-01
-9.65493083e-01
-9.64690030e-01
-9.63877797e-01
-9.63056564e-01
-9.62226152e-01
-9.61386800e-01
-9.60538328e-01
-9.59680855e-01
-9.58814323e-01
-9.57938731e-01
-9.57054079e-01
-9.56160486e-01
-9.55257833e-01
-9.54346240e-01
-9.53425586e-01
-9.52495933e-01
-9.51557279e-01
-9.50609744e-01
-9.49653268e-01
-9.48687792e-01
-9.47713435e-01
-9.46730137e-01
-9.45737898e-01
-9.44736719e-01
-9.43726659e-01
-9.42707717e-01
-9.41679895e-01
-9.40643191e-01
-9.39597607e-01
-9.38543200e-01
-9.37479973e-01
-9.36407804e-01
-9.35326934e-01
-9.34237182e-01
-9.33138669e-01
-9.32031333e-01
-9.30915236e-01
-9.29790378e-01
-9.28656757e-01
-9.27514434e-01
-9.26363349e-01
-9.25203502e-01
-9.24034953e-01
-9.22857642e-01
-9.21671689e-01
-9.20477033e-01
-9.19273674e-01
-9.18061674e-01
-9.16840971e-01
-9.15611684e-01
-9.14373815e-01
-9.13127363e-01
-9.11872327e-01
-9.10608649e-01
-9.09336388e-01
-9.08055544e-01
-9.06766117e-01
-9.05468166e-01
-9.04161692e-01
-9.02846634e-01
-9.01523173e-01
-9.00191128e-01
-8.98850620e-01
-8.97501707e-01
-8.96144271e-01
-8.94778430e-01
-8.93404186e-01
-8.92021477e-01
-8.90630305e-01
-8.89230788e-01
-8.87822926e-01
-8.86406779e-01
-8.84982228e-01
-8.83549333e-01
-8.82107973e-01
-8.80658388e-01
-8.79200578e-01
-8.77734423e-01
-8.76260042e-01
-8.74777317e-01
-8.73286426e-01
-8.71787310e-01
-8.70279968e-01
-8.68764460e-01
-8.67240727e-01
-8.65708828e-01
-8.64168823e-01
-8.62620592e-01
-8.61064255e-01
-8.59499812e-01
-8.57927322e-01
-8.56346667e-01
-8.54758024e-01
-8.53161275e-01
-8.51556480e-01
-8.49943697e-01
-8.48322868e-01
-8.46694052e-01
-8.45057249e-01
-8.43412519e-01
-8.41759861e-01
-8.40099216e-01
-8.38430703e-01
-8.36754203e-01
-8.35070014e-01
-8.33377838e-01
-8.31677794e-01
-8.29969943e-01
-8.28254223e-01
-8.26530755e-01
-8.24799478e-01
-8.23060453e-01
-8.21313679e-01
-8.19559097e-01
-8.17796767e-01
-8.16026688e-01
-8.14248919e-01
-8.12463462e-01
-8.10670435e-01
-8.08869779e-01
-8.07061553e-01
-8.05245757e-01
-8.03422451e-01
-8.01591456e-01
-7.99752951e-01
-7.97906935e-01
-7.96053350e-01
-7.94192255e-01
-7.92323649e-01
-7.90447533e-01
-7.88563967e-01
-7.86673009e-01
-7.84774721e-01
-7.82868981e-01
-7.80955911e-01
-7.79035449e-01
-7.77107656e-01
-7.75172532e-01
-7.73230135e-01
-7.71280408e-01
-7.69323409e-01
-7.67359138e-01
-7.65387654e-01
-7.63408959e-01
-7.61423051e-01
-7.59429991e-01
-7.57429779e-01
-7.55422473e-01
-7.53408074e-01
-7.51386523e-01
-7.49357820e-01
-7.47322142e-01
-7.45279431e-01
-7.43229687e-01
-7.41172910e-01
-7.39109099e-01
-7.37038374e-01
-7.34960735e-01
-7.32876182e-01
-7.30784714e-01
-7.28686392e-01
-7.26581156e-01
-7.24469125e-01
-7.22350240e-01
-7.20224559e-01
-7.18092084e-01
-7.15952814e-01
-7.13806748e-01
-7.11653948e-01
-7.09494472e-01
-7.07328320e-01
-7.05155611e-01
-7.02976167e-01
-7.00790167e-01
-6.98597491e-01
-6.96398318e-01
-6.94192588e-01
-6.91980243e-01
-6.89761400e-01
-6.87536001e-01
-6.85304165e-01
-6.83065891e-01
-6.80821180e-01
-6.78570032e-01
-6.76312566e-01
-6.74048662e-01
-6.71778440e-01
-6.69501841e-01
-6.67218983e-01
-6.64929748e-01
-6.62634254e-01
-6.60332561e-01
-6.58024609e-01
-6.55710518e-01
-6.53390229e-01
-6.51063800e-01
-6.48731291e-01
-6.46392584e-01
-6.44047856e-01
-6.41697049e-01
-6.39340162e-01
-6.36977196e-01
-6.34608328e-01
-6.32233441e-01
-6.29852653e-01
-6.27465844e-01
-6.25073195e-01
-6.22674584e-01
-6.20270193e-01
-6.17859840e-01
-6.15443707e-01
-6.13021731e-01
-6.10594034e-01
-6.08160555e-01
-6.05721354e-01
-6.03276551e-01
-6.00825965e-01
-5.98369777e-01
-5.95907927e-01
-5.93440473e-01
-5.90967417e-01
-5.88488758e-01
-5.86004555e-01
-5.83514869e-01
-5.81019640e-01
-5.78518987e-01
-5.76012909e-01
-5.73501348e-01
-5.70984423e-01
-5.68462074e-01
-5.65934420e-01
-5.63401341e-01
-5.60863018e-01
-5.58319390e-01
-5.55770516e-01
-5.53216398e-01
-5.50657094e-01
-5.48092663e-01
-5.45522988e-01
-5.42948186e-01
-5.40368319e-01
-5.37783265e-01
-5.35193145e-01
-5.32597959e-01
-5.29997826e-01
-5.27392685e-01
-5.24782598e-01
-5.22167563e-01
-5.19547641e-01
-5.16922772e-01
-5.14293015e-01
-5.11658430e-01
-5.09018958e-01
-5.06374717e-01
-5.03725767e-01
-5.01072049e-01
-4.98413622e-01
-4.95750517e-01
-4.93082732e-01
-4.90410298e-01
-4.87733215e-01
-4.85051572e-01
-4.82365340e-01
-4.79674548e-01
-4.76979256e-01
-4.74279463e-01
-4.71575201e-01
-4.68866497e-01
-4.66153383e-01
-4.63435888e-01
-4.60714012e-01
-4.57987785e-01
-4.55257267e-01
-4.52522427e-01
-4.49783355e-01
-4.47040021e-01
-4.44292486e-01
-4.41540778e-01
-4.38784897e-01
-4.36024874e-01
-4.33260739e-01
-4.30492520e-01
-4.27720279e-01
-4.24943954e-01
-4.22163665e-01
-4.19379413e-01
-4.16591227e-01
-4.13799077e-01
-4.11003023e-01
-4.08203065e-01
-4.05399263e-01
-4.02591676e-01
-3.99780303e-01
-3.96965176e-01
-3.94146293e-01
-3.91323686e-01
-3.88497412e-01
-3.85667473e-01
-3.82833898e-01
-3.79996687e-01
-3.77155930e-01
-3.74311596e-01
-3.71463746e-01
-3.68612379e-01
-3.65757555e-01
-3.62899303e-01
-3.60037625e-01
-3.57172549e-01
-3.54304135e-01
-3.51432353e-01
-3.48557264e-01
-3.45678896e-01
-3.42797279e-01
-3.39912415e-01
-3.37024331e-01
-3.34133089e-01
-3.31238687e-01
-3.28341186e-01
-3.25440586e-01
-3.22536916e-01
-3.19630206e-01
-3.16720486e-01
-3.13807786e-01
-3.10892165e-01
-3.07973564e-01
-3.05052042e-01
-3.02127659e-01
-2.99200475e-01
-2.96270460e-01
-2.93337643e-01
-2.90402085e-01
-2.87463784e-01
-2.84522742e-01
-2.81579047e-01
-2.78632671e-01
-2.75683701e-01
-2.72732109e-01
-2.69777954e-01
-2.66821235e-01
-2.63862014e-01
-2.60900348e-01
-2.57936180e-01
-2.54969567e-01
-2.52000600e-01
-2.49029204e-01
-2.46055514e-01
-2.43079484e-01
-2.40101188e-01
-2.37120599e-01
-2.34137803e-01
-2.31152773e-01
-2.28165582e-01
-2.25176230e-01
-2.22184762e-01
-2.19191223e-01
-2.16195598e-01
-2.13197947e-01
-2.10198268e-01
-2.07196623e-01
-2.04193011e-01
-2.01187506e-01
-1.98180079e-01
-1.95170790e-01
-1.92159668e-01
-1.89146712e-01
-1.86131999e-01
-1.83115527e-01
-1.80097312e-01
-1.77077428e-01
-1.74055845e-01
-1.71032637e-01
-1.68007821e-01
-1.64981410e-01
-1.61953464e-01
-1.58923998e-01
-1.55893028e-01
-1.52860582e-01
-1.49826705e-01
-1.46791413e-01
-1.43754736e-01
-1.40716702e-01
-1.37677342e-01
-1.34636685e-01
-1.31594747e-01
-1.28551587e-01
-1.25507206e-01
-1.22461654e-01
-1.19414940e-01
-1.16367102e-01
-1.13318168e-01
-1.10268161e-01
-1.07217118e-01
-1.04165070e-01
-1.01112030e-01
-9.80580375e-02
-9.50031281e-02
-9.19473171e-02
-8.88906494e-02
-8.58331472e-02
-8.27748403e-02
-7.97157511e-02
-7.66559094e-02
-7.35953376e-02
-7.05340803e-02
-6.74721599e-02
-6.44095913e-02
-6.13464192e-02
-5.82826659e-02
-5.52183688e-02
-5.21535501e-02
-4.90882397e-02
-4.60224859e-02
-4.29563709e-02
-3.98901105e-02
-3.68242301e-02
-3.37599218e-02
-3.06996293e-02
-2.76478231e-02
-2.46118829e-02
-2.16027647e-02
-1.86348818e-02
-1.57251656e-02
-1.28896367e-02
-1.01422444e-02
-7.48238666e-03
-4.91825212e-03
-2.38263537e-03
5.96046448e-08
3.06951511e-03
