-3.06945550e-03
-0.00000000e+00
2.45384057e-03
5.05440589e-03
7.66332354e-03
1.03431847e-02
1.30869094e-02
1.59005504e-02
1.87777840e-02
2.17101332e-02
2.46864781e-02
2.76957415e-02
3.07279974e-02
3.37752551e-02
3.68316099e-02
3.98930348e-02
4.29570004e-02
4.60220166e-02
4.90872674e-02
5.21523431e-02
5.52170388e-02
5.82812503e-02
6.13449290e-02
6.44080341e-02
6.74705282e-02
7.05323815e-02
7.35935643e-02
7.66540617e-02
7.97138289e-02
8.27728435e-02
8.58310834e-02
8.88885185e-02
9.19451192e-02
9.50008482e-02
9.80556831e-02
1.01109602e-01
1.04162566e-01
1.07214555e-01
1.10265523e-01
1.13315463e-01
1.16364330e-01
1.19412094e-01
1.22458741e-01
1.25504225e-01
1.28548533e-01
1.31591618e-01
1.34633482e-01
1.37674063e-01
1.40713364e-01
1.43751308e-01
1.46787912e-01
1.49823144e-01
1.52856946e-01
1.55889317e-01
1.58920228e-01
1.61949635e-01
1.64977506e-01
1.68003842e-01
1.71028584e-01
1.74051717e-01
1.77073210e-01
1.80093035e-01
1.83111161e-01
1.86127573e-01
1.89142212e-01
1.92155078e-01
1.95166126e-01
1.98175356e-01
2.01182708e-01
2.04188168e-01
2.07191706e-01
2.10193291e-01
2.13192895e-01
2.16190487e-01
2.19186038e-01
2.22179517e-01
2.25170925e-01
2.28160188e-01
2.31147319e-01
2.34132275e-01
2.37115011e-01
2.40095511e-01
2.43073761e-01
2.46049702e-01
2.49023348e-01
2.51994640e-01
2.54963547e-01
2.57930070e-01
2.60894150e-01
2.63855785e-01
2.66814917e-01
2.69771546e-01
2.72725612e-01
2.75677115e-01
2.78626025e-01
2.81572342e-01
2.84515977e-01
2.87456930e-01
2.90395200e-01
2.93330729e-01
2.96263486e-01
2.99193472e-01
3.02120596e-01
3.05044889e-01
3.07966292e-01
3.10884804e-01
3.13800395e-01
3.16713035e-01
3.19622695e-01
3.22529316e-01
3.25432897e-01
3.28333437e-01
3.31230879e-01
3.34125221e-01
3.37016404e-01
3.39904398e-01
3.42789173e-01
3.45670730e-01
3.48549038e-01
3.51424068e-01
3.54295790e-01
3.57164204e-01
3.60029221e-01
3.62890840e-01
3.65749031e-01
3.68603766e-01
3.71455044e-01
3.74302804e-01
3.77147079e-01
3.79987776e-01
3.82824898e-01
3.85658413e-01
3.88488263e-01
3.91314507e-01
3.94137025e-01
3.96955818e-01
3.99770886e-01
4.02582198e-01
4.05389726e-01
4.08193409e-01
4.10993278e-01
4.13789272e-01
4.16581392e-01
4.19369549e-01
4.22153771e-01
4.24934000e-01
4.27710205e-01
4.30482417e-01
4.33250576e-01
4.36014652e-01
4.38774586e-01
4.41530406e-01
4.44282025e-01
4.47029501e-01
4.49772775e-01
4.52511787e-01
4.55246538e-01
4.57977027e-01
4.60703164e-01
4.63424981e-01
4.66142416e-01
4.68855470e-01
4.71564114e-01
4.74268317e-01
4.76968050e-01
4.79663312e-01
4.82354015e-01
4.85040188e-01
4.87721771e-01
4.90398765e-01
4.93071139e-01
4.95738864e-01
4.98401910e-01
5.01060307e-01
5.03713906e-01
5.06362855e-01
5.09006977e-01
5.11646390e-01
5.14280915e-01
5.16910613e-01
5.19535363e-01
5.22155285e-01
5.24770260e-01
5.27380288e-01
5.29985368e-01
5.32585442e-01
5.35180509e-01
5.37770569e-01
5.40355504e-01
5.42935371e-01
5.45510113e-01
5.48079729e-01
5.50644219e-01
5.53203464e-01
5.55757523e-01
5.58306277e-01
5.60849845e-01
5.63388109e-01
5.65921128e-01
5.68448782e-01
5.70971072e-01
5.73487937e-01
5.75999379e-01
5.78505456e-01
5.81006050e-01
5.83501160e-01
5.85990787e-01
5.88474929e-01
5.90953529e-01
5.93426526e-01
5.95893860e-01
5.98355651e-01
6.00811779e-01
6.03262305e-01
6.05707109e-01
6.08146250e-01
6.10579669e-01
6.13007367e-01
6.15429342e-01
6.17845356e-01
6.20255589e-01
6.22659922e-01
6.25058472e-01
6.27451062e-01
6.29837751e-01
6.32218540e-01
6.34593368e-01
6.36962235e-01
6.39325082e-01
6.41681969e-01
6.44032776e-01
6.46377504e-01
6.48716092e-01
6.51048541e-01
6.53374970e-01
6.55695200e-01
6.58009231e-01
6.60317063e-01
6.62618697e-01
6.64914131e-01
6.67203248e-01
6.69486105e-01
6.71762645e-01
6.74032807e-01
6.76296592e-01
6.78554118e-01
6.80805147e-01
6.83049858e-01
6.85288072e-01
6.87519848e-01
6.89745188e-01
6.91964030e-01
6.94176316e-01
6.96382046e-01
6.98581219e-01
7.00773835e-01
7.02959776e-01
7.05139101e-01
7.07311869e-01
7.09477901e-01
7.11637318e-01
7.13790059e-01
7.15936065e-01
7.18075335e-01
7.20207810e-01
7.22333372e-01
7.24452198e-01
7.26564169e-01
7.28669345e-01
7.30767608e-01
7.32859015e-01
7.34943569e-01
7.37021148e-01
7.39091814e-01
7.41155565e-01
7.43212283e-01
7.45261967e-01
7.47304618e-01
7.49340296e-01
7.51368880e-01
7.53390372e-01
7.55404770e-01
7.57412076e-01
7.59412169e-01
7.61405170e-01
7.63391018e-01
7.65369713e-01
7.67341197e-01
7.69305408e-01
7.71262348e-01
7.73211956e-01
7.75154293e-01
7.77089417e-01
7.79017150e-01
7.80937612e-01
7.82850623e-01
7.84756303e-01
7.86654592e-01
7.88545489e-01
7.90428996e-01
7.92305052e-01
7.94173598e-01
7.96034634e-01
7.97888160e-01
7.99734175e-01
8.01572680e-01
8.03403616e-01
8.05227041e-01
8.07042778e-01
8.08851063e-01
8.10651600e-01
8.12444568e-01
8.14229846e-01
8.16007555e-01
8.17777634e-01
8.19539964e-01
8.21294487e-01
8.23041260e-01
8.24780226e-01
8.26511383e-01
8.28234851e-01
8.29950452e-01
8.31658304e-01
8.33358288e-01
8.35050404e-01
8.36734712e-01
8.38411093e-01
8.40079546e-01
8.41740131e-01
8.43392789e-01
8.45037460e-01
8.46674204e-01
8.48302960e-01
8.49923730e-01
8.51536512e-01
8.53141248e-01
8.54737937e-01
8.56326640e-01
8.57907236e-01
8.59479725e-01
8.61044168e-01
8.62600446e-01
8.64148617e-01
8.65688622e-01
8.67220461e-01
8.68744135e-01
8.70259643e-01
8.71766925e-01
8.73266041e-01
8.74756932e-01
8.76239538e-01
8.77713919e-01
8.79180074e-01
8.80637884e-01
8.82087469e-01
8.83528650e-01
8.84961486e-01
8.86386037e-01
8.87802184e-01
8.89210045e-01
8.90609503e-01
8.92000616e-01
8.93383324e-01
8.94757569e-01
8.96123350e-01
8.97480667e-01
8.98829579e-01
9.00170088e-01
9.01502013e-01
9.02825475e-01
9.04140472e-01
9.05446887e-01
9.06744838e-01
9.08034146e-01
9.09314990e-01
9.10587192e-01
9.11850870e-01
9.13105905e-01
9.14352357e-01
9.15590227e-01
9.16819513e-01
9.18040156e-01
9.19252157e-01
9.20455515e-01
9.21650231e-01
9.22836185e-01
9.24013436e-01
9.25181925e-01
9.26341712e-01
9.27492738e-01
9.28635061e-01
9.29768622e-01
9.30893481e-01
9.32009578e-01
9.33116853e-01
9.34215367e-01
9.35304999e-01
9.36385930e-01
9.37457979e-01
9.38521206e-01
9.39575613e-01
9.40621197e-01
9.41657841e-01
9.42685664e-01
9.43704605e-01
9.44714665e-01
9.45715845e-01
9.46708083e-01
9.47691381e-01
9.48665738e-01
9.49631155e-01
9.50587630e-01
9.51535165e-01
9.52473700e-01
9.53403294e-01
9.54323947e-01
9.55235660e-01
9.56138194e-01
9.57031786e-01
9.57916319e-01
9.58791852e-01
9.59658384e-01
9.60515797e-01
9.61364269e-01
9.62203681e-01
9.63034034e-01
9.63855267e-01
9.64667439e-01
9.65470493e-01
9.66264427e-01
9.67049360e-01
9.67825115e-01
9.68591809e-01
9.69349325e-01
9.70097721e-01
9.70836997e-01
9.71567094e-01
9.72288072e-01
9.72999811e-01
9.73702490e-01
9.74395931e-01
9.75080132e-01
9.75755215e-01
9.76421058e-01
9.77077723e-01
9.77725208e-01
9.78363454e-01
9.78992581e-01
9.79612410e-01
9.80223060e-01
9.80824471e-01
9.81416523e-01
9.81999457e-01
9.82573032e-01
9.83137429e-01
9.83692527e-01
9.84238386e-01
9.84774947e-01
9.85302210e-01
9.85820234e-01
9.86328959e-01
9.86828327e-01
9.87318456e-01
9.87799287e-01
9.88270760e-01
9.88732994e-01
9.89185929e-01
9.89629447e-01
9.90063667e-01
9.90488589e-01
9.90904152e-01
9.91310358e-01
9.91707325e-01
9.92094874e-01
9.92473066e-01
9.92842019e-01
9.93201494e-01
9.93551672e-01
9.93892431e-01
9.94223833e-01
9.94545877e-01
9.94858563e-01
9.95161891e-01
9.95455861e-01
9.95740414e-01
9.96015608e-01
9.96281385e-01
9.96537805e-01
9.96784806e-01
9.97022510e-01
9.97250736e-01
9.97469604e-01
9.97679055e-01
9.97879148e-01
9.98069763e-01
9.98251021e-01
9.98422861e-01
9.98585224e-01
9.98738229e-01
9.98881876e-01
9.99016106e-01
9.99140918e-01
9.99256313e-01
9.99362230e-01
9.99458790e-01
9.99545932e-01
9.99623656e-01
9.99691963e-01
9.99750793e-01
9.99800265e-01
9.99840319e-01
9.99870956e-01
9.99892116e-01
9.99903917e-01
9.99906242e-01
9.99899209e-01
9.99882698e-01
9.99856770e-01
9.99821484e-01
9.99776721e-01
9.99722600e-01
9.99659002e-01
9.99585986e-01
9.99503553e-01
9.99411762e-01
9.99310493e-01
9.99199867e-01
9.99079764e-01
9.98950243e-01
9.98811305e-01
9.98662949e-01
9.98505235e-01
9.98338103e-01
9.98161554e-01
9.97975588e-01
9.97780204e-01
9.97575462e-01
9.97361302e-01
9.97137725e-01
9.96904790e-01
9.96662438e-01
9.96410728e-01
9.96149659e-01
9.95879114e-01
9.95599270e-01
9.95310009e-01
9.95011389e-01
9.94703412e-01
9.94386017e-01
9.94059265e-01
9.93723154e-01
9.93377686e-01
9.93022859e-01
9.92658615e-01
9.92285073e-01
9.91902232e-01
9.91509974e-01
9.91108418e-01
9.90697503e-01
9.90277231e-01
9.89847600e-01
9.89408672e-01
9.88960505e-01
9.88502979e-01
9.88036156e-01
9.87559974e-01
9.87074554e-01
9.86579776e-01
9.86075640e-01
9.85562325e-01
9.85039651e-01
9.84507740e-01
9.83966529e-01
9.83416080e-01
9.82856393e-01
9.82287407e-01
9.81709063e-01
9.81121540e-01
9.80524778e-01
9.79918838e-01
9.79303598e-01
9.78679180e-01
9.78045404e-01
9.77402568e-01
9.76750433e-01
9.76089180e-01
9.75418746e-01
9.74739015e-01
9.74050224e-01
9.73352134e-01
9.72644985e-01
9.71928656e-01
9.71203089e-01
9.70468402e-01
9.69724596e-01
9.68971610e-01
9.68209565e-01
9.67438400e-01
9.66658115e-01
9.65868652e-01
9.65070069e-01
9.64262486e-01
9.63445783e-01
9.62619960e-01
9.61785138e-01
9.60941195e-01
9.60088313e-01
9.59226251e-01
9.58355248e-01
9.57475126e-01
9.56586003e-01
9.55687940e-01
9.54780817e-01
9.53864634e-01
9.52939510e-01
9.52005386e-01
9.51062262e-01
9.50110257e-01
9.49149311e-01
9.48179424e-01
9.47200537e-01
9.46212828e-01
9.45216179e-01
9.44210589e-01
9.43196118e-01
9.42172706e-01
9.41140473e-01
9.40099359e-01
9.39049423e-01
9.37990606e-01
9.36923027e-01
9.35846567e-01
9.34761345e-01
9.33667243e-01
9.32564378e-01
9.31452692e-01
9.30332243e-01
9.29203093e-01
9.28065121e-01
9.26918328e-01
9.25762892e-01
9.24598813e-01
9.23425913e-01
9.22244310e-01
9.21054006e-01
9.19854999e-01
9.18647289e-01
9.17430997e-01
9.16206062e-01
9.14972484e-01
9.13730323e-01
9.12479579e-01
9.11220193e-01
9.09952283e-01
9.08675671e-01
9.07390535e-01
9.06096935e-01
9.04794753e-01
9.03484046e-01
9.02164817e-01
9.00837123e-01
8.99500906e-01
8.98156226e-01
8.96803141e-01
8.95441532e-01
8.94071519e-01
8.92693043e-01
8.91306162e-01
8.89910877e-01
8.88507187e-01
8.87095153e-01
8.85674775e-01
8.84246051e-01
8.82808983e-01
8.81363690e-01
8.79909992e-01
8.78448069e-01
8.76977861e-01
8.75499368e-01
8.74012589e-01
8.72517645e-01
8.71014416e-01
8.69502962e-01
8.67983341e-01
8.66455555e-01
8.64919603e-01
8.63375485e-01
8.61823320e-01
8.60262990e-01
8.58694553e-01
8.57117951e-01
8.55533361e-01
8.53940606e-01
8.52339864e-01
8.50731134e-01
8.49114358e-01
8.47489595e-01
8.45856786e-01
8.44216049e-01
8.42567384e-01
8.40910733e-01
8.39246213e-01
8.37573826e-01
8.35893512e-01
8.34205329e-01
8.32509339e-01
8.30805421e-01
8.29093695e-01
8.27374160e-01
8.25646877e-01
8.23911786e-01
8.22168887e-01
8.20418179e-01
8.18659723e-01
8.16893518e-01
8.15119684e-01
8.13338220e-01
8.11549067e-01
8.09752285e-01
8.07947874e-01
8.06135893e-01
8.04316282e-01
8.02489161e-01
8.00654531e-01
7.98812211e-01
7.96962440e-01
7.95105100e-01
7.93240309e-01
7.91368008e-01
7.89488256e-01
7.87600994e-01
7.85706401e-01
7.83804417e-01
7.81895041e-01
7.79978275e-01
7.78054237e-01
7.76122808e-01
7.74184108e-01
7.72238076e-01
7.70284772e-01
7.68324196e-01
7.66356349e-01
7.64381230e-01
7.62398958e-01
7.60409594e-01
7.58413017e-01
7.56409287e-01
7.54398465e-01
7.52380550e-01
7.50355542e-01
7.48323441e-01
7.46284246e-01
7.44238019e-01
7.42184818e-01
7.40124583e-01
7.38057375e-01
7.35983253e-01
7.33902156e-01
7.31814206e-01
7.29719341e-01
7.27617621e-01
7.25509048e-01
7.23393619e-01
7.21271396e-01
7.19142377e-01
7.17006564e-01
7.14863896e-01
7.12714493e-01
7.10558414e-01
7.08395720e-01
7.06226289e-01
7.04050303e-01
7.01867580e-01
6.99678361e-01
6.97482467e-01
6.95280075e-01
6.93071067e-01
6.90855503e-01
6.88633382e-01
6.86404824e-01
6.84169829e-01
6.81928396e-01
6.79680526e-01
6.77426219e-01
6.75165594e-01
6.72898591e-01
6.70625210e-01
6.68345571e-01
6.66059613e-01
6.63767338e-01
6.61468804e-01
6.59164071e-01
6.56853139e-01
6.54536009e-01
6.52212679e-01
6.49883270e-01
6.47547662e-01
6.45205975e-01
6.42858207e-01
6.40504360e-01
6.38144493e-01
6.35778606e-01
6.33406758e-01
6.31028891e-01
6.28645182e-01
6.26255572e-01
6.23860002e-01
6.21458590e-01
6.19051278e-01
6.16638124e-01
6.14219129e-01
6.11794293e-01
6.09363735e-01
6.06927454e-01
6.04485452e-01
6.02037847e-01
5.99584520e-01
5.97125590e-01
5.94660938e-01
5.92190802e-01
5.89715004e-01
5.87233603e-01
5.84746659e-01
5.82254231e-01
5.79756379e-01
5.77253044e-01
5.74744225e-01
5.72230101e-01
5.69710553e-01
5.67185640e-01
5.64655364e-01
5.62119722e-01
5.59578776e-01
5.57032585e-01
5.54481149e-01
5.51924527e-01
5.49362659e-01
5.46795607e-01
5.44223428e-01
5.41646183e-01
5.39063752e-01
5.36476195e-01
5.33883631e-01
5.31286001e-01
5.28683424e-01
5.26075900e-01
5.23463368e-01
5.20845950e-01
5.18223584e-01
5.15596390e-01
5.12964249e-01
5.10327280e-01
5.07685542e-01
5.05038977e-01
5.02387702e-01
4.99731719e-01
4.97071028e-01
4.94405627e-01
4.91735578e-01
4.89060879e-01
4.86381561e-01
4.83697683e-01
4.81009245e-01
4.78316277e-01
4.75618780e-01
4.72916812e-01
4.70210373e-01
4.67499524e-01
4.64784265e-01
4.62064654e-01
4.59340662e-01
4.56612349e-01
4.53879744e-01
4.51142848e-01
4.48401690e-01
4.45656329e-01
4.42906737e-01
4.40153003e-01
4.37395126e-01
4.34633106e-01
4.31867003e-01
4.29096818e-01
4.26322609e-01
4.23544377e-01
4.20762181e-01
4.17976022e-01
4.15185899e-01
4.12391871e-01
4.09593910e-01
4.06792104e-01
4.03986484e-01
4.01177078e-01
3.98363888e-01
3.95546943e-01
3.92726243e-01
3.89901876e-01
3.87073815e-01
3.84242117e-01
3.81406784e-01
3.78567874e-01
3.75725389e-01
3.72879386e-01
3.70029867e-01
3.67176831e-01
3.64320338e-01
3.61460447e-01
3.58597130e-01
3.55730414e-01
3.52860361e-01
3.49987000e-01
3.47110331e-01
3.44230384e-01
3.41347188e-01
3.38460833e-01
3.35571259e-01
3.32678497e-01
3.29782605e-01
3.26883614e-01
3.23981553e-01
3.21076423e-01
3.18168253e-01
3.15257102e-01
3.12343001e-01
3.09425950e-01
3.06505978e-01
3.03583115e-01
3.00657392e-01
2.97728807e-01
2.94797450e-01
2.91863322e-01
2.88926452e-01
2.85986841e-01
2.83044547e-01
2.80099571e-01
2.77151972e-01
2.74201751e-01
2.71248966e-01
2.68293589e-01
2.65335709e-01
2.62375325e-01
2.59412467e-01
2.56447136e-01
2.53479451e-01
2.50509322e-01
2.47536883e-01
2.44562089e-01
2.41584972e-01
2.38605589e-01
2.35623956e-01
2.32640103e-01
2.29654044e-01
2.26665854e-01
2.23675519e-01
2.20683083e-01
2.17688560e-01
2.14691982e-01
2.11693391e-01
2.08692804e-01
2.05690235e-01
2.02685714e-01
1.99679300e-01
1.96671009e-01
1.93660870e-01
1.90648898e-01
1.87635154e-01
1.84619620e-01
1.81602359e-01
1.78583384e-01
1.75562724e-01
1.72540411e-01
1.69516474e-01
1.66490942e-01
1.63463816e-01
1.60435170e-01
1.57405019e-01
1.54373378e-01
1.51340276e-01
1.48305744e-01
1.45269811e-01
1.42232522e-01
1.39193892e-01
1.36153951e-01
1.33112729e-01
1.30070254e-01
1.27026543e-01
1.23981640e-01
1.20935574e-01
1.17888369e-01
1.14840053e-01
1.11790657e-01
1.08740203e-01
1.05688728e-01
1.02636255e-01
9.95828137e-02
9.65284407e-02
9.34731439e-02
9.04169753e-02
8.73599499e-02
8.43021125e-02
8.12434703e-02
7.81840682e-02
7.51239359e-02
7.20630810e-02
6.90015480e-02
6.59393743e-02
6.28765747e-02
5.98131828e-02
5.67492247e-02
5.36847375e-02
5.06197400e-02
4.75542732e-02
4.44883518e-02
4.14220169e-02
3.83552909e-02
3.52881998e-02
3.22207771e-02
2.91530490e-02
2.60850471e-02
2.30167992e-02
1.99483354e-02
1.68796834e-02
1.38108721e-02
1.07419305e-02
7.67288869e-03
4.60377382e-03
1.53461611e-03
-1.53455639e-03
-4.60371422e-03
-7.67282862e-03
-1.07418709e-02
-1.38108116e-02
-1.68796238e-02
-1.99482758e-02
-2.30167396e-02
-2.60849874e-02
-2.91529894e-02
-3.22207175e-02
-3.52881402e-02
-3.83552276e-02
-4.14219536e-02
-4.44882885e-02
-4.75542061e-02
-5.06196804e-02
-5.36846779e-02
-5.67491651e-02
-5.98131195e-02
-6.28765076e-02
-6.59393072e-02
-6.90014884e-02
-7.20630139e-02
-7.51238689e-02
-7.81840086e-02
-8.12434182e-02
-8.43020529e-02
-8.73598978e-02
-9.04169232e-02
-9.34730917e-02
-9.65283886e-02
-9.95827615e-02
-1.02636211e-01
-1.05688684e-01
-1.08740151e-01
-1.11790597e-01
-1.14839993e-01
-1.17888317e-01
-1.20935522e-01
-1.23981588e-01
-1.27026483e-01
-1.30070195e-01
-1.33112669e-01
-1.36153892e-01
-1.39193848e-01
-1.42232478e-01
-1.45269766e-01
-1.48305684e-01
-1.51340201e-01
-1.54373303e-01
-1.57404944e-01
-1.60435095e-01
-1.63463742e-01
-1.66490853e-01
-1.69516400e-01
-1.72540352e-01
-1.75562665e-01
-1.78583324e-01
-1.81602299e-01
-1.84619561e-01
-1.87635079e-01
-1.90648839e-01
-1.93660811e-01
-1.96670964e-01
-1.99679255e-01
-2.02685669e-01
-2.05690160e-01
-2.08692729e-01
-2.11693332e-01
-2.14691922e-01
-2.17688486e-01
-2.20683023e-01
-2.23675460e-01
-2.26665795e-01
-2.29653984e-01
-2.32640043e-01
-2.35623881e-01
-2.38605514e-01
-2.41584882e-01
-2.44561985e-01
-2.47536793e-01
-2.50509262e-01
-2.53479362e-01
-2.56447077e-01
-2.59412408e-01
-2.62375265e-01
-2.65335649e-01
-2.68293530e-01
-2.71248907e-01
-2.74201691e-01
-2.77151912e-01
-2.80099541e-01
-2.83044487e-01
-2.85986811e-01
-2.88926393e-01
-2.91863292e-01
-2.94797450e-01
-2.97728807e-01
-3.00657332e-01
-3.03583056e-01
-3.06505919e-01
-3.09425890e-01
-3.12342912e-01
-3.15257013e-01
-3.18168163e-01
-3.21076334e-01
-3.23981464e-01
-3.26883525e-01
-3.29782516e-01
-3.32678437e-01
-3.35571170e-01
-3.38460773e-01
-3.41347158e-01
-3.44230324e-01
-3.47110242e-01
-3.49986941e-01
-3.52860302e-01
-3.55730355e-01
-3.58597040e-01
-3.61460358e-01
-3.64320278e-01
-3.67176741e-01
-3.70029747e-01
-3.72879297e-01
-3.75725329e-01
-3.78567815e-01
-3.81406724e-01
-3.84242058e-01
-3.87073755e-01
-3.89901817e-01
-3.92726183e-01
-3.95546854e-01
-3.98363769e-01
-4.01176989e-01
-4.03986394e-01
-4.06792045e-01
-4.09593850e-01
-4.12391782e-01
-4.15185809e-01
-4.17975932e-01
-4.20762122e-01
-4.23544317e-01
-4.26322579e-01
-4.29096788e-01
-4.31866944e-01
-4.34633046e-01
-4.37395036e-01
-4.40152913e-01
-4.42906678e-01
-4.45656240e-01
-4.48401630e-01
-4.51142788e-01
-4.53879684e-01
-4.56612319e-01
-4.59340632e-01
-4.62064594e-01
-4.64784235e-01
-4.67499465e-01
-4.70210314e-01
-4.72916722e-01
-4.75618690e-01
-4.78316188e-01
-4.81009156e-01
-4.83697623e-01
-4.86381531e-01
-4.89060819e-01
-4.91735518e-01
-4.94405568e-01
-4.97070968e-01
-4.99731690e-01
-5.02387702e-01
-5.05038977e-01
-5.07685542e-01
-5.10327280e-01
-5.12964249e-01
-5.15596271e-01
-5.18223524e-01
-5.20845890e-01
-5.23463309e-01
-5.26075780e-01
-5.28683305e-01
-5.31285942e-01
-5.33883512e-01
-5.36476076e-01
-5.39063573e-01
-5.41646004e-01
-5.44223309e-01
-5.46795487e-01
-5.49362540e-01
-5.51924407e-01
-5.54481030e-01
-5.57032466e-01
-5.59578657e-01
-5.62119603e-01
-5.64655304e-01
-5.67185640e-01
-5.69710553e-01
-5.72230160e-01
-5.74744344e-01
-5.77253103e-01
-5.79756439e-01
-5.82254231e-01
-5.84746659e-01
-5.87233603e-01
-5.89714944e-01
-5.92190742e-01
-5.94660938e-01
-5.97125471e-01
-5.99584460e-01
-6.02037728e-01
-6.04485393e-01
-6.06927335e-01
-6.09363616e-01
-6.11794233e-01
-6.14219069e-01
-6.16638064e-01
-6.19051158e-01
-6.21458471e-01
-6.23859882e-01
-6.26255453e-01
-6.28645122e-01
-6.31028950e-01
-6.33406758e-01
-6.35778606e-01
-6.38144493e-01
-6.40504360e-01
-6.42858207e-01
-6.45205915e-01
-6.47547603e-01
-6.49883151e-01
-6.52212620e-01
-6.54535890e-01
-6.56853020e-01
-6.59163952e-01
-6.61468685e-01
-6.63767219e-01
-6.66059494e-01
-6.68345511e-01
-6.70625150e-01
-6.72898531e-01
-6.75165534e-01
-6.77426219e-01
-6.79680467e-01
-6.81928337e-01
-6.84169769e-01
-6.86404824e-01
-6.88633382e-01
-6.90855503e-01
-6.93071008e-01
-6.95280015e-01
-6.97482407e-01
-6.99678302e-01
-7.01867580e-01
-7.04050243e-01
-7.06226230e-01
-7.08395600e-01
-7.10558355e-01
-7.12714434e-01
-7.14863837e-01
-7.17006445e-01
-7.19142318e-01
-7.21271396e-01
-7.23393679e-01
-7.25509048e-01
-7.27617621e-01
-7.29719341e-01
-7.31814206e-01
-7.33902216e-01
-7.35983253e-01
-7.38057375e-01
-7.40124583e-01
-7.42184818e-01
-7.44238019e-01
-7.46284246e-01
-7.48323381e-01
-7.50355542e-01
-7.52380550e-01
-7.54398525e-01
-7.56409347e-01
-7.58413017e-01
-7.60409594e-01
-7.62399018e-01
-7.64381289e-01
-7.66356349e-01
-7.68324137e-01
-7.70284712e-01
-7.72238016e-01
-7.74184048e-01
-7.76122749e-01
-7.78054237e-01
-7.79978275e-01
-7.81895041e-01
-7.83804417e-01
-7.85706401e-01
-7.87600994e-01
-7.89488196e-01
-7.91368008e-01
-7.93240309e-01
-7.95105100e-01
-7.96962380e-01
-7.98812211e-01
-8.00654411e-01
-8.02489042e-01
-8.04316223e-01
-8.06135714e-01
-8.07947695e-01
-8.09752047e-01
-8.11548829e-01
-8.13338101e-01
-8.15119684e-01
-8.16893578e-01
-8.18659842e-01
-8.20418358e-01
-8.22169065e-01
-8.23911965e-01
-8.25646996e-01
-8.27374339e-01
-8.29093814e-01
-8.30805540e-01
-8.32509339e-01
-8.34205389e-01
-8.35893512e-01
-8.37573826e-01
-8.39246273e-01
-8.40910792e-01
-8.42567444e-01
-8.44216108e-01
-8.45856845e-01
-8.47489595e-01
-8.49114418e-01
-8.50731194e-01
-8.52339983e-01
-8.53940666e-01
-8.55533302e-01
-8.57117891e-01
-8.58694494e-01
-8.60262930e-01
-8.61823320e-01
-8.63375485e-01
-8.64919662e-01
-8.66455555e-01
-8.67983401e-01
-8.69502962e-01
-8.71014416e-01
-8.72517586e-01
-8.74012530e-01
-8.75499249e-01
-8.76977742e-01
-8.78447950e-01
-8.79909933e-01
-8.81363571e-01
-8.82808983e-01
-8.84246051e-01
-8.85674834e-01
-8.87095213e-01
-8.88507247e-01
-8.89910877e-01
-8.91306162e-01
-8.92693043e-01
-8.94071460e-01
-8.95441473e-01
-8.96803081e-01
-8.98156285e-01
-8.99500906e-01
-9.00837123e-01
-9.02164876e-01
-9.03484106e-01
-9.04794812e-01
-9.06096935e-01
-9.07390594e-01
-9.08675671e-01
-9.09952223e-01
-9.11220193e-01
-9.12479579e-01
-9.13730323e-01
-9.14972484e-01
-9.16206062e-01
-9.17431056e-01
-9.18647349e-01
-9.19854999e-01
-9.21054006e-01
-9.22244251e-01
-9.23425853e-01
-9.24598753e-01
-9.25762892e-01
-9.26918328e-01
-9.28065062e-01
-9.29203033e-01
-9.30332184e-01
-9.31452632e-01
-9.32564318e-01
-9.33667243e-01
-9.34761286e-01
-9.35846627e-01
-9.36923087e-01
-9.37990725e-01
-9.39049482e-01
-9.40099418e-01
-9.41140473e-01
-9.42172706e-01
-9.43196058e-01
-9.44210529e-01
-9.45216119e-01
-9.46212769e-01
-9.47200537e-01
-9.48179424e-01
-9.49149370e-01
-9.50110316e-01
-9.51062381e-01
-9.52005446e-01
-9.52939510e-01
-9.53864634e-01
-9.54780757e-01
-9.55687881e-01
-9.56586003e-01
-9.57475126e-01
-9.58355248e-01
-9.59226251e-01
-9.60088253e-01
-9.60941255e-01
-9.61785138e-01
-9.62619960e-01
-9.63445723e-01
-9.64262426e-01
-9.65070069e-01
-9.65868592e-01
-9.66658056e-01
-9.67438400e-01
-9.68209624e-01
-9.68971729e-01
-9.69724715e-01
-9.70468521e-01
-9.71203208e-01
-9.71928716e-01
-9.72645044e-01
-9.73352253e-01
-9.74050283e-01
-9.74739134e-01
-9.75418806e-01
-9.76089239e-01
-9.76750553e-01
-9.77402627e-01
-9.78045464e-01
-9.78679180e-01
-9.79303598e-01
-9.79918838e-01
-9.80524778e-01
-9.81121600e-01
-9.81709063e-01
-9.82287347e-01
-9.82856333e-01
-9.83416021e-01
-9.83966529e-01
-9.84507740e-01
-9.85039651e-01
-9.85562325e-01
-9.86075759e-01
-9.86579835e-01
-9.87074614e-01
-9.87560093e-01
-9.88036275e-01
-9.88503098e-01
-9.88960624e-01
-9.89408851e-01
-9.89847720e-01
-9.90277290e-01
-9.90697503e-01
-9.91108418e-01
-9.91509974e-01
-9.91902232e-01
-9.92285132e-01
-9.92658675e-01
-9.93022859e-01
-9.93377686e-01
-9.93723154e-01
-9.94059265e-01
-9.94386017e-01
-9.94703472e-01
-9.95011449e-01
-9.95310068e-01
-9.95599329e-01
-9.95879173e-01
-9.96149659e-01
-9.96410787e-01
-9.96662498e-01
-9.96904790e-01
-9.97137785e-01
-9.97361302e-01
-9.97575462e-01
-9.97780204e-01
-9.97975588e-01
-9.98161554e-01
-9.98338103e-01
-9.98505235e-01
-9.98662949e-01
-9.98811245e-01
-9.98950124e-01
-9.99079704e-01
-9.99199808e-01
-9.99310434e-01
-9.99411702e-01
-9.99503553e-01
-9.99585986e-01
-9.99659002e-01
-9.99722540e-01
-9.99776721e-01
-9.99821424e-01
-9.99856770e-01
-9.99882638e-01
-9.99899209e-01
-9.99906242e-01
-9.99903917e-01
-9.99892175e-01
-9.99870956e-01
-9.99840260e-01
-9.99800205e-01
-9.99750733e-01
-9.99691844e-01
-9.99623537e-01
-9.99545872e-01
-9.99458730e-01
-9.99362171e-01
-9.99256253e-01
-9.99140918e-01
-9.99016166e-01
-9.98881936e-01
-9.98738408e-01
-9.98585403e-01
-9.98422921e-01
-9.98251081e-01
-9.98069823e-01
-9.97879148e-01
-9.97679114e-01
-9.97469604e-01
-9.97250676e-01
-9.97022510e-01
-9.96784806e-01
-9.96537805e-01
-9.96281445e-01
-9.96015668e-01
-9.95740473e-01
-9.95455921e-01
-9.95161951e-01
-9.94858623e-01
-9.94545877e-01
-9.94223833e-01
-9.93892431e-01
-9.93551612e-01
-9.93201494e-01
-9.92841959e-01
-9.92473066e-01
-9.92094815e-01
-9.91707265e-01
-9.91310358e-01
-9.90904152e-01
-9.90488589e-01
-9.90063667e-01
-9.89629447e-01
-9.89185810e-01
-9.88732934e-01
-9.88270700e-01
-9.87799227e-01
-9.87318456e-01
-9.86828327e-01
-9.86328900e-01
-9.85820174e-01
-9.85302210e-01
-9.84774947e-01
-9.84238327e-01
-9.83692467e-01
-9.83137369e-01
-9.82573032e-01
-9.81999397e-01
-9.81416523e-01
-9.80824411e-01
-9.80223000e-01
-9.79612410e-01
-9.78992581e-01
-9.78363454e-01
-9.77725208e-01
-9.77077723e-01
-9.76421058e-01
-9.75755215e-01
-9.75080192e-01
-9.74395931e-01
-9.73702490e-01
-9.72999871e-01
-9.72288072e-01
-9.71567094e-01
-9.70836937e-01
-9.70097721e-01
-9.69349325e-01
-9.68591809e-01
-9.67825174e-01
-9.67049360e-01
-9.66264486e-01
-9.65470552e-01
-9.64667439e-01
-9.63855267e-01
-9.63034034e-01
-9.62203741e-01
-9.61364269e-01
-9.60515857e-01
-9.59658444e-01
-9.58791912e-01
-9.57916319e-01
-9.57031786e-01
-9.56138194e-01
-9.55235541e-01
-9.54324007e-01
-9.53403354e-01
-9.52473760e-01
-9.51535165e-01
-9.50587630e-01
-9.49631155e-01
-9.48665738e-01
-9.47691381e-01
-9.46708083e-01
-9.45715845e-01
-9.44714665e-01
-9.43704605e-01
-9.42685664e-01
-9.41657841e-01
-9.40621138e-01
-9.39575613e-01
-9.38521206e-01
-9.37458038e-01
-9.36385930e-01
-9.35305059e-01
-9.34215367e-01
-9.33116913e-01
-9.32009578e-01
-9.30893540e-01
-9.29768682e-01
-9.28635061e-01
-9.27492738e-01
-9.26341653e-01
-9.25181925e-01
-9.24013436e-01
-9.22836185e-01
-9.21650231e-01
-9.20455575e-01
-9.19252217e-01
-9.18040216e-01
-9.16819513e-01
-9.15590227e-01
-9.14352357e-01
-9.13105905e-01
-9.11850870e-01
-9.10587251e-01
-9.09315050e-01
-9.08034265e-01
-9.06744897e-01
-9.05447006e-01
-9.04140532e-01
-9.02825594e-01
-9.01502073e-01
-9.00170147e-01
-8.98829639e-01
-8.97480726e-01
-8.96123350e-01
-8.94757569e-01
-8.93383265e-01
-8.92000616e-01
-8.90609562e-01
-8.89210105e-01
-8.87802243e-01
-8.86385977e-01
-8.84961426e-01
-8.83528531e-01
-8.82087409e-01
-8.80637884e-01
-8.79180014e-01
-8.77713919e-01
-8.76239479e-01
-8.74756932e-01
-8.73266041e-01
-8.71766984e-01
-8.70259702e-01
-8.68744135e-01
-8.67220461e-01
-8.65688622e-01
-8.64148617e-01
-8.62600446e-01
-8.61044168e-01
-8.59479725e-01
-8.57907236e-01
-8.56326580e-01
-8.54737997e-01
-8.53141308e-01
-8.51536572e-01
-8.49923790e-01
-8.48303020e-01
-8.46674263e-01
-8.45037580e-01
-8.43392849e-01
-8.41740191e-01
-8.40079606e-01
-8.38411152e-01
-8.36734772e-01
-8.35050523e-01
-8.33358407e-01
-8.31658423e-01
-8.29950571e-01
-8.28234971e-01
-8.26511502e-01
-8.24780345e-01
-8.23041320e-01
-8.21294546e-01
-8.19540024e-01
-8.17777693e-01
-8.16007614e-01
-8.14229906e-01
-8.12444448e-01
-8.10651481e-01
-8.08850884e-01
-8.07042718e-01
-8.05226982e-01
-8.03403676e-01
-8.01572740e-01
-7.99734235e-01
-7.97888279e-01
-7.96034694e-01
-7.94173658e-01
-7.92305112e-01
-7.90429056e-01
-7.88545549e-01
-7.86654651e-01
-7.84756362e-01
-7.82850742e-01
-7.80937672e-01
-7.79017270e-01
-7.77089477e-01
-7.75154412e-01
-7.73212016e-01
-7.71262407e-01
-7.69305468e-01
-7.67341256e-01
-7.65369773e-01
-7.63391078e-01
-7.61405230e-01
-7.59412289e-01
-7.57412136e-01
-7.55404890e-01
-7.53390491e-01
-7.51368999e-01
-7.49340355e-01
-7.47304738e-01
-7.45262027e-01
-7.43212342e-01
-7.41155565e-01
-7.39091873e-01
-7.37021208e-01
-7.34943628e-01
-7.32859075e-01
-7.30767667e-01
-7.28669345e-01
-7.26564169e-01
-7.24452198e-01
-7.22333372e-01
-7.20207751e-01
-7.18075275e-01
-7.15936065e-01
-7.13790059e-01
-7.11637318e-01
-7.09477901e-01
-7.07311809e-01
-7.05139101e-01
-7.02959776e-01
-7.00773776e-01
-6.98581219e-01
-6.96382046e-01
-6.94176376e-01
-6.91964090e-01
-6.89745247e-01
-6.87519908e-01
-6.85288131e-01
-6.83049917e-01
-6.80805266e-01
-6.78554177e-01
-6.76296711e-01
-6.74032867e-01
-6.71762705e-01
-6.69486165e-01
-6.67203367e-01
-6.64914250e-01
-6.62618816e-01
-6.60317123e-01
-6.58009291e-01
-6.55695260e-01
-6.53375030e-01
-6.51048660e-01
-6.48716152e-01
-6.46377563e-01
-6.44032836e-01
-6.41682088e-01
-6.39325261e-01
-6.36962354e-01
-6.34593487e-01
-6.32218659e-01
-6.29837871e-01
-6.27451181e-01
-6.25058591e-01
-6.22660041e-01
-6.20255649e-01
-6.17845416e-01
-6.15429342e-01
-6.13007426e-01
-6.10579729e-01
-6.08146250e-01
-6.05707169e-01
-6.03262365e-01
-6.00811958e-01
-5.98355770e-01
-5.95894039e-01
-5.93426645e-01
-5.90953648e-01
-5.88475049e-01
-5.85990846e-01
-5.83501220e-01
-5.81006050e-01
-5.78505516e-01
-5.75999439e-01
-5.73487997e-01
-5.70971131e-01
-5.68448842e-01
-5.65921187e-01
-5.63388169e-01
-5.60849905e-01
-5.58306336e-01
-5.55757523e-01
-5.53203464e-01
-5.50644279e-01
-5.48079789e-01
-5.45510232e-01
-5.42935491e-01
-5.40355623e-01
-5.37770689e-01
-5.35180628e-01
-5.32585561e-01
-5.29985487e-01
-5.27380407e-01
-5.24770379e-01
-5.22155344e-01
-5.19535482e-01
-5.16910672e-01
-5.14280975e-01
-5.11646390e-01
-5.09007037e-01
-5.06362855e-01
-5.03713965e-01
-5.01060307e-01
-4.98401999e-01
-4.95738924e-01
-4.93071169e-01
-4.90398794e-01
-4.87721801e-01
-4.85040218e-01
-4.82354075e-01
-4.79663342e-01
-4.76968110e-01
-4.74268347e-01
-4.71564204e-01
-4.68855530e-01
-4.66142505e-01
-4.63425070e-01
-4.60703224e-01
-4.57977057e-01
-4.55246598e-01
-4.52511847e-01
-4.49772835e-01
-4.47029561e-01
-4.44282115e-01
-4.41530466e-01
-4.38774645e-01
-4.36014682e-01
-4.33250636e-01
-4.30482477e-01
-4.27710295e-01
-4.24934030e-01
-4.22153831e-01
-4.19369638e-01
-4.16581482e-01
-4.13789421e-01
-4.10993397e-01
-4.08193499e-01
-4.05389786e-01
-4.02582258e-01
-3.99770945e-01
-3.96955878e-01
-3.94137084e-01
-3.91314566e-01
-3.88488352e-01
-3.85658473e-01
-3.82824957e-01
-3.79987806e-01
-3.77147108e-01
-3.74302864e-01
-3.71455073e-01
-3.68603796e-01
-3.65749031e-01
-3.62890840e-01
-3.60029221e-01
-3.57164204e-01
-3.54295850e-01
-3.51424128e-01
-3.48549128e-01
-3.45670819e-01
-3.42789233e-01
-3.39904457e-01
-3.37016463e-01
-3.34125280e-01
-3.31230938e-01
-3.28333497e-01
-3.25432956e-01
-3.22529376e-01
-3.19622725e-01
-3.16713095e-01
-3.13800484e-01
-3.10884863e-01
-3.07966352e-01
-3.05044949e-01
-3.02120656e-01
-2.99193501e-01
-2.96263546e-01
-2.93330789e-01
-2.90395260e-01
-2.87457019e-01
-2.84516096e-01
-2.81572461e-01
-2.78626144e-01
-2.75677234e-01
-2.72725701e-01
-2.69771636e-01
-2.66815007e-01
-2.63855875e-01
-2.60894239e-01
-2.57930160e-01
-2.54963636e-01
-2.51994699e-01
-2.49023408e-01
-2.46049777e-01
-2.43073821e-01
-2.40095571e-01
-2.37115070e-01
-2.34132320e-01
-2.31147379e-01
-2.28160247e-01
-2.25170985e-01
-2.22179577e-01
-2.19186097e-01
-2.16190547e-01
-2.13192955e-01
-2.10193351e-01
-2.07191765e-01
-2.04188243e-01
-2.01182783e-01
-1.98175445e-01
-1.95166215e-01
-1.92155167e-01
-1.89142302e-01
-1.86127663e-01
-1.83111250e-01
-1.80093125e-01
-1.77073285e-01
-1.74051777e-01
-1.71028644e-01
-1.68003887e-01
-1.64977565e-01
-1.61949694e-01
-1.58920273e-01
-1.55889377e-01
-1.52857006e-01
-1.49823204e-01
-1.46787986e-01
-1.43751383e-01
-1.40713423e-01
-1.37674123e-01
-1.34633541e-01
-1.31591678e-01
-1.28548577e-01
-1.25504270e-01
-1.22458786e-01
-1.19412139e-01
-1.16364375e-01
-1.13315515e-01
-1.10265590e-01
-1.07214615e-01
-1.04162633e-01
-1.01109661e-01
-9.80557427e-02
-9.50009003e-02
-9.19451714e-02
-8.88885781e-02
-8.58311430e-02
-8.27729031e-02
-7.97138885e-02
-7.66541213e-02
-7.35936239e-02
-7.05324337e-02
-6.74705803e-02
-6.44080862e-02
-6.13449886e-02
-5.82813136e-02
-5.52170984e-02
-5.21524064e-02
-4.90873307e-02
-4.60220762e-02
-4.29570600e-02
-3.98930982e-02
-3.68316658e-02
-3.37753147e-02
-3.07280552e-02
-2.76957992e-02
-2.46865321e-02
-2.17101872e-02
-1.87778324e-02
-1.59005933e-02
-1.30869448e-02
-1.03432098e-02
-7.66333705e-03
-5.05440263e-03
-2.45383242e-03
5.96046448e-08
3.06951511e-03
