-3.06945550e-03
-0.00000000e+00
1.59710529e-03
3.67566547e-03
6.25534775e-03
9.20523144e-03
1.22711053e-02
1.53473569e-02
1.84155125e-02
2.14843694e-02
2.45529842e-02
2.76213717e-02
3.06894984e-02
3.37573327e-02
3.68248522e-02
3.98920216e-02
4.29588184e-02
4.60252091e-02
4.90911640e-02
5.21566607e-02
5.52216657e-02
5.82861491e-02
6.13500848e-02
6.44134358e-02
6.74761832e-02
7.05382973e-02
7.35997409e-02
7.66604990e-02
7.97205344e-02
8.27798173e-02
8.58383179e-02
8.88960063e-02
9.19528604e-02
9.50088501e-02
9.80639458e-02
1.01118118e-01
1.04171336e-01
1.07223570e-01
1.10274799e-01
1.13324992e-01
1.16374105e-01
1.19422130e-01
1.22469030e-01
1.25514776e-01
1.28559336e-01
1.31602690e-01
1.34644806e-01
1.37685642e-01
1.40725181e-01
1.43763408e-01
1.46800265e-01
1.49835750e-01
1.52869821e-01
1.55902445e-01
1.58933595e-01
1.61963254e-01
1.64991394e-01
1.68017983e-01
1.71042979e-01
1.74066365e-01
1.77088127e-01
1.80108204e-01
1.83126584e-01
1.86143234e-01
1.89158127e-01
1.92171261e-01
1.95182562e-01
1.98192045e-01
2.01199651e-01
2.04205349e-01
2.07209140e-01
2.10210979e-01
2.13210836e-01
2.16208667e-01
2.19204471e-01
2.22198218e-01
2.25189850e-01
2.28179380e-01
2.31166750e-01
2.34151959e-01
2.37134948e-01
2.40115717e-01
2.43094221e-01
2.46070415e-01
2.49044299e-01
2.52015829e-01
2.54985005e-01
2.57951766e-01
2.60916114e-01
2.63877958e-01
2.66837358e-01
2.69794255e-01
2.72748590e-01
2.75700361e-01
2.78649509e-01
2.81596065e-01
2.84539938e-01
2.87481159e-01
2.90419638e-01
2.93355405e-01
2.96288401e-01
2.99218595e-01
3.02145988e-01
3.05070519e-01
3.07992190e-01
3.10910970e-01
3.13826799e-01
3.16739678e-01
3.19649577e-01
3.22556466e-01
3.25460315e-01
3.28361094e-01
3.31258774e-01
3.34153324e-01
3.37044746e-01
3.39932978e-01
3.42818022e-01
3.45699817e-01
3.48578393e-01
3.51453662e-01
3.54325622e-01
3.57194215e-01
3.60059470e-01
3.62921327e-01
3.65779757e-01
3.68634731e-01
3.71486247e-01
3.74334276e-01
3.77178758e-01
3.80019724e-01
3.82857084e-01
3.85690838e-01
3.88520956e-01
3.91347438e-01
3.94170195e-01
3.96989256e-01
3.99804562e-01
4.02616084e-01
4.05423820e-01
4.08227772e-01
4.11027879e-01
4.13824081e-01
4.16616410e-01
4.19404805e-01
4.22189265e-01
4.24969703e-01
4.27746177e-01
4.30518627e-01
4.33286995e-01
4.36051279e-01
4.38811481e-01
4.41567540e-01
4.44319427e-01
4.47067112e-01
4.49810594e-01
4.52549845e-01
4.55284834e-01
4.58015531e-01
4.60741937e-01
4.63463962e-01
4.66181666e-01
4.68894929e-01
4.71603781e-01
4.74308223e-01
4.77008194e-01
4.79703635e-01
4.82394576e-01
4.85080987e-01
4.87762809e-01
4.90440041e-01
4.93112653e-01
4.95780587e-01
4.98443872e-01
5.01102448e-01
5.03756344e-01
5.06405473e-01
5.09049833e-01
5.11689425e-01
5.14324188e-01
5.16954064e-01
5.19579113e-01
5.22199214e-01
5.24814427e-01
5.27424753e-01
5.30030012e-01
5.32630265e-01
5.35225570e-01
5.37815869e-01
5.40401042e-01
5.42981088e-01
5.45556009e-01
5.48125863e-01
5.50690532e-01
5.53250015e-01
5.55804312e-01
5.58353305e-01
5.60897052e-01
5.63435555e-01
5.65968752e-01
5.68496585e-01
5.71019053e-01
5.73536158e-01
5.76047838e-01
5.78554153e-01
5.81054926e-01
5.83550274e-01
5.86040139e-01
5.88524461e-01
5.91003239e-01
5.93476474e-01
5.95944047e-01
5.98406076e-01
6.00862443e-01
6.03313148e-01
6.05758190e-01
6.08197510e-01
6.10631108e-01
6.13058984e-01
6.15481019e-01
6.17897272e-01
6.20307744e-01
6.22712314e-01
6.25111043e-01
6.27503872e-01
6.29890800e-01
6.32271826e-01
6.34646833e-01
6.37015879e-01
6.39378965e-01
6.41736031e-01
6.44087017e-01
6.46431923e-01
6.48770690e-01
6.51103377e-01
6.53429985e-01
6.55750334e-01
6.58064604e-01
6.60372674e-01
6.62674487e-01
6.64970100e-01
6.67259455e-01
6.69542432e-01
6.71819150e-01
6.74089491e-01
6.76353574e-01
6.78611219e-01
6.80862486e-01
6.83107376e-01
6.85345769e-01
6.87577724e-01
6.89803243e-01
6.92022264e-01
6.94234669e-01
6.96440637e-01
6.98639989e-01
7.00832844e-01
7.03018963e-01
7.05198526e-01
7.07371414e-01
7.09537685e-01
7.11697221e-01
7.13850081e-01
7.15996206e-01
7.18135595e-01
7.20268190e-01
7.22394049e-01
7.24513054e-01
7.26625264e-01
7.28730619e-01
7.30829120e-01
7.32920706e-01
7.35005438e-01
7.37083197e-01
7.39154041e-01
7.41217911e-01
7.43274748e-01
7.45324671e-01
7.47367501e-01
7.49403298e-01
7.51432121e-01
7.53453791e-01
7.55468369e-01
7.57475793e-01
7.59476066e-01
7.61469245e-01
7.63455272e-01
7.65434086e-01
7.67405689e-01
7.69370079e-01
7.71327198e-01
7.73277044e-01
7.75219560e-01
7.77154863e-01
7.79082716e-01
7.81003296e-01
7.82916546e-01
7.84822404e-01
7.86720872e-01
7.88611948e-01
7.90495515e-01
7.92371690e-01
7.94240415e-01
7.96101630e-01
7.97955334e-01
7.99801528e-01
8.01640153e-01
8.03471327e-01
8.05294871e-01
8.07110846e-01
8.08919191e-01
8.10719907e-01
8.12512994e-01
8.14298451e-01
8.16076219e-01
8.17846358e-01
8.19608748e-01
8.21363389e-01
8.23110282e-01
8.24849427e-01
8.26580822e-01
8.28304410e-01
8.30020189e-01
8.31728220e-01
8.33428323e-01
8.35120618e-01
8.36805046e-01
8.38481545e-01
8.40150177e-01
8.41810942e-01
8.43463719e-01
8.45108569e-01
8.46745431e-01
8.48374367e-01
8.49995315e-01
8.51608157e-01
8.53213012e-01
8.54809880e-01
8.56398642e-01
8.57979357e-01
8.59551966e-01
8.61116529e-01
8.62672925e-01
8.64221215e-01
8.65761399e-01
8.67293358e-01
8.68817210e-01
8.70332897e-01
8.71840358e-01
8.73339534e-01
8.74830484e-01
8.76313269e-01
8.77787828e-01
8.79254043e-01
8.80711973e-01
8.82161617e-01
8.83602977e-01
8.85035992e-01
8.86460602e-01
8.87876928e-01
8.89284849e-01
8.90684426e-01
8.92075658e-01
8.93458426e-01
8.94832790e-01
8.96198750e-01
8.97556245e-01
8.98905218e-01
9.00245786e-01
9.01577890e-01
9.02901471e-01
9.04216528e-01
9.05523062e-01
9.06821132e-01
9.08110559e-01
9.09391522e-01
9.10663843e-01
9.11927640e-01
9.13182855e-01
9.14429367e-01
9.15667355e-01
9.16896701e-01
9.18117464e-01
9.19329464e-01
9.20532882e-01
9.21727598e-01
9.22913611e-01
9.24090981e-01
9.25259650e-01
9.26419556e-01
9.27570760e-01
9.28713202e-01
9.29846883e-01
9.30971801e-01
9.32087958e-01
9.33195412e-01
9.34293985e-01
9.35383797e-01
9.36464727e-01
9.37536895e-01
9.38600183e-01
9.39654648e-01
9.40700293e-01
9.41737056e-01
9.42764938e-01
9.43783939e-01
9.44794059e-01
9.45795238e-01
9.46787596e-01
9.47771013e-01
9.48745430e-01
9.49710965e-01
9.50667560e-01
9.51615155e-01
9.52553749e-01
9.53483403e-01
9.54404116e-01
9.55315828e-01
9.56218481e-01
9.57112193e-01
9.57996905e-01
9.58872497e-01
9.59739089e-01
9.60596681e-01
9.61445153e-01
9.62284625e-01
9.63115036e-01
9.63936329e-01
9.64748561e-01
9.65551674e-01
9.66345787e-01
9.67130721e-01
9.67906535e-01
9.68673289e-01
9.69430923e-01
9.70179319e-01
9.70918655e-01
9.71648812e-01
9.72369790e-01
9.73081648e-01
9.73784328e-01
9.74477828e-01
9.75162148e-01
9.75837290e-01
9.76503253e-01
9.77159917e-01
9.77807462e-01
9.78445828e-01
9.79074895e-01
9.79694843e-01
9.80305433e-01
9.80906904e-01
9.81499076e-01
9.82081950e-01
9.82655644e-01
9.83220041e-01
9.83775258e-01
9.84321117e-01
9.84857738e-01
9.85385060e-01
9.85903084e-01
9.86411870e-01
9.86911297e-01
9.87401485e-01
9.87882316e-01
9.88353908e-01
9.88816142e-01
9.89269078e-01
9.89712656e-01
9.90146935e-01
9.90571916e-01
9.90987480e-01
9.91393805e-01
9.91790771e-01
9.92178321e-01
9.92556572e-01
9.92925465e-01
9.93285060e-01
9.93635237e-01
9.93976057e-01
9.94307518e-01
9.94629622e-01
9.94942307e-01
9.95245695e-01
9.95539665e-01
9.95824218e-01
9.96099472e-01
9.96365249e-01
9.96621668e-01
9.96868730e-01
9.97106373e-01
9.97334659e-01
9.97553527e-01
9.97763038e-01
9.97963071e-01
9.98153746e-01
9.98335004e-01
9.98506784e-01
9.98669267e-01
9.98822272e-01
9.98965919e-01
9.99100149e-01
9.99224961e-01
9.99340296e-01
9.99446273e-01
9.99542832e-01
9.99629974e-01
9.99707699e-01
9.99776006e-01
9.99834895e-01
9.99884367e-01
9.99924421e-01
9.99955058e-01
9.99976277e-01
9.99988079e-01
9.99990404e-01
9.99983311e-01
9.99966800e-01
9.99940872e-01
9.99905586e-01
9.99860823e-01
9.99806643e-01
9.99743044e-01
9.99670088e-01
9.99587655e-01
9.99495804e-01
9.99394536e-01
9.99283791e-01
9.99163687e-01
9.99034226e-01
9.98895288e-01
9.98746991e-01
9.98589218e-01
9.98422086e-01
9.98245537e-01
9.98059571e-01
9.97864187e-01
9.97659445e-01
9.97445285e-01
9.97221708e-01
9.96988773e-01
9.96746421e-01
9.96494651e-01
9.96233523e-01
9.95963037e-01
9.95683134e-01
9.95393872e-01
9.95095193e-01
9.94787157e-01
9.94469762e-01
9.94142950e-01
9.93806839e-01
9.93461311e-01
9.93106425e-01
9.92742240e-01
9.92368639e-01
9.91985738e-01
9.91593421e-01
9.91191804e-01
9.90780830e-01
9.90360558e-01
9.89930928e-01
9.89491999e-01
9.89043772e-01
9.88586187e-01
9.88119304e-01
9.87643063e-01
9.87157583e-01
9.86662745e-01
9.86158669e-01
9.85645235e-01
9.85122561e-01
9.84590530e-01
9.84049320e-01
9.83498752e-01
9.82939005e-01
9.82369959e-01
9.81791675e-01
9.81204093e-01
9.80607331e-01
9.80001271e-01
9.79386032e-01
9.78761554e-01
9.78127778e-01
9.77484882e-01
9.76832747e-01
9.76171434e-01
9.75500882e-01
9.74821150e-01
9.74132180e-01
9.73434091e-01
9.72726822e-01
9.72010434e-01
9.71284866e-01
9.70550120e-01
9.69806254e-01
9.69053209e-01
9.68291044e-01
9.67519760e-01
9.66739357e-01
9.65949833e-01
9.65151250e-01
9.64343607e-01
9.63526845e-01
9.62700963e-01
9.61866021e-01
9.61022079e-01
9.60169017e-01
9.59306955e-01
9.58435774e-01
9.57555652e-01
9.56666529e-01
9.55768287e-01
9.54861104e-01
9.53944921e-01
9.53019679e-01
9.52085555e-01
9.51142490e-01
9.50190365e-01
9.49229300e-01
9.48259294e-01
9.47280407e-01
9.46292520e-01
9.45295751e-01
9.44290161e-01
9.43275571e-01
9.42252100e-01
9.41219747e-01
9.40178573e-01
9.39128518e-01
9.38069642e-01
9.37001884e-01
9.35925364e-01
9.34839964e-01
9.33745742e-01
9.32642758e-01
9.31531012e-01
9.30410445e-01
9.29281116e-01
9.28143024e-01
9.26996231e-01
9.25840676e-01
9.24676359e-01
9.23503399e-01
9.22321737e-01
9.21131372e-01
9.19932306e-01
9.18724537e-01
9.17508185e-01
9.16283190e-01
9.15049493e-01
9.13807273e-01
9.12556291e-01
9.11296844e-01
9.10028815e-01
9.08752143e-01
9.07466948e-01
9.06173170e-01
9.04870868e-01
9.03560042e-01
9.02240694e-01
9.00912821e-01
8.99576545e-01
8.98231745e-01
8.96878481e-01
8.95516813e-01
8.94146681e-01
8.92768085e-01
8.91381085e-01
8.89985740e-01
8.88581991e-01
8.87169838e-01
8.85749280e-01
8.84320438e-01
8.82883310e-01
8.81437778e-01
8.79984021e-01
8.78521919e-01
8.77051592e-01
8.75572920e-01
8.74086082e-01
8.72590959e-01
8.71087670e-01
8.69576097e-01
8.68056357e-01
8.66528451e-01
8.64992380e-01
8.63448143e-01
8.61895740e-01
8.60335290e-01
8.58766735e-01
8.57190073e-01
8.55605304e-01
8.54012489e-01
8.52411568e-01
8.50802720e-01
8.49185765e-01
8.47560883e-01
8.45928013e-01
8.44287157e-01
8.42638314e-01
8.40981543e-01
8.39316845e-01
8.37644279e-01
8.35963845e-01
8.34275484e-01
8.32579255e-01
8.30875218e-01
8.29163313e-01
8.27443659e-01
8.25716138e-01
8.23980868e-01
8.22237849e-01
8.20487082e-01
8.18728507e-01
8.16962302e-01
8.15188348e-01
8.13406765e-01
8.11617494e-01
8.09820533e-01
8.08016002e-01
8.06203842e-01
8.04384112e-01
8.02556753e-01
8.00721824e-01
7.98879385e-01
7.97029436e-01
7.95171976e-01
7.93307006e-01
7.91434586e-01
7.89554656e-01
7.87667274e-01
7.85772562e-01
7.83870399e-01
7.81960845e-01
7.80043960e-01
7.78119624e-01
7.76188076e-01
7.74249196e-01
7.72303045e-01
7.70349562e-01
7.68388808e-01
7.66420782e-01
7.64445543e-01
7.62463152e-01
7.60473609e-01
7.58476853e-01
7.56473005e-01
7.54462004e-01
7.52443850e-01
7.50418663e-01
7.48386323e-01
7.46347010e-01
7.44300663e-01
7.42247283e-01
7.40186870e-01
7.38119483e-01
7.36045182e-01
7.33963966e-01
7.31875777e-01
7.29780734e-01
7.27678835e-01
7.25570023e-01
7.23454475e-01
7.21332073e-01
7.19202816e-01
7.17066824e-01
7.14924037e-01
7.12774515e-01
7.10618258e-01
7.08455324e-01
7.06285775e-01
7.04109550e-01
7.01926708e-01
6.99737191e-01
6.97541177e-01
6.95338547e-01
6.93129361e-01
6.90913618e-01
6.88691318e-01
6.86462581e-01
6.84227407e-01
6.81985795e-01
6.79737687e-01
6.77483261e-01
6.75222397e-01
6.72955155e-01
6.70681596e-01
6.68401718e-01
6.66115522e-01
6.63823128e-01
6.61524415e-01
6.59219503e-01
6.56908333e-01
6.54591024e-01
6.52267456e-01
6.49937809e-01
6.47602081e-01
6.45260215e-01
6.42912269e-01
6.40558243e-01
6.38198197e-01
6.35832131e-01
6.33460045e-01
6.31081998e-01
6.28698111e-01
6.26308203e-01
6.23912454e-01
6.21510804e-01
6.19103253e-01
6.16689920e-01
6.14270747e-01
6.11845791e-01
6.09415054e-01
6.06978595e-01
6.04536414e-01
6.02088511e-01
5.99635005e-01
5.97175777e-01
5.94711006e-01
5.92240572e-01
5.89764595e-01
5.87283015e-01
5.84795892e-01
5.82303286e-01
5.79805195e-01
5.77301681e-01
5.74792683e-01
5.72278261e-01
5.69758475e-01
5.67233324e-01
5.64702809e-01
5.62166989e-01
5.59625864e-01
5.57079434e-01
5.54527819e-01
5.51970959e-01
5.49408913e-01
5.46841621e-01
5.44269264e-01
5.41691720e-01
5.39109111e-01
5.36521375e-01
5.33928573e-01
5.31330824e-01
5.28728008e-01
5.26120245e-01
5.23507476e-01
5.20889819e-01
5.18267214e-01
5.15639782e-01
5.13007462e-01
5.10370255e-01
5.07728279e-01
5.05081534e-01
5.02430022e-01
4.99773800e-01
4.97112870e-01
4.94447231e-01
4.91776943e-01
4.89102006e-01
4.86422479e-01
4.83738393e-01
4.81049716e-01
4.78356510e-01
4.75658774e-01
4.72956628e-01
4.70249951e-01
4.67538863e-01
4.64823395e-01
4.62103516e-01
4.59379315e-01
4.56650764e-01
4.53917921e-01
4.51180756e-01
4.48439389e-01
4.45693791e-01
4.42944020e-01
4.40190017e-01
4.37431902e-01
4.34669673e-01
4.31903332e-01
4.29132938e-01
4.26358491e-01
4.23580021e-01
4.20797557e-01
4.18011129e-01
4.15220797e-01
4.12426531e-01
4.09628361e-01
4.06826347e-01
4.04020488e-01
4.01210845e-01
3.98397386e-01
3.95580202e-01
3.92759293e-01
3.89934659e-01
3.87106389e-01
3.84274453e-01
3.81438881e-01
3.78599733e-01
3.75757009e-01
3.72910738e-01
3.70060980e-01
3.67207706e-01
3.64350975e-01
3.61490846e-01
3.58627290e-01
3.55760336e-01
3.52890044e-01
3.50016445e-01
3.47139537e-01
3.44259351e-01
3.41375917e-01
3.38489294e-01
3.35599452e-01
3.32706451e-01
3.29810321e-01
3.26911092e-01
3.24008793e-01
3.21103424e-01
3.18195015e-01
3.15283626e-01
3.12369287e-01
3.09451967e-01
3.06531757e-01
3.03608656e-01
3.00682694e-01
2.97753870e-01
2.94822276e-01
2.91887879e-01
2.88950741e-01
2.86010891e-01
2.83068359e-01
2.80123144e-01
2.77175277e-01
2.74224818e-01
2.71271765e-01
2.68316150e-01
2.65358001e-01
2.62397379e-01
2.59434283e-01
2.56468743e-01
2.53500760e-01
2.50530392e-01
2.47557685e-01
2.44582638e-01
2.41605297e-01
2.38625661e-01
2.35643759e-01
2.32659653e-01
2.29673371e-01
2.26684913e-01
2.23694324e-01
2.20701635e-01
2.17706874e-01
2.14710042e-01
2.11711183e-01
2.08710328e-01
2.05707520e-01
2.02702776e-01
1.99696109e-01
1.96687564e-01
1.93677172e-01
1.90664947e-01
1.87650934e-01
1.84635147e-01
1.81617633e-01
1.78598404e-01
1.75577477e-01
1.72554910e-01
1.69530720e-01
1.66504920e-01
1.63477555e-01
1.60448655e-01
1.57418236e-01
1.54386342e-01
1.51352987e-01
1.48318201e-01
1.45282030e-01
1.42244488e-01
1.39205605e-01
1.36165395e-01
1.33123919e-01
1.30081192e-01
1.27037227e-01
1.23992078e-01
1.20945752e-01
1.17898293e-01
1.14849716e-01
1.11800060e-01
1.08749345e-01
1.05697609e-01
1.02644883e-01
9.95911881e-02
9.65365544e-02
9.34810117e-02
9.04245824e-02
8.73673037e-02
8.43092054e-02
8.12503025e-02
7.81906396e-02
7.51302466e-02
7.20691383e-02
6.90073520e-02
6.59449250e-02
6.28818646e-02
5.98182157e-02
5.67540042e-02
5.36892563e-02
5.06240055e-02
4.75582741e-02
4.44920957e-02
4.14255001e-02
3.83585133e-02
3.52911651e-02
3.22234854e-02
2.91554984e-02
2.60872375e-02
2.30187327e-02
1.99500117e-02
1.68811027e-02
1.38120335e-02
1.07428338e-02
7.67353363e-03
4.60416125e-03
1.53474498e-03
-1.53468561e-03
-4.60410165e-03
-7.67347403e-03
-1.07427742e-02
-1.38119739e-02
-1.68810431e-02
-1.99499521e-02
-2.30186731e-02
-2.60871798e-02
-2.91554388e-02
-3.22234258e-02
-3.52911055e-02
-3.83584537e-02
-4.14254405e-02
-4.44920361e-02
-4.75582145e-02
-5.06239459e-02
-5.36892004e-02
-5.67539446e-02
-5.98181561e-02
-6.28818050e-02
-6.59448579e-02
-6.90072998e-02
-7.20690787e-02
-7.51301870e-02
-7.81905875e-02
-8.12502503e-02
-8.43091384e-02
-8.73672441e-02
-9.04245228e-02
-9.34809521e-02
-9.65364948e-02
-9.95911285e-02
-1.02644823e-01
-1.05697550e-01
-1.08749293e-01
-1.11799993e-01
-1.14849649e-01
-1.17898226e-01
-1.20945692e-01
-1.23992018e-01
-1.27037168e-01
-1.30081132e-01
-1.33123860e-01
-1.36165336e-01
-1.39205545e-01
-1.42244428e-01
-1.45281971e-01
-1.48318142e-01
-1.51352912e-01
-1.54386282e-01
-1.57418177e-01
-1.60448596e-01
-1.63477495e-01
-1.66504860e-01
-1.69530645e-01
-1.72554851e-01
-1.75577417e-01
-1.78598344e-01
-1.81617573e-01
-1.84635103e-01
-1.87650874e-01
-1.90664902e-01
-1.93677127e-01
-1.96687505e-01
-1.99696049e-01
-2.02702701e-01
-2.05707461e-01
-2.08710268e-01
-2.11711109e-01
-2.14709982e-01
-2.17706800e-01
-2.20701575e-01
-2.23694265e-01
-2.26684853e-01
-2.29673311e-01
-2.32659608e-01
-2.35643700e-01
-2.38625586e-01
-2.41605222e-01
-2.44582579e-01
-2.47557625e-01
-2.50530362e-01
-2.53500700e-01
-2.56468654e-01
-2.59434223e-01
-2.62397349e-01
-2.65357971e-01
-2.68316090e-01
-2.71271706e-01
-2.74224758e-01
-2.77175218e-01
-2.80123085e-01
-2.83068299e-01
-2.86010861e-01
-2.88950711e-01
-2.91887850e-01
-2.94822246e-01
-2.97753841e-01
-3.00682634e-01
-3.03608596e-01
-3.06531727e-01
-3.09451908e-01
-3.12369227e-01
-3.15283597e-01
-3.18194985e-01
-3.21103394e-01
-3.24008763e-01
-3.26911032e-01
-3.29810292e-01
-3.32706422e-01
-3.35599422e-01
-3.38489234e-01
-3.41375858e-01
-3.44259292e-01
-3.47139478e-01
-3.50016385e-01
-3.52890015e-01
-3.55760276e-01
-3.58627230e-01
-3.61490786e-01
-3.64350915e-01
-3.67207646e-01
-3.70060921e-01
-3.72910678e-01
-3.75756949e-01
-3.78599674e-01
-3.81438822e-01
-3.84274393e-01
-3.87106329e-01
-3.89934599e-01
-3.92759204e-01
-3.95580143e-01
-3.98397326e-01
-4.01210785e-01
-4.04020399e-01
-4.06826258e-01
-4.09628302e-01
-4.12426472e-01
-4.15220708e-01
-4.18011069e-01
-4.20797497e-01
-4.23579961e-01
-4.26358432e-01
-4.29132879e-01
-4.31903273e-01
-4.34669614e-01
-4.37431872e-01
-4.40189987e-01
-4.42943960e-01
-4.45693761e-01
-4.48439360e-01
-4.51180726e-01
-4.53917861e-01
-4.56650704e-01
-4.59379256e-01
-4.62103486e-01
-4.64823335e-01
-4.67538834e-01
-4.70249891e-01
-4.72956538e-01
-4.75658745e-01
-4.78356451e-01
-4.81049687e-01
-4.83738333e-01
-4.86422449e-01
-4.89101976e-01
-4.91776913e-01
-4.94447201e-01
-4.97112811e-01
-4.99773771e-01
-5.02430022e-01
-5.05081475e-01
-5.07728219e-01
-5.10370195e-01
-5.13007343e-01
-5.15639663e-01
-5.18267155e-01
-5.20889699e-01
-5.23507416e-01
-5.26120126e-01
-5.28727889e-01
-5.31330705e-01
-5.33928514e-01
-5.36521316e-01
-5.39109051e-01
-5.41691661e-01
-5.44269204e-01
-5.46841562e-01
-5.49408793e-01
-5.51970899e-01
-5.54527760e-01
-5.57079434e-01
-5.59625804e-01
-5.62166929e-01
-5.64702749e-01
-5.67233264e-01
-5.69758475e-01
-5.72278261e-01
-5.74792624e-01
-5.77301681e-01
-5.79805195e-01
-5.82303286e-01
-5.84795892e-01
-5.87282956e-01
-5.89764535e-01
-5.92240572e-01
-5.94711006e-01
-5.97175837e-01
-5.99634945e-01
-6.02088511e-01
-6.04536355e-01
-6.06978536e-01
-6.09414995e-01
-6.11845732e-01
-6.14270687e-01
-6.16689861e-01
-6.19103193e-01
-6.21510744e-01
-6.23912394e-01
-6.26308203e-01
-6.28698051e-01
-6.31081998e-01
-6.33459985e-01
-6.35832071e-01
-6.38198137e-01
-6.40558183e-01
-6.42912209e-01
-6.45260155e-01
-6.47602022e-01
-6.49937809e-01
-6.52267396e-01
-6.54590905e-01
-6.56908274e-01
-6.59219384e-01
-6.61524355e-01
-6.63823068e-01
-6.66115522e-01
-6.68401718e-01
-6.70681596e-01
-6.72955155e-01
-6.75222337e-01
-6.77483201e-01
-6.79737687e-01
-6.81985736e-01
-6.84227347e-01
-6.86462522e-01
-6.88691258e-01
-6.90913498e-01
-6.93129241e-01
-6.95338428e-01
-6.97541118e-01
-6.99737191e-01
-7.01926708e-01
-7.04109550e-01
-7.06285775e-01
-7.08455324e-01
-7.10618258e-01
-7.12774456e-01
-7.14923978e-01
-7.17066765e-01
-7.19202757e-01
-7.21331954e-01
-7.23454416e-01
-7.25570023e-01
-7.27678835e-01
-7.29780734e-01
-7.31875837e-01
-7.33963966e-01
-7.36045182e-01
-7.38119483e-01
-7.40186810e-01
-7.42247224e-01
-7.44300604e-01
-7.46346951e-01
-7.48386264e-01
-7.50418603e-01
-7.52443850e-01
-7.54461944e-01
-7.56472945e-01
-7.58476853e-01
-7.60473549e-01
-7.62463152e-01
-7.64445543e-01
-7.66420782e-01
-7.68388748e-01
-7.70349503e-01
-7.72302926e-01
-7.74249136e-01
-7.76188016e-01
-7.78119624e-01
-7.80043900e-01
-7.81960845e-01
-7.83870339e-01
-7.85772502e-01
-7.87667274e-01
-7.89554596e-01
-7.91434526e-01
-7.93307006e-01
-7.95171976e-01
-7.97029436e-01
-7.98879385e-01
-8.00721824e-01
-8.02556753e-01
-8.04384053e-01
-8.06203842e-01
-8.08016002e-01
-8.09820533e-01
-8.11617374e-01
-8.13406646e-01
-8.15188289e-01
-8.16962242e-01
-8.18728507e-01
-8.20487022e-01
-8.22237790e-01
-8.23980808e-01
-8.25716138e-01
-8.27443659e-01
-8.29163313e-01
-8.30875158e-01
-8.32579195e-01
-8.34275424e-01
-8.35963726e-01
-8.37644219e-01
-8.39316845e-01
-8.40981543e-01
-8.42638314e-01
-8.44287097e-01
-8.45928013e-01
-8.47560823e-01
-8.49185765e-01
-8.50802720e-01
-8.52411568e-01
-8.54012430e-01
-8.55605304e-01
-8.57190013e-01
-8.58766735e-01
-8.60335290e-01
-8.61895800e-01
-8.63448143e-01
-8.64992380e-01
-8.66528392e-01
-8.68056297e-01
-8.69576037e-01
-8.71087611e-01
-8.72590959e-01
-8.74086022e-01
-8.75572920e-01
-8.77051532e-01
-8.78521860e-01
-8.79983962e-01
-8.81437778e-01
-8.82883310e-01
-8.84320498e-01
-8.85749280e-01
-8.87169778e-01
-8.88581872e-01
-8.89985681e-01
-8.91381085e-01
-8.92768085e-01
-8.94146621e-01
-8.95516813e-01
-8.96878481e-01
-8.98231745e-01
-8.99576545e-01
-9.00912881e-01
-9.02240694e-01
-9.03560042e-01
-9.04870868e-01
-9.06173110e-01
-9.07466888e-01
-9.08752143e-01
-9.10028756e-01
-9.11296785e-01
-9.12556350e-01
-9.13807213e-01
-9.15049493e-01
-9.16283190e-01
-9.17508185e-01
-9.18724537e-01
-9.19932306e-01
-9.21131372e-01
-9.22321677e-01
-9.23503399e-01
-9.24676359e-01
-9.25840676e-01
-9.26996231e-01
-9.28143024e-01
-9.29281056e-01
-9.30410385e-01
-9.31530952e-01
-9.32642698e-01
-9.33745742e-01
-9.34839964e-01
-9.35925364e-01
-9.37001884e-01
-9.38069642e-01
-9.39128518e-01
-9.40178573e-01
-9.41219747e-01
-9.42252100e-01
-9.43275511e-01
-9.44290102e-01
-9.45295751e-01
-9.46292579e-01
-9.47280407e-01
-9.48259354e-01
-9.49229360e-01
-9.50190365e-01
-9.51142430e-01
-9.52085495e-01
-9.53019679e-01
-9.53944862e-01
-9.54861104e-01
-9.55768228e-01
-9.56666470e-01
-9.57555652e-01
-9.58435833e-01
-9.59306896e-01
-9.60169017e-01
-9.61022019e-01
-9.61866021e-01
-9.62700903e-01
-9.63526785e-01
-9.64343548e-01
-9.65151250e-01
-9.65949893e-01
-9.66739357e-01
-9.67519760e-01
-9.68291104e-01
-9.69053209e-01
-9.69806254e-01
-9.70550120e-01
-9.71284866e-01
-9.72010434e-01
-9.72726822e-01
-9.73434150e-01
-9.74132180e-01
-9.74821091e-01
-9.75500822e-01
-9.76171374e-01
-9.76832747e-01
-9.77484882e-01
-9.78127778e-01
-9.78761494e-01
-9.79385972e-01
-9.80001211e-01
-9.80607271e-01
-9.81204093e-01
-9.81791675e-01
-9.82369959e-01
-9.82939065e-01
-9.83498812e-01
-9.84049320e-01
-9.84590590e-01
-9.85122561e-01
-9.85645235e-01
-9.86158609e-01
-9.86662745e-01
-9.87157524e-01
-9.87643123e-01
-9.88119304e-01
-9.88586187e-01
-9.89043772e-01
-9.89491999e-01
-9.89930987e-01
-9.90360618e-01
-9.90780890e-01
-9.91191864e-01
-9.91593421e-01
-9.91985679e-01
-9.92368639e-01
-9.92742240e-01
-9.93106484e-01
-9.93461311e-01
-9.93806779e-01
-9.94142950e-01
-9.94469762e-01
-9.94787157e-01
-9.95095193e-01
-9.95393872e-01
-9.95683193e-01
-9.95963037e-01
-9.96233523e-01
-9.96494651e-01
-9.96746421e-01
-9.96988714e-01
-9.97221708e-01
-9.97445285e-01
-9.97659445e-01
-9.97864187e-01
-9.98059630e-01
-9.98245597e-01
-9.98422086e-01
-9.98589218e-01
-9.98746991e-01
-9.98895347e-01
-9.99034286e-01
-9.99163747e-01
-9.99283791e-01
-9.99394476e-01
-9.99495745e-01
-9.99587595e-01
-9.99670088e-01
-9.99743104e-01
-9.99806643e-01
-9.99860823e-01
-9.99905586e-01
-9.99940932e-01
-9.99966800e-01
-9.99983311e-01
-9.99990404e-01
-9.99988019e-01
-9.99976218e-01
-9.99954998e-01
-9.99924362e-01
-9.99884367e-01
-9.99834895e-01
-9.99776006e-01
-9.99707699e-01
-9.99629974e-01
-9.99542892e-01
-9.99446332e-01
-9.99340355e-01
-9.99224961e-01
-9.99100149e-01
-9.98965919e-01
-9.98822331e-01
-9.98669267e-01
-9.98506844e-01
-9.98335004e-01
-9.98153746e-01
-9.97963071e-01
-9.97763038e-01
-9.97553527e-01
-9.97334719e-01
-9.97106433e-01
-9.96868789e-01
-9.96621728e-01
-9.96365309e-01
-9.96099472e-01
-9.95824277e-01
-9.95539665e-01
-9.95245695e-01
-9.94942367e-01
-9.94629622e-01
-9.94307518e-01
-9.93976057e-01
-9.93635237e-01
-9.93285060e-01
-9.92925525e-01
-9.92556572e-01
-9.92178321e-01
-9.91790712e-01
-9.91393745e-01
-9.90987480e-01
-9.90571916e-01
-9.90146935e-01
-9.89712715e-01
-9.89269078e-01
-9.88816142e-01
-9.88353908e-01
-9.87882316e-01
-9.87401485e-01
-9.86911297e-01
-9.86411810e-01
-9.85903084e-01
-9.85385060e-01
-9.84857738e-01
-9.84321117e-01
-9.83775258e-01
-9.83220100e-01
-9.82655644e-01
-9.82082009e-01
-9.81499076e-01
-9.80906904e-01
-9.80305433e-01
-9.79694784e-01
-9.79074895e-01
-9.78445828e-01
-9.77807462e-01
-9.77159977e-01
-9.76503193e-01
-9.75837290e-01
-9.75162148e-01
-9.74477828e-01
-9.73784387e-01
-9.73081648e-01
-9.72369790e-01
-9.71648812e-01
-9.70918596e-01
-9.70179379e-01
-9.69430864e-01
-9.68673289e-01
-9.67906594e-01
-9.67130721e-01
-9.66345787e-01
-9.65551734e-01
-9.64748621e-01
-9.63936329e-01
-9.63115036e-01
-9.62284684e-01
-9.61445272e-01
-9.60596740e-01
-9.59739149e-01
-9.58872497e-01
-9.57996905e-01
-9.57112193e-01
-9.56218541e-01
-9.55315828e-01
-9.54404175e-01
-9.53483462e-01
-9.52553809e-01
-9.51615155e-01
-9.50667500e-01
-9.49710965e-01
-9.48745430e-01
-9.47771013e-01
-9.46787655e-01
-9.45795357e-01
-9.44794118e-01
-9.43783998e-01
-9.42764997e-01
-9.41737115e-01
-9.40700352e-01
-9.39654708e-01
-9.38600242e-01
-9.37536895e-01
-9.36464727e-01
-9.35383737e-01
-9.34293985e-01
-9.33195353e-01
-9.32087958e-01
-9.30971801e-01
-9.29846883e-01
-9.28713202e-01
-9.27570701e-01
-9.26419556e-01
-9.25259650e-01
-9.24091041e-01
-9.22913611e-01
-9.21727657e-01
-9.20532942e-01
-9.19329524e-01
-9.18117464e-01
-9.16896760e-01
-9.15667415e-01
-9.14429426e-01
-9.13182855e-01
-9.11927700e-01
-9.10663903e-01
-9.09391582e-01
-9.08110619e-01
-9.06821132e-01
-9.05523062e-01
-9.04216528e-01
-9.02901411e-01
-9.01577830e-01
-9.00245786e-01
-8.98905218e-01
-8.97556186e-01
-8.96198690e-01
-8.94832790e-01
-8.93458426e-01
-8.92075658e-01
-8.90684485e-01
-8.89284849e-01
-8.87876928e-01
-8.86460602e-01
-8.85035932e-01
-8.83602917e-01
-8.82161617e-01
-8.80712032e-01
-8.79254043e-01
-8.77787769e-01
-8.76313269e-01
-8.74830484e-01
-8.73339474e-01
-8.71840239e-01
-8.70332837e-01
-8.68817210e-01
-8.67293358e-01
-8.65761399e-01
-8.64221275e-01
-8.62673044e-01
-8.61116588e-01
-8.59552085e-01
-8.57979417e-01
-8.56398702e-01
-8.54809880e-01
-8.53213072e-01
-8.51608157e-01
-8.49995255e-01
-8.48374367e-01
-8.46745431e-01
-8.45108569e-01
-8.43463719e-01
-8.41810942e-01
-8.40150237e-01
-8.38481605e-01
-8.36805046e-01
-8.35120678e-01
-8.33428383e-01
-8.31728220e-01
-8.30020249e-01
-8.28304470e-01
-8.26580882e-01
-8.24849427e-01
-8.23110282e-01
-8.21363389e-01
-8.19608748e-01
-8.17846358e-01
-8.16076279e-01
-8.14298511e-01
-8.12513053e-01
-8.10719907e-01
-8.08919191e-01
-8.07110906e-01
-8.05294931e-01
-8.03471386e-01
-8.01640213e-01
-7.99801588e-01
-7.97955394e-01
-7.96101630e-01
-7.94240415e-01
-7.92371750e-01
-7.90495574e-01
-7.88611948e-01
-7.86720872e-01
-7.84822404e-01
-7.82916546e-01
-7.81003356e-01
-7.79082775e-01
-7.77154803e-01
-7.75219560e-01
-7.73277044e-01
-7.71327198e-01
-7.69370079e-01
-7.67405748e-01
-7.65434146e-01
-7.63455331e-01
-7.61469305e-01
-7.59476125e-01
-7.57475793e-01
-7.55468369e-01
-7.53453791e-01
-7.51432121e-01
-7.49403358e-01
-7.47367561e-01
-7.45324731e-01
-7.43274868e-01
-7.41217971e-01
-7.39154041e-01
-7.37083197e-01
-7.35005438e-01
-7.32920766e-01
-7.30829179e-01
-7.28730679e-01
-7.26625323e-01
-7.24513113e-01
-7.22394109e-01
-7.20268250e-01
-7.18135655e-01
-7.15996265e-01
-7.13850141e-01
-7.11697221e-01
-7.09537685e-01
-7.07371473e-01
-7.05198586e-01
-7.03018963e-01
-7.00832784e-01
-6.98639989e-01
-6.96440697e-01
-6.94234788e-01
-6.92022324e-01
-6.89803302e-01
-6.87577784e-01
-6.85345829e-01
-6.83107436e-01
-6.80862546e-01
-6.78611279e-01
-6.76353633e-01
-6.74089611e-01
-6.71819210e-01
-6.69542491e-01
-6.67259455e-01
-6.64970160e-01
-6.62674546e-01
-6.60372734e-01
-6.58064723e-01
-6.55750453e-01
-6.53430045e-01
-6.51103437e-01
-6.48770750e-01
-6.46431923e-01
-6.44087017e-01
-6.41736031e-01
-6.39379025e-01
-6.37015939e-01
-6.34646893e-01
-6.32271826e-01
-6.29890859e-01
-6.27503991e-01
-6.25111163e-01
-6.22712433e-01
-6.20307863e-01
-6.17897391e-01
-6.15481079e-01
-6.13058984e-01
-6.10631168e-01
-6.08197570e-01
-6.05758190e-01
-6.03313148e-01
-6.00862443e-01
-5.98406136e-01
-5.95944107e-01
-5.93476534e-01
-5.91003299e-01
-5.88524520e-01
-5.86040199e-01
-5.83550334e-01
-5.81054986e-01
-5.78554213e-01
-5.76047897e-01
-5.73536217e-01
-5.71019113e-01
-5.68496585e-01
-5.65968752e-01
-5.63435614e-01
-5.60897112e-01
-5.58353305e-01
-5.55804312e-01
-5.53250015e-01
-5.50690591e-01
-5.48125923e-01
-5.45556068e-01
-5.42981148e-01
-5.40401042e-01
-5.37815869e-01
-5.35225630e-01
-5.32630324e-01
-5.30030012e-01
-5.27424693e-01
-5.24814427e-01
-5.22199273e-01
-5.19579113e-01
-5.16954124e-01
-5.14324188e-01
-5.11689484e-01
-5.09049892e-01
-5.06405532e-01
-5.03756404e-01
-5.01102567e-01
-4.98443961e-01
-4.95780647e-01
-4.93112713e-01
-4.90440100e-01
-4.87762868e-01
-4.85081047e-01
-4.82394636e-01
-4.79703695e-01
-4.77008224e-01
-4.74308282e-01
-4.71603841e-01
-4.68894988e-01
-4.66181695e-01
-4.63464022e-01
-4.60741997e-01
-4.58015591e-01
-4.55284923e-01
-4.52549905e-01
-4.49810654e-01
-4.47067171e-01
-4.44319457e-01
-4.41567540e-01
-4.38811511e-01
-4.36051339e-01
-4.33287024e-01
-4.30518657e-01
-4.27746236e-01
-4.24969792e-01
-4.22189325e-01
-4.19404864e-01
-4.16616470e-01
-4.13824171e-01
-4.11027968e-01
-4.08227861e-01
-4.05423939e-01
-4.02616173e-01
-3.99804622e-01
-3.96989286e-01
-3.94170254e-01
-3.91347468e-01
-3.88521016e-01
-3.85690898e-01
-3.82857144e-01
-3.80019754e-01
-3.77178818e-01
-3.74334335e-01
-3.71486336e-01
-3.68634790e-01
-3.65779817e-01
-3.62921387e-01
-3.60059530e-01
-3.57194275e-01
-3.54325652e-01
-3.51453692e-01
-3.48578453e-01
-3.45699877e-01
-3.42818081e-01
-3.39933068e-01
-3.37044805e-01
-3.34153414e-01
-3.31258833e-01
-3.28361154e-01
-3.25460345e-01
-3.22556525e-01
-3.19649637e-01
-3.16739738e-01
-3.13826829e-01
-3.10911000e-01
-3.07992250e-01
-3.05070579e-01
-3.02146047e-01
-2.99218655e-01
-2.96288460e-01
-2.93355435e-01
-2.90419698e-01
-2.87481189e-01
-2.84540027e-01
-2.81596124e-01
-2.78649569e-01
-2.75700390e-01
-2.72748649e-01
-2.69794315e-01
-2.66837418e-01
-2.63878018e-01
-2.60916173e-01
-2.57951826e-01
-2.54985064e-01
-2.52015889e-01
-2.49044344e-01
-2.46070474e-01
-2.43094265e-01
-2.40115762e-01
-2.37135008e-01
-2.34152019e-01
-2.31166825e-01
-2.28179440e-01
-2.25189909e-01
-2.22198278e-01
-2.19204545e-01
-2.16208726e-01
-2.13210881e-01
-2.10211024e-01
-2.07209200e-01
-2.04205424e-01
-2.01199710e-01
-1.98192090e-01
-1.95182636e-01
-1.92171320e-01
-1.89158216e-01
-1.86143309e-01
-1.83126643e-01
-1.80108249e-01
-1.77088171e-01
-1.74066424e-01
-1.71043053e-01
-1.68018043e-01
-1.64991453e-01
-1.61963314e-01
-1.58933654e-01
-1.55902490e-01
-1.52869865e-01
-1.49835795e-01
-1.46800324e-01
-1.43763453e-01
-1.40725240e-01
-1.37685701e-01
-1.34644851e-01
-1.31602749e-01
-1.28559396e-01
-1.25514820e-01
-1.22469082e-01
-1.19422190e-01
-1.16374172e-01
-1.13325052e-01
-1.10274866e-01
-1.07223637e-01
-1.04171395e-01
-1.01118177e-01
-9.80640054e-02
-9.50089097e-02
-9.19529200e-02
-8.88960660e-02
-8.58383775e-02
-8.27798769e-02
-7.97205940e-02
-7.66605586e-02
-7.35998079e-02
-7.05383569e-02
-6.74762502e-02
-6.44135028e-02
-6.13501407e-02
-5.82862087e-02
-5.52217253e-02
-5.21567203e-02
-4.90912274e-02
-4.60252687e-02
-4.29588780e-02
-3.98920812e-02
-3.68249118e-02
-3.37573923e-02
-3.06895562e-02
-2.76214313e-02
-2.45530456e-02
-2.14844290e-02
-1.84155721e-02
-1.53474174e-02
-1.22711649e-02
-9.20529012e-03
-6.25540409e-03
-3.67570366e-03
-1.59712275e-03
5.96046448e-08
3.06951511e-03
