-3.06945550e-03
-0.00000000e+00
1.49821164e-03
3.05188238e-03
4.56534373e-03
6.09024800e-03
7.61141675e-03
9.13367141e-03
1.06554767e-02
1.21772969e-02
1.36989672e-02
1.52205219e-02
1.67419314e-02
1.82631873e-02
1.97842699e-02
2.13051699e-02
2.28258688e-02
2.43463572e-02
2.58666165e-02
2.73866337e-02
2.89063957e-02
3.04258876e-02
3.19450945e-02
3.34640071e-02
3.49826068e-02
3.65008786e-02
3.80188078e-02
3.95363830e-02
4.10535857e-02
4.25704084e-02
4.40868288e-02
4.56028394e-02
4.71184216e-02
4.86335643e-02
5.01482449e-02
5.16624600e-02
5.31761870e-02
5.46894185e-02
5.62021397e-02
5.77143319e-02
5.92259839e-02
6.07370771e-02
6.22476041e-02
6.37575462e-02
6.52668998e-02
6.67756349e-02
6.82837442e-02
6.97912127e-02
7.12980330e-02
7.28041753e-02
7.43096471e-02
7.58144110e-02
7.73184672e-02
7.88217932e-02
8.03243816e-02
8.18262175e-02
8.33272859e-02
8.48275647e-02
8.63270536e-02
8.78257304e-02
8.93235877e-02
9.08206031e-02
9.23167616e-02
9.38120708e-02
9.53064859e-02
9.68000218e-02
9.82926413e-02
9.97843444e-02
1.01275101e-01
1.02764912e-01
1.04253754e-01
1.05741613e-01
1.07228488e-01
1.08714357e-01
1.10199206e-01
1.11683019e-01
1.13165788e-01
1.14647493e-01
1.16128124e-01
1.17607668e-01
1.19086109e-01
1.20563433e-01
1.22039616e-01
1.23514667e-01
1.24988548e-01
1.26461267e-01
1.27932802e-01
1.29403144e-01
1.30872250e-01
1.32340148e-01
1.33806795e-01
1.35272205e-01
1.36736318e-01
1.38199165e-01
1.39660701e-01
1.41120940e-01
1.42579854e-01
1.44037426e-01
1.45493641e-01
1.46948487e-01
1.48401961e-01
1.49854034e-01
1.51304722e-01
1.52753979e-01
1.54201806e-01
1.55648172e-01
1.57093093e-01
1.58536524e-01
1.59978479e-01
1.61418930e-01
1.62857860e-01
1.64295271e-01
1.65731132e-01
1.67165443e-01
1.68598175e-01
1.70029342e-01
1.71458900e-01
1.72886863e-01
1.74313203e-01
1.75737888e-01
1.77160919e-01
1.78582296e-01
1.80002004e-01
1.81420028e-01
1.82836339e-01
1.84250921e-01
1.85663790e-01
1.87074915e-01
1.88484281e-01
1.89891875e-01
1.91297695e-01
1.92701727e-01
1.94103926e-01
1.95504323e-01
1.96902871e-01
1.98299572e-01
1.99694425e-01
2.01087385e-01
2.02478454e-01
2.03867644e-01
2.05254927e-01
2.06640273e-01
2.08023682e-01
2.09405124e-01
2.10784614e-01
2.12162122e-01
2.13537633e-01
2.14911133e-01
2.16282621e-01
2.17652068e-01
2.19019488e-01
2.20384836e-01
2.21748129e-01
2.23109335e-01
2.24468440e-01
2.25825444e-01
2.27180332e-01
2.28533074e-01
2.29883686e-01
2.31232136e-01
2.32578412e-01
2.33922511e-01
2.35264406e-01
2.36604095e-01
2.37941563e-01
2.39276811e-01
2.40609795e-01
2.41940528e-01
2.43268982e-01
2.44595155e-01
2.45919034e-01
2.47240603e-01
2.48559833e-01
2.49876752e-01
2.51191318e-01
2.52503544e-01
2.53813386e-01
2.55120873e-01
2.56425977e-01
2.57728666e-01
2.59028912e-01
2.60326713e-01
2.61622071e-01
2.62914985e-01
2.64205456e-01
2.65493423e-01
2.66778886e-01
2.68061876e-01
2.69342363e-01
2.70620316e-01
2.71895707e-01
2.73168534e-01
2.74438769e-01
2.75706500e-01
2.76971608e-01
2.78234124e-01
2.79494017e-01
2.80751288e-01
2.82005906e-01
2.83257902e-01
2.84507215e-01
2.85753876e-01
2.86997825e-01
2.88239062e-01
2.89477617e-01
2.90713489e-01
2.91946590e-01
2.93176949e-01
2.94404596e-01
2.95629472e-01
2.96851546e-01
2.98070818e-01
2.99287289e-01
3.00500959e-01
3.01711857e-01
3.02919894e-01
3.04125100e-01
3.05327415e-01
3.06526929e-01
3.07723552e-01
3.08917314e-01
3.10108125e-01
3.11296016e-01
3.12480986e-01
3.13663006e-01
3.14842075e-01
3.16018194e-01
3.17191362e-01
3.18361551e-01
3.19528759e-01
3.20692986e-01
3.21854174e-01
3.23012322e-01
3.24167460e-01
3.25319529e-01
3.26468557e-01
3.27614546e-01
3.28757405e-01
3.29897195e-01
3.31033915e-01
3.32167536e-01
3.33298028e-01
3.34425390e-01
3.35549593e-01
3.36670607e-01
3.37788492e-01
3.38903189e-01
3.40014696e-01
3.41123015e-01
3.42228144e-01
3.43330026e-01
3.44428748e-01
3.45524251e-01
3.46616477e-01
3.47705424e-01
3.48791093e-01
3.49873513e-01
3.50952595e-01
3.52028430e-01
3.53100926e-01
3.54170114e-01
3.55235964e-01
3.56298506e-01
3.57357740e-01
3.58413637e-01
3.59466136e-01
3.60515267e-01
3.61561000e-01
3.62603307e-01
3.63642246e-01
3.64677727e-01
3.65709782e-01
3.66738439e-01
3.67763638e-01
3.68785381e-01
3.69803697e-01
3.70818496e-01
3.71829838e-01
3.72837722e-01
3.73842061e-01
3.74842882e-01
3.75840157e-01
3.76833946e-01
3.77824157e-01
3.78810853e-01
3.79793972e-01
3.80773515e-01
3.81749511e-01
3.82721901e-01
3.83690715e-01
3.84655952e-01
3.85617554e-01
3.86575550e-01
3.87529880e-01
3.88480544e-01
3.89427602e-01
3.90370995e-01
3.91310751e-01
3.92246783e-01
3.93179148e-01
3.94107819e-01
3.95032793e-01
3.95954072e-01
3.96871656e-01
3.97785485e-01
3.98695588e-01
3.99601936e-01
4.00504529e-01
4.01403338e-01
4.02298421e-01
4.03189689e-01
4.04077232e-01
4.04960930e-01
4.05840844e-01
4.06716973e-01
4.07589287e-01
4.08457816e-01
4.09322500e-01
4.10183340e-01
4.11040366e-01
4.11893487e-01
4.12742704e-01
4.13588017e-01
4.14429486e-01
4.15267020e-01
4.16100651e-01
4.16930377e-01
4.17756170e-01
4.18578058e-01
4.19396013e-01
4.20210004e-01
4.21020091e-01
4.21826184e-01
4.22628313e-01
4.23426449e-01
4.24220651e-01
4.25010860e-01
4.25797075e-01
4.26579326e-01
4.27357525e-01
4.28131700e-01
4.28901881e-01
4.29668039e-01
4.30430144e-01
4.31188226e-01
4.31942225e-01
4.32692200e-01
4.33438092e-01
4.34179902e-01
4.34917629e-01
4.35651302e-01
4.36380863e-01
4.37106341e-01
4.37827706e-01
4.38544959e-01
4.39258069e-01
4.39967096e-01
4.40671951e-01
4.41372663e-01
4.42069232e-01
4.42761689e-01
4.43449944e-01
4.44134057e-01
4.44813967e-01
4.45489734e-01
4.46161300e-01
4.46828693e-01
4.47491884e-01
4.48150843e-01
4.48805600e-01
4.49456155e-01
4.50102478e-01
4.50744569e-01
4.51382399e-01
4.52016026e-01
4.52645332e-01
4.53270465e-01
4.53891307e-01
4.54507887e-01
4.55120206e-01
4.55728233e-01
4.56331998e-01
4.56931472e-01
4.57526654e-01
4.58117515e-01
4.58704084e-01
4.59286362e-01
4.59864318e-01
4.60437953e-01
4.61007267e-01
4.61572230e-01
4.62132871e-01
4.62689131e-01
4.63241071e-01
4.63788658e-01
4.64331836e-01
4.64870661e-01
4.65405136e-01
4.65935171e-01
4.66460854e-01
4.66982156e-01
4.67499077e-01
4.68011588e-01
4.68519717e-01
4.69023436e-01
4.69522744e-01
4.70017642e-01
4.70508128e-01
4.70994204e-01
4.71475840e-01
4.71953064e-01
4.72425818e-01
4.72894162e-01
4.73358035e-01
4.73817497e-01
4.74272490e-01
4.74723011e-01
4.75169063e-01
4.75610644e-01
4.76047754e-01
4.76480424e-01
4.76908624e-01
4.77332383e-01
4.77751583e-01
4.78166312e-01
4.78576541e-01
4.78982210e-01
4.79383409e-01
4.79780138e-01
4.80172306e-01
4.80559975e-01
4.80943084e-01
4.81321692e-01
4.81695741e-01
4.82065290e-01
4.82430339e-01
4.82790798e-01
4.83146757e-01
4.83498186e-01
4.83845025e-01
4.84187335e-01
4.84525055e-01
4.84858245e-01
4.85186875e-01
4.85510916e-01
4.85830396e-01
4.86145288e-01
4.86455649e-01
4.86761391e-01
4.87062544e-01
4.87359136e-01
4.87651139e-01
4.87938493e-01
4.88221318e-01
4.88499552e-01
4.88773167e-01
4.89042193e-01
4.89306629e-01
4.89566475e-01
4.89821732e-01
4.90072370e-01
4.90318447e-01
4.90559876e-01
4.90796685e-01
4.91028845e-01
4.91256386e-01
4.91479278e-01
4.91697609e-01
4.91911262e-01
4.92120296e-01
4.92324740e-01
4.92524505e-01
4.92719650e-01
4.92910177e-01
4.93096054e-01
4.93277282e-01
4.93453860e-01
4.93625820e-01
4.93793100e-01
4.93955731e-01
4.94113743e-01
4.94267076e-01
4.94415760e-01
4.94559795e-01
4.94699150e-01
4.94833887e-01
4.94963974e-01
4.95089382e-01
4.95210111e-01
4.95326251e-01
4.95437652e-01
4.95544434e-01
4.95646566e-01
4.95744020e-01
4.95836824e-01
4.95924979e-01
4.96008486e-01
4.96087313e-01
4.96161431e-01
4.96230900e-01
4.96295661e-01
4.96355802e-01
4.96411264e-01
4.96462047e-01
4.96508151e-01
4.96549577e-01
4.96586353e-01
4.96618479e-01
4.96645898e-01
4.96668637e-01
4.96686697e-01
4.96700078e-01
4.96708781e-01
4.96712834e-01
4.96712208e-01
4.96706903e-01
4.96696919e-01
4.96682286e-01
4.96662945e-01
4.96638954e-01
4.96610284e-01
4.96576935e-01
4.96538937e-01
4.96496260e-01
4.96448904e-01
4.96396899e-01
4.96340185e-01
4.96278793e-01
4.96212721e-01
4.96142000e-01
4.96066630e-01
4.95986551e-01
4.95901823e-01
4.95812416e-01
4.95718360e-01
4.95619655e-01
4.95516270e-01
4.95408237e-01
4.95295525e-01
4.95178163e-01
4.95056152e-01
4.94929463e-01
4.94798154e-01
4.94662166e-01
4.94521499e-01
4.94376183e-01
4.94226247e-01
4.94071633e-01
4.93912369e-01
4.93748486e-01
4.93579924e-01
4.93406743e-01
4.93228883e-01
4.93046403e-01
4.92859244e-01
4.92667496e-01
4.92471069e-01
4.92270023e-01
4.92064357e-01
4.91854012e-01
4.91639078e-01
4.91419494e-01
4.91195291e-01
4.90966499e-01
4.90733027e-01
4.90494996e-01
4.90252286e-01
4.90004987e-01
4.89753038e-01
4.89496499e-01
4.89235371e-01
4.88969654e-01
4.88699347e-01
4.88424420e-01
4.88144934e-01
4.87860799e-01
4.87572074e-01
4.87278789e-01
4.86980885e-01
4.86678421e-01
4.86371368e-01
4.86059755e-01
4.85743552e-01
4.85422790e-01
4.85097438e-01
4.84767526e-01
4.84433055e-01
4.84093994e-01
4.83750373e-01
4.83402222e-01
4.83049512e-01
4.82692242e-01
4.82330441e-01
4.81964141e-01
4.81593281e-01
4.81217861e-01
4.80837941e-01
4.80453491e-01
4.80064541e-01
4.79671061e-01
4.79273051e-01
4.78870541e-01
4.78463501e-01
4.78051990e-01
4.77635950e-01
4.77215439e-01
4.76790398e-01
4.76360857e-01
4.75926816e-01
4.75488305e-01
4.75045323e-01
4.74597901e-01
4.74145979e-01
4.73689646e-01
4.73228872e-01
4.72763658e-01
4.72293973e-01
4.71819848e-01
4.71341282e-01
4.70858246e-01
4.70370829e-01
4.69878972e-01
4.69382703e-01
4.68882024e-01
4.68376905e-01
4.67867434e-01
4.67353523e-01
4.66835231e-01
4.66312557e-01
4.65785503e-01
4.65254068e-01
4.64718223e-01
4.64178056e-01
4.63633448e-01
4.63084489e-01
4.62531209e-01
4.61973548e-01
4.61411536e-01
4.60845172e-01
4.60274458e-01
4.59699392e-01
4.59120035e-01
4.58536357e-01
4.57948357e-01
4.57356095e-01
4.56759542e-01
4.56158698e-01
4.55553502e-01
4.54944074e-01
4.54330355e-01
4.53712374e-01
4.53090131e-01
4.52463597e-01
4.51832831e-01
4.51197833e-01
4.50558573e-01
4.49915051e-01
4.49267328e-01
4.48615372e-01
4.47959185e-01
4.47298795e-01
4.46634173e-01
4.45965350e-01
4.45292354e-01
4.44615155e-01
4.43933785e-01
4.43248242e-01
4.42558497e-01
4.41864610e-01
4.41166610e-01
4.40464437e-01
4.39758122e-01
4.39047664e-01
4.38333064e-01
4.37614381e-01
4.36891556e-01
4.36164647e-01
4.35433596e-01
4.34698462e-01
4.33959246e-01
4.33215946e-01
4.32468563e-01
4.31717157e-01
4.30961639e-01
4.30202127e-01
4.29438531e-01
4.28670913e-01
4.27899241e-01
4.27123576e-01
4.26343858e-01
4.25560176e-01
4.24772471e-01
4.23980772e-01
4.23185080e-01
4.22385424e-01
4.21581775e-01
4.20774192e-01
4.19962615e-01
4.19147134e-01
4.18327689e-01
4.17504340e-01
4.16677058e-01
4.15845871e-01
4.15010750e-01
4.14171755e-01
4.13328797e-01
4.12481934e-01
4.11631197e-01
4.10776556e-01
4.09918040e-01
4.09055620e-01
4.08189356e-01
4.07319307e-01
4.06445473e-01
4.05567765e-01
4.04686332e-01
4.03801054e-01
4.02912021e-01
4.02019203e-01
4.01122600e-01
4.00222242e-01
3.99318129e-01
3.98410231e-01
3.97498608e-01
3.96583200e-01
3.95664066e-01
3.94741237e-01
3.93814683e-01
3.92884463e-01
3.91950548e-01
3.91012937e-01
3.90071630e-01
3.89126688e-01
3.88178080e-01
3.87225807e-01
3.86269867e-01
3.85310322e-01
3.84347141e-01
3.83380353e-01
3.82409930e-01
3.81435931e-01
3.80458385e-01
3.79477233e-01
3.78492534e-01
3.77504259e-01
3.76512408e-01
3.75517040e-01
3.74518156e-01
3.73515725e-01
3.72509778e-01
3.71500343e-01
3.70487392e-01
3.69470954e-01
3.68451059e-01
3.67427707e-01
3.66400898e-01
3.65370661e-01
3.64336997e-01
3.63299906e-01
3.62259418e-01
3.61215472e-01
3.60168159e-01
3.59117448e-01
3.58063340e-01
3.57005835e-01
3.55944991e-01
3.54880840e-01
3.53813320e-01
3.52742493e-01
3.51668328e-01
3.50590885e-01
3.49510133e-01
3.48426133e-01
3.47338825e-01
3.46248239e-01
3.45154375e-01
3.44057262e-01
3.42956930e-01
3.41853380e-01
3.40746641e-01
3.39636683e-01
3.38523507e-01
3.37407172e-01
3.36287677e-01
3.35164994e-01
3.34039181e-01
3.32910180e-01
3.31778049e-01
3.30642790e-01
3.29504430e-01
3.28363001e-01
3.27218503e-01
3.26070905e-01
3.24920207e-01
3.23766470e-01
3.22609693e-01
3.21449876e-01
3.20287019e-01
3.19121152e-01
3.17952275e-01
3.16780448e-01
3.15605640e-01
3.14427853e-01
3.13247144e-01
3.12063456e-01
3.10876876e-01
3.09687316e-01
3.08494836e-01
3.07299405e-01
3.06101084e-01
3.04899901e-01
3.03695887e-01
3.02489042e-01
3.01279366e-01
3.00066859e-01
2.98851490e-01
2.97633350e-01
2.96412408e-01
2.95188665e-01
2.93962121e-01
2.92732835e-01
2.91500807e-01
2.90266007e-01
2.89028496e-01
2.87788272e-01
2.86545336e-01
2.85299718e-01
2.84051418e-01
2.82800436e-01
2.81546772e-01
2.80290455e-01
2.79031515e-01
2.77769953e-01
2.76505768e-01
2.75238991e-01
2.73969620e-01
2.72697717e-01
2.71423191e-01
2.70146132e-01
2.68866539e-01
2.67584383e-01
2.66299725e-01
2.65012562e-01
2.63722926e-01
2.62430817e-01
2.61136234e-01
2.59839207e-01
2.58539706e-01
2.57237792e-01
2.55933404e-01
2.54626602e-01
2.53317416e-01
2.52005905e-01
2.50692010e-01
2.49375775e-01
2.48057172e-01
2.46736258e-01
2.45413005e-01
2.44087443e-01
2.42759585e-01
2.41429448e-01
2.40097046e-01
2.38762364e-01
2.37425447e-01
2.36086279e-01
2.34744936e-01
2.33401358e-01
2.32055590e-01
2.30707631e-01
2.29357496e-01
2.28005216e-01
2.26650789e-01
2.25294217e-01
2.23935530e-01
2.22574741e-01
2.21211851e-01
2.19846904e-01
2.18479872e-01
2.17110783e-01
2.15739667e-01
2.14366511e-01
2.12991357e-01
2.11614177e-01
2.10235000e-01
2.08853856e-01
2.07470760e-01
2.06085697e-01
2.04698697e-01
2.03309759e-01
2.01918930e-01
2.00526193e-01
1.99131578e-01
1.97735086e-01
1.96336746e-01
1.94936559e-01
1.93534523e-01
1.92130685e-01
1.90725029e-01
1.89317584e-01
1.87908351e-01
1.86497346e-01
1.85084596e-01
1.83670089e-01
1.82253867e-01
1.80835932e-01
1.79416299e-01
1.77994967e-01
1.76571965e-01
1.75147295e-01
1.73721001e-01
1.72293052e-01
1.70863479e-01
1.69432312e-01
1.67999551e-01
1.66565195e-01
1.65129259e-01
1.63691789e-01
1.62252769e-01
1.60812229e-01
1.59370184e-01
1.57926634e-01
1.56481609e-01
1.55035093e-01
1.53587133e-01
1.52137741e-01
1.50686905e-01
1.49234638e-01
1.47780985e-01
1.46325931e-01
1.44869506e-01
1.43411726e-01
1.41952589e-01
1.40492111e-01
1.39030322e-01
1.37567222e-01
1.36102825e-01
1.34637162e-01
1.33170217e-01
1.31702021e-01
1.30232602e-01
1.28761947e-01
1.27290070e-01
1.25817001e-01
1.24342754e-01
1.22867338e-01
1.21390760e-01
1.19913049e-01
1.18434206e-01
1.16954245e-01
1.15473181e-01
1.13991037e-01
1.12507813e-01
1.11023538e-01
1.09538220e-01
1.08051874e-01
1.06564499e-01
1.05076127e-01
1.03586771e-01
1.02096438e-01
1.00605153e-01
9.91129130e-02
9.76197422e-02
9.61256549e-02
9.46306661e-02
9.31347758e-02
9.16380212e-02
9.01403949e-02
8.86419266e-02
8.71426240e-02
8.56424943e-02
8.41415673e-02
8.26398432e-02
8.11373517e-02
7.96340927e-02
7.81300887e-02
7.66253471e-02
7.51198828e-02
7.36137107e-02
7.21068531e-02
7.05993101e-02
6.90910965e-02
6.75822422e-02
6.60727471e-02
6.45626336e-02
6.30519018e-02
6.15405850e-02
6.00286871e-02
5.85162230e-02
5.70032075e-02
5.54896593e-02
5.39755933e-02
5.24610206e-02
5.09459488e-02
4.94304039e-02
4.79143932e-02
4.63979319e-02
4.48810309e-02
4.33637090e-02
4.18459773e-02
4.03278507e-02
3.88093442e-02
3.72904725e-02
3.57712507e-02
3.42516899e-02
3.27318087e-02
3.12116221e-02
2.96911411e-02
2.81703807e-02
2.66493540e-02
2.51280759e-02
2.36065630e-02
2.20848266e-02
2.05628835e-02
1.90407485e-02
1.75184347e-02
1.59959570e-02
1.44733274e-02
1.29505629e-02
1.14276754e-02
9.90468170e-03
8.38159397e-03
6.85842801e-03
5.33519685e-03
3.81191634e-03
2.28859973e-03
7.65262113e-04
-7.58082606e-04
-2.28142017e-03
-3.80473607e-03
-5.32801636e-03
-6.85124611e-03
-8.37441161e-03
-9.89749841e-03
-1.14204921e-02
-1.29433786e-02
-1.44661441e-02
-1.59887727e-02
-1.75112505e-02
-1.90335643e-02
-2.05556992e-02
-2.20776424e-02
-2.35993750e-02
-2.51208879e-02
-2.66421624e-02
-2.81631872e-02
-2.96839457e-02
-3.12044267e-02
-3.27246152e-02
-3.42444927e-02
-3.57640497e-02
-3.72832678e-02
-3.88021395e-02
-4.03206460e-02
-4.18387726e-02
-4.33565043e-02
-4.48738262e-02
-4.63907234e-02
-4.79071811e-02
-4.94231880e-02
-5.09387292e-02
-5.24537973e-02
-5.39683662e-02
-5.54824285e-02
-5.69959730e-02
-5.85089773e-02
-6.00214340e-02
-6.15333281e-02
-6.30446374e-02
-6.45553619e-02
-6.60654679e-02
-6.75749630e-02
-6.90838248e-02
-7.05920309e-02
-7.20995739e-02
-7.36064389e-02
-7.51126036e-02
-7.66180605e-02
-7.81227946e-02
-7.96268061e-02
-8.11300576e-02
-8.26325491e-02
-8.41342658e-02
-8.56351927e-02
-8.71353149e-02
-8.86346102e-02
-9.01330784e-02
-9.16306973e-02
-9.31274444e-02
-9.46233273e-02
-9.61183161e-02
-9.76123959e-02
-9.91055667e-02
-1.00597799e-01
-1.02089085e-01
-1.03579409e-01
-1.05068758e-01
-1.06557123e-01
-1.08044483e-01
-1.09530829e-01
-1.11016147e-01
-1.12500414e-01
-1.13983624e-01
-1.15465768e-01
-1.16946824e-01
-1.18426785e-01
-1.19905628e-01
-1.21383332e-01
-1.22859903e-01
-1.24335311e-01
-1.25809550e-01
-1.27282619e-01
-1.28754497e-01
-1.30225167e-01
-1.31694600e-01
-1.33162796e-01
-1.34629726e-01
-1.36095405e-01
-1.37559786e-01
-1.39022887e-01
-1.40484676e-01
-1.41945139e-01
-1.43404260e-01
-1.44862041e-01
-1.46318465e-01
-1.47773504e-01
-1.49227157e-01
-1.50679395e-01
-1.52130231e-01
-1.53579652e-01
-1.55027613e-01
-1.56474099e-01
-1.57919139e-01
-1.59362674e-01
-1.60804719e-01
-1.62245244e-01
-1.63684249e-01
-1.65121719e-01
-1.66557640e-01
-1.67991981e-01
-1.69424742e-01
-1.70855924e-01
-1.72285482e-01
-1.73713431e-01
-1.75139740e-01
-1.76564395e-01
-1.77987397e-01
-1.79408729e-01
-1.80828363e-01
-1.82246298e-01
-1.83662534e-01
-1.85077026e-01
-1.86489791e-01
-1.87900782e-01
-1.89310029e-01
-1.90717489e-01
-1.92123145e-01
-1.93526998e-01
-1.94929004e-01
-1.96329206e-01
-1.97727546e-01
-1.99124038e-01
-2.00518653e-01
-2.01911375e-01
-2.03302205e-01
-2.04691142e-01
-2.06078142e-01
-2.07463190e-01
-2.08846286e-01
-2.10227415e-01
-2.11606577e-01
-2.12983742e-01
-2.14358911e-01
-2.15732053e-01
-2.17103183e-01
-2.18472257e-01
-2.19839275e-01
-2.21204236e-01
-2.22567111e-01
-2.23927885e-01
-2.25286558e-01
-2.26643100e-01
-2.27997527e-01
-2.29349807e-01
-2.30699912e-01
-2.32047871e-01
-2.33393639e-01
-2.34737217e-01
-2.36078575e-01
-2.37417728e-01
-2.38754645e-01
-2.40089297e-01
-2.41421714e-01
-2.42751837e-01
-2.44079679e-01
-2.45405242e-01
-2.46728480e-01
-2.48049393e-01
-2.49367967e-01
-2.50684202e-01
-2.51998067e-01
-2.53309608e-01
-2.54618794e-01
-2.55925596e-01
-2.57229954e-01
-2.58531898e-01
-2.59831369e-01
-2.61128426e-01
-2.62423009e-01
-2.63715148e-01
-2.65004784e-01
-2.66291946e-01
-2.67576575e-01
-2.68858731e-01
-2.70138353e-01
-2.71415442e-01
-2.72689968e-01
-2.73961902e-01
-2.75231272e-01
-2.76498049e-01
-2.77762234e-01
-2.79023826e-01
-2.80282766e-01
-2.81539112e-01
-2.82792777e-01
-2.84043759e-01
-2.85292089e-01
-2.86537737e-01
-2.87780672e-01
-2.89020896e-01
-2.90258408e-01
-2.91493207e-01
-2.92725235e-01
-2.93954521e-01
-2.95181066e-01
-2.96404839e-01
-2.97625780e-01
-2.98843950e-01
-3.00059319e-01
-3.01271856e-01
-3.02481532e-01
-3.03688407e-01
-3.04892421e-01
-3.06093603e-01
-3.07291925e-01
-3.08487326e-01
-3.09679776e-01
-3.10869336e-01
-3.12055975e-01
-3.13239664e-01
-3.14420402e-01
-3.15598190e-01
-3.16772997e-01
-3.17944854e-01
-3.19113702e-01
-3.20279598e-01
-3.21442455e-01
-3.22602272e-01
-3.23759049e-01
-3.24912757e-01
-3.26063424e-01
-3.27211052e-01
-3.28355581e-01
-3.29497010e-01
-3.30635369e-01
-3.31770599e-01
-3.32902730e-01
-3.34031731e-01
-3.35157573e-01
-3.36280227e-01
-3.37399751e-01
-3.38516116e-01
-3.39629263e-01
-3.40739250e-01
-3.41845989e-01
-3.42949569e-01
-3.44049901e-01
-3.45147014e-01
-3.46240878e-01
-3.47331464e-01
-3.48418802e-01
-3.49502832e-01
-3.50583613e-01
-3.51661056e-01
-3.52735192e-01
-3.53806019e-01
-3.54873508e-01
-3.55937660e-01
-3.56998503e-01
-3.58056009e-01
-3.59110147e-01
-3.60160857e-01
-3.61208200e-01
-3.62252146e-01
-3.63292664e-01
-3.64329755e-01
-3.65363449e-01
-3.66393715e-01
-3.67420524e-01
-3.68443877e-01
-3.69463772e-01
-3.70480210e-01
-3.71493161e-01
-3.72502625e-01
-3.73508602e-01
-3.74511033e-01
-3.75509948e-01
-3.76505315e-01
-3.77497166e-01
-3.78485411e-01
-3.79470140e-01
-3.80451292e-01
-3.81428868e-01
-3.82402867e-01
-3.83373260e-01
-3.84340048e-01
-3.85303229e-01
-3.86262774e-01
-3.87218684e-01
-3.88170958e-01
-3.89119565e-01
-3.90064538e-01
-3.91005844e-01
-3.91943455e-01
-3.92877400e-01
-3.93807650e-01
-3.94734204e-01
-3.95657033e-01
-3.96576166e-01
-3.97491574e-01
-3.98403227e-01
-3.99311095e-01
-4.00215238e-01
-4.01115596e-01
-4.02012229e-01
-4.02905047e-01
-4.03794140e-01
-4.04679388e-01
-4.05560881e-01
-4.06438529e-01
-4.07312423e-01
-4.08182502e-01
-4.09048766e-01
-4.09911186e-01
-4.10769701e-01
-4.11624342e-01
-4.12475049e-01
-4.13321912e-01
-4.14164871e-01
-4.15003926e-01
-4.15839046e-01
-4.16670263e-01
-4.17497575e-01
-4.18320954e-01
-4.19140399e-01
-4.19955909e-01
-4.20767486e-01
-4.21575099e-01
-4.22378749e-01
-4.23178434e-01
-4.23974156e-01
-4.24765855e-01
-4.25553560e-01
-4.26337272e-01
-4.27116960e-01
-4.27892655e-01
-4.28664297e-01
-4.29431945e-01
-4.30195540e-01
-4.30955082e-01
-4.31710541e-01
-4.32462007e-01
-4.33209360e-01
-4.33952659e-01
-4.34691906e-01
-4.35427040e-01
-4.36158091e-01
-4.36885029e-01
-4.37607855e-01
-4.38326597e-01
-4.39041167e-01
-4.39751625e-01
-4.40457940e-01
-4.41160172e-01
-4.41858202e-01
-4.42552090e-01
-4.43241805e-01
-4.43927377e-01
-4.44608748e-01
-4.45285946e-01
-4.45958942e-01
-4.46627766e-01
-4.47292387e-01
-4.47952807e-01
-4.48609024e-01
-4.49261039e-01
-4.49908823e-01
-4.50552374e-01
-4.51191664e-01
-4.51826692e-01
-4.52457488e-01
-4.53083992e-01
-4.53706264e-01
-4.54324275e-01
-4.54937994e-01
-4.55547452e-01
-4.56152618e-01
-4.56753522e-01
-4.57350105e-01
-4.57942426e-01
-4.58530396e-01
-4.59114075e-01
-4.59693432e-01
-4.60268497e-01
-4.60839212e-01
-4.61405575e-01
-4.61967587e-01
-4.62525278e-01
-4.63078588e-01
-4.63627517e-01
-4.64172125e-01
-4.64712322e-01
-4.65248138e-01
-4.65779632e-01
-4.66306716e-01
-4.66829419e-01
-4.67347711e-01
-4.67861652e-01
-4.68371153e-01
-4.68876272e-01
-4.69376951e-01
-4.69873220e-01
-4.70365107e-01
-4.70852554e-01
-4.71335560e-01
-4.71814126e-01
-4.72288281e-01
-4.72757965e-01
-4.73223239e-01
-4.73684072e-01
-4.74140435e-01
-4.74592328e-01
-4.75039750e-01
-4.75482732e-01
-4.75921214e-01
-4.76355255e-01
-4.76784825e-01
-4.77209866e-01
-4.77630466e-01
-4.78046536e-01
-4.78458107e-01
-4.78865176e-01
-4.79267716e-01
-4.79665756e-01
-4.80059266e-01
-4.80448246e-01
-4.80832726e-01
-4.81212676e-01
-4.81588095e-01
-4.81958985e-01
-4.82325345e-01
-4.82687175e-01
-4.83044446e-01
-4.83397186e-01
-4.83745366e-01
-4.84089017e-01
-4.84428078e-01
-4.84762579e-01
-4.85092551e-01
-4.85417962e-01
-4.85738754e-01
-4.86054987e-01
-4.86366600e-01
-4.86673683e-01
-4.86976206e-01
-4.87274081e-01
-4.87567395e-01
-4.87856090e-01
-4.88140196e-01
-4.88419741e-01
-4.88694668e-01
-4.88965034e-01
-4.89230752e-01
-4.89491910e-01
-4.89748478e-01
-4.90000397e-01
-4.90247726e-01
-4.90490437e-01
-4.90728557e-01
-4.90962029e-01
-4.91190910e-01
-4.91415143e-01
-4.91634727e-01
-4.91849691e-01
-4.92060035e-01
-4.92265761e-01
-4.92466807e-01
-4.92663234e-01
-4.92855042e-01
-4.93042201e-01
-4.93224710e-01
-4.93402570e-01
-4.93575811e-01
-4.93744403e-01
-4.93908316e-01
-4.94067639e-01
-4.94222254e-01
-4.94372249e-01
-4.94517595e-01
-4.94658291e-01
-4.94794339e-01
-4.94925708e-01
-4.95052397e-01
-4.95174468e-01
-4.95291889e-01
-4.95404601e-01
-4.95512694e-01
-4.95616108e-01
-4.95714873e-01
-4.95808989e-01
-4.95898396e-01
-4.95983154e-01
-4.96063232e-01
-4.96138662e-01
-4.96209443e-01
-4.96275544e-01
-4.96336937e-01
-4.96393681e-01
-4.96445745e-01
-4.96493131e-01
-4.96535867e-01
-4.96573895e-01
-4.96607274e-01
-4.96635973e-01
-4.96659964e-01
-4.96679306e-01
-4.96693999e-01
-4.96703982e-01
-4.96709317e-01
-4.96709973e-01
-4.96705979e-01
-4.96697307e-01
-4.96683925e-01
-4.96665925e-01
-4.96643245e-01
-4.96615887e-01
-4.96583819e-01
-4.96547103e-01
-4.96505708e-01
-4.96459603e-01
-4.96408880e-01
-4.96353447e-01
-4.96293336e-01
-4.96228576e-01
-4.96159166e-01
-4.96085078e-01
-4.96006310e-01
-4.95922893e-01
-4.95834827e-01
-4.95742053e-01
-4.95644629e-01
-4.95542556e-01
-4.95435804e-01
-4.95324403e-01
-4.95208383e-01
-4.95087653e-01
-4.94962305e-01
-4.94832277e-01
-4.94697571e-01
-4.94558215e-01
-4.94414210e-01
-4.94265586e-01
-4.94112313e-01
-4.93954331e-01
-4.93791729e-01
-4.93624479e-01
-4.93452579e-01
-4.93276030e-01
-4.93094832e-01
-4.92909014e-01
-4.92718577e-01
-4.92523491e-01
-4.92323726e-01
-4.92119342e-01
-4.91910309e-01
-4.91696686e-01
-4.91478413e-01
-4.91255522e-01
-4.91028011e-01
-4.90795851e-01
-4.90559071e-01
-4.90317702e-01
-4.90071744e-01
-4.89821166e-01
-4.89565969e-01
-4.89306182e-01
-4.89041775e-01
-4.88772780e-01
-4.88499165e-01
-4.88220960e-01
-4.87938166e-01
-4.87650782e-01
-4.87358779e-01
-4.87062246e-01
-4.86761093e-01
-4.86455351e-01
-4.86145049e-01
-4.85830188e-01
-4.85510707e-01
-4.85186726e-01
-4.84858096e-01
-4.84524965e-01
-4.84187245e-01
-4.83844966e-01
-4.83498186e-01
-4.83146787e-01
-4.82790887e-01
-4.82430458e-01
-4.82065469e-01
-4.81695920e-01
-4.81321871e-01
-4.80943292e-01
-4.80560184e-01
-4.80172545e-01
-4.79780436e-01
-4.79383767e-01
-4.78982627e-01
-4.78576928e-01
-4.78166729e-01
-4.77752060e-01
-4.77332860e-01
-4.76909161e-01
-4.76480991e-01
-4.76048350e-01
-4.75611210e-01
-4.75169629e-01
-4.74723577e-01
-4.74273056e-01
-4.73818064e-01
-4.73358631e-01
-4.72894728e-01
-4.72426385e-01
-4.71953630e-01
-4.71476436e-01
-4.70994800e-01
-4.70508724e-01
-4.70018238e-01
-4.69523370e-01
-4.69024062e-01
-4.68520343e-01
-4.68012244e-01
-4.67499733e-01
-4.66982841e-01
-4.66461539e-01
-4.65935826e-01
-4.65405792e-01
-4.64871317e-01
-4.64332521e-01
-4.63789314e-01
-4.63241756e-01
-4.62689847e-01
-4.62133557e-01
-4.61572945e-01
-4.61007953e-01
-4.60438639e-01
-4.59864974e-01
-4.59287018e-01
-4.58704770e-01
-4.58118200e-01
-4.57527369e-01
-4.56932187e-01
-4.56332743e-01
-4.55729038e-01
-4.55121011e-01
-4.54508722e-01
-4.53892142e-01
-4.53271329e-01
-4.52646255e-01
-4.52016950e-01
-4.51383352e-01
-4.50745523e-01
-4.50103432e-01
-4.49457169e-01
-4.48806614e-01
-4.48151886e-01
-4.47492927e-01
-4.46829766e-01
-4.46162403e-01
-4.45490867e-01
-4.44815159e-01
-4.44135219e-01
-4.43451136e-01
-4.42762852e-01
-4.42070425e-01
-4.41373855e-01
-4.40673143e-01
-4.39968318e-01
-4.39259291e-01
-4.38546181e-01
-4.37828958e-01
-4.37107593e-01
-4.36382145e-01
-4.35652554e-01
-4.34918910e-01
-4.34181184e-01
-4.33439344e-01
-4.32693452e-01
-4.31943506e-01
-4.31189507e-01
-4.30431455e-01
-4.29669321e-01
-4.28903192e-01
-4.28133011e-01
-4.27358806e-01
-4.26580608e-01
-4.25798416e-01
-4.25012201e-01
-4.24222022e-01
-4.23427820e-01
-4.22629654e-01
-4.21827495e-01
-4.21021402e-01
-4.20211375e-01
-4.19397354e-01
-4.18579459e-01
-4.17757601e-01
-4.16931838e-01
-4.16102171e-01
-4.15268570e-01
-4.14431036e-01
-4.13589656e-01
-4.12744343e-01
-4.11895126e-01
-4.11042005e-01
-4.10184979e-01
-4.09324110e-01
-4.08459365e-01
-4.07590806e-01
-4.06718463e-01
-4.05842274e-01
-4.04962361e-01
-4.04078633e-01
-4.03191149e-01
-4.02299881e-01
-4.01404858e-01
-4.00506020e-01
-3.99603456e-01
-3.98697108e-01
-3.97787035e-01
-3.96873206e-01
-3.95955622e-01
-3.95034313e-01
-3.94109309e-01
-3.93180639e-01
-3.92248273e-01
-3.91312242e-01
-3.90372515e-01
-3.89429152e-01
-3.88482124e-01
-3.87531430e-01
-3.86577070e-01
-3.85619104e-01
-3.84657502e-01
-3.83692265e-01
-3.82723421e-01
-3.81751031e-01
-3.80775034e-01
-3.79795492e-01
-3.78812373e-01
-3.77825677e-01
-3.76835436e-01
-3.75841677e-01
-3.74844372e-01
-3.73843551e-01
-3.72839212e-01
-3.71831328e-01
-3.70819986e-01
-3.69805157e-01
-3.68786871e-01
-3.67765129e-01
-3.66739929e-01
-3.65711302e-01
-3.64679247e-01
-3.63643765e-01
-3.62604856e-01
-3.61562550e-01
-3.60516846e-01
-3.59467745e-01
-3.58415246e-01
-3.57359350e-01
-3.56300116e-01
-3.55237573e-01
-3.54171693e-01
-3.53102505e-01
-3.52030009e-01
-3.50954205e-01
-3.49875093e-01
-3.48792702e-01
-3.47707033e-01
-3.46618086e-01
-3.45525861e-01
-3.44430387e-01
-3.43331695e-01
-3.42229784e-01
-3.41124684e-01
-3.40016335e-01
-3.38904858e-01
-3.37790161e-01
-3.36672276e-01
-3.35551262e-01
-3.34427088e-01
-3.33299756e-01
-3.32169265e-01
-3.31035674e-01
-3.29898953e-01
-3.28759164e-01
-3.27616274e-01
-3.26470345e-01
-3.25321317e-01
-3.24169219e-01
-3.23014110e-01
-3.21855962e-01
-3.20694774e-01
-3.19530547e-01
-3.18363339e-01
-3.17193151e-01
-3.16020012e-01
-3.14843863e-01
-3.13664794e-01
-3.12482744e-01
-3.11297774e-01
-3.10109884e-01
-3.08919072e-01
-3.07725370e-01
-3.06528747e-01
-3.05329293e-01
-3.04126948e-01
-3.02921772e-01
-3.01713735e-01
-3.00502896e-01
-2.99289227e-01
-2.98072726e-01
-2.96853453e-01
-2.95631379e-01
-2.94406533e-01
-2.93178916e-01
-2.91948557e-01
-2.90715456e-01
-2.89479613e-01
-2.88241059e-01
-2.86999792e-01
-2.85755873e-01
-2.84509242e-01
-2.83259928e-01
-2.82007933e-01
-2.80753314e-01
-2.79496044e-01
-2.78236151e-01
-2.76973665e-01
-2.75708556e-01
-2.74440855e-01
-2.73170590e-01
-2.71897793e-01
-2.70622402e-01
-2.69344449e-01
-2.68063962e-01
-2.66781002e-01
-2.65495509e-01
-2.64207572e-01
-2.62917131e-01
-2.61624217e-01
-2.60328829e-01
-2.59031028e-01
-2.57730752e-01
-2.56428063e-01
-2.55122960e-01
-2.53815472e-01
-2.52505600e-01
-2.51193404e-01
-2.49878824e-01
-2.48561904e-01
-2.47242659e-01
-2.45921075e-01
-2.44597197e-01
-2.43271008e-01
-2.41942525e-01
-2.40611792e-01
-2.39278778e-01
-2.37943545e-01
-2.36606061e-01
-2.35266358e-01
-2.33924434e-01
-2.32580334e-01
-2.31234029e-01
-2.29885578e-01
-2.28534952e-01
-2.27182195e-01
-2.25827292e-01
-2.24470273e-01
-2.23111153e-01
-2.21749932e-01
-2.20386624e-01
-2.19021246e-01
-2.17653826e-01
-2.16284350e-01
-2.14912862e-01
-2.13539347e-01
-2.12163821e-01
-2.10786313e-01
-2.09406838e-01
-2.08025381e-01
-2.06641972e-01
-2.05256596e-01
-2.03869313e-01
-2.02480108e-01
-2.01089010e-01
-1.99696019e-01
-1.98301166e-01
-1.96904451e-01
-1.95505887e-01
-1.94105491e-01
-1.92703277e-01
-1.91299230e-01
-1.89893410e-01
-1.88485801e-01
-1.87076434e-01
-1.85665309e-01
-1.84252426e-01
-1.82837829e-01
-1.81421503e-01
-1.80003494e-01
-1.78583771e-01
-1.77162379e-01
-1.75739333e-01
-1.74314648e-01
-1.72888309e-01
-1.71460345e-01
-1.70030788e-01
-1.68599606e-01
-1.67166874e-01
-1.65732563e-01
-1.64296687e-01
-1.62859276e-01
-1.61420330e-01
-1.59979865e-01
-1.58537909e-01
-1.57094464e-01
-1.55649558e-01
-1.54203176e-01
-1.52755350e-01
-1.51306078e-01
-1.49855390e-01
-1.48403302e-01
-1.46949813e-01
-1.45494953e-01
-1.44038737e-01
-1.42581165e-01
-1.41122252e-01
-1.39662012e-01
-1.38200447e-01
-1.36737600e-01
-1.35273471e-01
-1.33808061e-01
-1.32341400e-01
-1.30873486e-01
-1.29404366e-01
-1.27934009e-01
-1.26462460e-01
-1.24989733e-01
-1.23515822e-01
-1.22040763e-01
-1.20564558e-01
-1.19087227e-01
-1.17608771e-01
-1.16129220e-01
-1.14648573e-01
-1.13166861e-01
-1.11684069e-01
-1.10200241e-01
-1.08715378e-01
-1.07229494e-01
-1.05742604e-01
-1.04254723e-01
-1.02765866e-01
-1.01276040e-01
-9.97852609e-02
-9.82935429e-02
-9.68009159e-02
-9.53073725e-02
-9.38129351e-02
-9.23176184e-02
-9.08214375e-02
-8.93243998e-02
-8.78265277e-02
-8.63278359e-02
-8.48283321e-02
-8.33280385e-02
-8.18269551e-02
-8.03251043e-02
-7.88225010e-02
-7.73191527e-02
-7.58150816e-02
-7.43103027e-02
-7.28048235e-02
-7.12986663e-02
-6.97918311e-02
-6.82843402e-02
-6.67762235e-02
-6.52674735e-02
-6.37581125e-02
-6.22481592e-02
-6.07376210e-02
-5.92265092e-02
-5.77148423e-02
-5.62026352e-02
-5.46899028e-02
-5.31766601e-02
-5.16629145e-02
-5.01486920e-02
-4.86339964e-02
-4.71188426e-02
-4.56032492e-02
-4.40872237e-02
-4.25707884e-02
-4.10539545e-02
-3.95367406e-02
-3.80191505e-02
-3.65012065e-02
-3.49829234e-02
-3.34643088e-02
-3.19453813e-02
-3.04261576e-02
-2.89066490e-02
-2.73868721e-02
-2.58668382e-02
-2.43465621e-02
-2.28260607e-02
-2.13053450e-02
-1.97844319e-02
-1.82633344e-02
-1.67420637e-02
-1.52206402e-02
-1.36990706e-02
-1.21773845e-02
-1.06555484e-02
-9.13372822e-03
-7.61145912e-03
-6.09027501e-03
-4.56535723e-03
-3.05187819e-03
-1.49820279e-03
5.96046448e-08
3.06951511e-03
