-3.06945550e-03
-0.00000000e+00
3.61606013e-04
6.97077077e-04
9.86502157e-04
1.28698302e-03
1.58374361e-03
1.88164413e-03
2.17916351e-03
2.47677811e-03
2.77433428e-03
3.07187694e-03
3.36938840e-03
3.66687006e-03
3.96431796e-03
4.26173024e-03
4.55910293e-03
4.85643419e-03
5.15372073e-03
5.45096025e-03
5.74814947e-03
6.04528561e-03
6.34236634e-03
6.63938839e-03
6.93634851e-03
7.23324483e-03
7.53007410e-03
7.82683399e-03
8.12352076e-03
8.42013210e-03
8.71666614e-03
9.01311915e-03
9.30948835e-03
9.60577093e-03
9.90196411e-03
1.01980641e-02
1.04940701e-02
1.07899792e-02
1.10857869e-02
1.13814920e-02
1.16770910e-02
1.19725820e-02
1.22679602e-02
1.25632258e-02
1.28583731e-02
1.31534021e-02
1.34483073e-02
1.37430886e-02
1.40377395e-02
1.43322609e-02
1.46266483e-02
1.49208996e-02
1.52150113e-02
1.55089814e-02
1.58028062e-02
1.60964839e-02
1.63900107e-02
1.66833848e-02
1.69766042e-02
1.72696635e-02
1.75625607e-02
1.78552959e-02
1.81478616e-02
1.84402596e-02
1.87324863e-02
1.90245379e-02
1.93164125e-02
1.96081046e-02
1.98996142e-02
2.01909374e-02
2.04820707e-02
2.07730141e-02
2.10637636e-02
2.13543139e-02
2.16446668e-02
2.19348166e-02
2.22247634e-02
2.25144997e-02
2.28040237e-02
2.30933353e-02
2.33824309e-02
2.36713085e-02
2.39599645e-02
2.42483951e-02
2.45365985e-02
2.48245727e-02
2.51123160e-02
2.53998227e-02
2.56870929e-02
2.59741247e-02
2.62609106e-02
2.65474506e-02
2.68337429e-02
2.71197818e-02
2.74055693e-02
2.76910998e-02
2.79763695e-02
2.82613765e-02
2.85461210e-02
2.88305990e-02
2.91148070e-02
2.93987393e-02
2.96823978e-02
2.99657770e-02
3.02488767e-02
3.05316932e-02
3.08142211e-02
3.10964640e-02
3.13784145e-02
3.16600688e-02
3.19414288e-02
3.22224945e-02
3.25032547e-02
3.27837057e-02
3.30638513e-02
3.33436877e-02
3.36232148e-02
3.39024253e-02
3.41813192e-02
3.44598927e-02
3.47381383e-02
3.50160636e-02
3.52936573e-02
3.55709232e-02
3.58478501e-02
3.61244455e-02
3.64007019e-02
3.66766155e-02
3.69521864e-02
3.72274108e-02
3.75022851e-02
3.77768055e-02
3.80509757e-02
3.83247919e-02
3.85982469e-02
3.88713405e-02
3.91440652e-02
3.94164287e-02
3.96884158e-02
3.99600342e-02
4.02312763e-02
4.05021459e-02
4.07726318e-02
4.10427302e-02
4.13124487e-02
4.15817797e-02
4.18507233e-02
4.21192721e-02
4.23874259e-02
4.26551849e-02
4.29225378e-02
4.31894921e-02
4.34560440e-02
4.37221862e-02
4.39879149e-02
4.42532338e-02
4.45181392e-02
4.47826236e-02
4.50466909e-02
4.53103296e-02
4.55735475e-02
4.58363369e-02
4.60986979e-02
4.63606268e-02
4.66221198e-02
4.68831733e-02
4.71437909e-02
4.74039651e-02
4.76636924e-02
4.79229763e-02
4.81818095e-02
4.84401882e-02
4.86981161e-02
4.89555821e-02
4.92125899e-02
4.94691394e-02
4.97252233e-02
4.99808416e-02
5.02359904e-02
5.04906699e-02
5.07448725e-02
5.09986021e-02
5.12518547e-02
5.15046269e-02
5.17569110e-02
5.20087108e-02
5.22600263e-02
5.25108464e-02
5.27611747e-02
5.30110076e-02
5.32603376e-02
5.35091721e-02
5.37575036e-02
5.40053323e-02
5.42526543e-02
5.44994660e-02
5.47457635e-02
5.49915470e-02
5.52368164e-02
5.54815680e-02
5.57257980e-02
5.59695102e-02
5.62126935e-02
5.64553477e-02
5.66974692e-02
5.69390655e-02
5.71801215e-02
5.74206449e-02
5.76606281e-02
5.79000749e-02
5.81389740e-02
5.83773218e-02
5.86151257e-02
5.88523820e-02
5.90890832e-02
5.93252331e-02
5.95608205e-02
5.97958565e-02
6.00303225e-02
6.02642260e-02
6.04975671e-02
6.07303381e-02
6.09625392e-02
6.11941665e-02
6.14252202e-02
6.16556965e-02
6.18855990e-02
6.21149167e-02
6.23436533e-02
6.25718012e-02
6.27993643e-02
6.30263314e-02
6.32527173e-02
6.34785146e-02
6.37037233e-02
6.39283434e-02
6.41523600e-02
6.43757656e-02
6.45985603e-02
6.48207441e-02
6.50423244e-02
6.52632862e-02
6.54836446e-02
6.57033846e-02
6.59225136e-02
6.61410168e-02
6.63589016e-02
6.65761605e-02
6.67928010e-02
6.70088157e-02
6.72242045e-02
6.74389601e-02
6.76530823e-02
6.78665563e-02
6.80794045e-02
6.82916045e-02
6.85031712e-02
6.87140897e-02
6.89243674e-02
6.91339895e-02
6.93429783e-02
6.95513114e-02
6.97589889e-02
6.99660107e-02
7.01723769e-02
7.03780875e-02
7.05831349e-02
7.07875192e-02
7.09912330e-02
7.11942762e-02
7.13966489e-02
7.15983585e-02
7.17993900e-02
7.19997585e-02
7.21994415e-02
7.23984465e-02
7.25967661e-02
7.27944076e-02
7.29913712e-02
7.31876418e-02
7.33832344e-02
7.35781342e-02
7.37723485e-02
7.39658698e-02
7.41586983e-02
7.43508190e-02
7.45422468e-02
7.47329667e-02
7.49229938e-02
7.51123130e-02
7.53009245e-02
7.54888356e-02
7.56760314e-02
7.58625194e-02
7.60482997e-02
7.62333721e-02
7.64177367e-02
7.66013935e-02
7.67843351e-02
7.69665465e-02
7.71480352e-02
7.73287937e-02
7.75088146e-02
7.76881054e-02
7.78666660e-02
7.80444890e-02
7.82215819e-02
7.83979446e-02
7.85735697e-02
7.87484571e-02
7.89225996e-02
7.90960044e-02
7.92686716e-02
7.94405863e-02
7.96117634e-02
7.97821954e-02
7.99518824e-02
8.01208243e-02
8.02890062e-02
8.04564357e-02
8.06231052e-02
8.07890072e-02
8.09541568e-02
8.11185390e-02
8.12821686e-02
8.14450234e-02
8.16071182e-02
8.17684457e-02
8.19290131e-02
8.20888057e-02
8.22478235e-02
8.24060738e-02
8.25635493e-02
8.27202499e-02
8.28761756e-02
8.30313265e-02
8.31857026e-02
8.33392963e-02
8.34920928e-02
8.36441070e-02
8.37953314e-02
8.39457735e-02
8.40954185e-02
8.42442811e-02
8.43923464e-02
8.45396146e-02
8.46860930e-02
8.48317742e-02
8.49766582e-02
8.51207525e-02
8.52640420e-02
8.54065344e-02
8.55482221e-02
8.56891051e-02
8.58291835e-02
8.59684572e-02
8.61069262e-02
8.62445906e-02
8.63814503e-02
8.65174904e-02
8.66527259e-02
8.67871344e-02
8.69207308e-02
8.70535001e-02
8.71854499e-02
8.73165876e-02
8.74469057e-02
8.75763968e-02
8.77050683e-02
8.78329128e-02
8.79599452e-02
8.80861357e-02
8.82115066e-02
8.83360431e-02
8.84597600e-02
8.85826349e-02
8.87046829e-02
8.88259038e-02
8.89462903e-02
8.90658498e-02
8.91845673e-02
8.93024579e-02
8.94195065e-02
8.95357281e-02
8.96511078e-02
8.97656381e-02
8.98793191e-02
8.99921507e-02
9.01041329e-02
9.02152658e-02
9.03255492e-02
9.04349834e-02
9.05435681e-02
9.06513035e-02
9.07581896e-02
9.08642113e-02
9.09693912e-02
9.10737067e-02
9.11771730e-02
9.12797824e-02
9.13815349e-02
9.14824232e-02
9.15824547e-02
9.16816220e-02
9.17799324e-02
9.18773860e-02
9.19739753e-02
9.20697078e-02
9.21645686e-02
9.22585726e-02
9.23517123e-02
9.24439803e-02
9.25353840e-02
9.26259235e-02
9.27155986e-02
9.28044096e-02
9.28923413e-02
9.29793939e-02
9.30655673e-02
9.31508616e-02
9.32352766e-02
9.33188125e-02
9.34014693e-02
9.34832469e-02
9.35641453e-02
9.36441645e-02
9.37233120e-02
9.38015729e-02
9.38789621e-02
9.39554572e-02
9.40310732e-02
9.41057950e-02
9.41796377e-02
9.42525938e-02
9.43246707e-02
9.43958536e-02
9.44661573e-02
9.45355594e-02
9.46040824e-02
9.46717113e-02
9.47384536e-02
9.48042944e-02
9.48692486e-02
9.49333161e-02
9.49964896e-02
9.50587690e-02
9.51201618e-02
9.51806530e-02
9.52402502e-02
9.52989608e-02
9.53567699e-02
9.54136923e-02
9.54697132e-02
9.55248475e-02
9.55790803e-02
9.56324190e-02
9.56848711e-02
9.57364291e-02
9.57870930e-02
9.58368629e-02
9.58857238e-02
9.59336758e-02
9.59807262e-02
9.60268676e-02
9.60721001e-02
9.61164236e-02
9.61598381e-02
9.62023437e-02
9.62439403e-02
9.62846279e-02
9.63244066e-02
9.63632762e-02
9.64012370e-02
9.64382887e-02
9.64744315e-02
9.65096653e-02
9.65439901e-02
9.65774059e-02
9.66099128e-02
9.66415107e-02
9.66721997e-02
9.67019796e-02
9.67308432e-02
9.67588052e-02
9.67858583e-02
9.68119949e-02
9.68372300e-02
9.68615487e-02
9.68849584e-02
9.69074667e-02
9.69290584e-02
9.69497487e-02
9.69695225e-02
9.69883949e-02
9.70063508e-02
9.70234051e-02
9.70395431e-02
9.70547795e-02
9.70690921e-02
9.70825031e-02
9.70949978e-02
9.71065909e-02
9.71172675e-02
9.71270278e-02
9.71358642e-02
9.71437991e-02
9.71508026e-02
9.71569046e-02
9.71620828e-02
9.71663520e-02
9.71697047e-02
9.71721485e-02
9.71736759e-02
9.71742868e-02
9.71739888e-02
9.71727669e-02
9.71706361e-02
9.71675888e-02
9.71636325e-02
9.71587524e-02
9.71529633e-02
9.71462578e-02
9.71386358e-02
9.71300974e-02
9.71206501e-02
9.71102864e-02
9.70990136e-02
9.70868245e-02
9.70737264e-02
9.70597118e-02
9.70447883e-02
9.70289558e-02
9.70122069e-02
9.69945565e-02
9.69759971e-02
9.69565287e-02
9.69361439e-02
9.69148576e-02
9.68926623e-02
9.68695506e-02
9.68455225e-02
9.68205929e-02
9.67947543e-02
9.67680067e-02
9.67403501e-02
9.67117846e-02
9.66823101e-02
9.66519266e-02
9.66206342e-02
9.65884328e-02
9.65553224e-02
9.65213031e-02
9.64863747e-02
9.64505374e-02
9.64137912e-02
9.63761359e-02
9.63375717e-02
9.62980986e-02
9.62577164e-02
9.62164253e-02
9.61742252e-02
9.61311162e-02
9.60870981e-02
9.60421711e-02
9.59963351e-02
9.59495902e-02
9.59019363e-02
9.58533734e-02
9.58039090e-02
9.57535431e-02
9.57022905e-02
9.56501290e-02
9.55970809e-02
9.55431387e-02
9.54883024e-02
9.54325721e-02
9.53759551e-02
9.53184441e-02
9.52600315e-02
9.52007249e-02
9.51405242e-02
9.50794294e-02
9.50174481e-02
9.49545726e-02
9.48908031e-02
9.48261395e-02
9.47605819e-02
9.46941376e-02
9.46267992e-02
9.45585668e-02
9.44894552e-02
9.44194496e-02
9.43485573e-02
9.42767784e-02
9.42041129e-02
9.41305682e-02
9.40561295e-02
9.39808115e-02
9.39045995e-02
9.38275084e-02
9.37495306e-02
9.36706737e-02
9.35909450e-02
9.35103297e-02
9.34288353e-02
9.33464617e-02
9.32632089e-02
9.31790769e-02
9.30940658e-02
9.30081755e-02
9.29214060e-02
9.28337574e-02
9.27452371e-02
9.26558375e-02
9.25655738e-02
9.24744457e-02
9.23824534e-02
9.22895968e-02
9.21958759e-02
9.21012908e-02
9.20058414e-02
9.19095278e-02
9.18123499e-02
9.17143077e-02
9.16154087e-02
9.15156528e-02
9.14150253e-02
9.13135484e-02
9.12112147e-02
9.11080167e-02
9.10039693e-02
9.08990651e-02
9.07933041e-02
9.06866938e-02
9.05792266e-02
9.04709175e-02
9.03617516e-02
9.02517363e-02
9.01408717e-02
9.00291577e-02
8.99165943e-02
8.98031816e-02
8.96889195e-02
8.95738080e-02
8.94578472e-02
8.93410519e-02
8.92234147e-02
8.91049504e-02
8.89856517e-02
8.88655186e-02
8.87445658e-02
8.86227712e-02
8.85001495e-02
8.83767009e-02
8.82524103e-02
8.81273076e-02
8.80013630e-02
8.78745988e-02
8.77470002e-02
8.76185820e-02
8.74893442e-02
8.73592794e-02
8.72284025e-02
8.70966986e-02
8.69641751e-02
8.68308321e-02
8.66966695e-02
8.65616873e-02
8.64258930e-02
8.62892792e-02
8.61518532e-02
8.60136226e-02
8.58745947e-02
8.57347548e-02
8.55941176e-02
8.54526684e-02
8.53104144e-02
8.51673707e-02
8.50235224e-02
8.48788694e-02
8.47334266e-02
8.45871791e-02
8.44401419e-02
8.42923149e-02
8.41436908e-02
8.39942843e-02
8.38440806e-02
8.36930871e-02
8.35413039e-02
8.33887309e-02
8.32353681e-02
8.30812231e-02
8.29262957e-02
8.27706009e-02
8.26141238e-02
8.24568793e-02
8.22988525e-02
8.21400583e-02
8.19804817e-02
8.18201452e-02
8.16590339e-02
8.14971626e-02
8.13345164e-02
8.11711177e-02
8.10069442e-02
8.08420181e-02
8.06763321e-02
8.05098787e-02
8.03426728e-02
8.01747069e-02
8.00059810e-02
7.98365101e-02
7.96662867e-02
7.94953182e-02
7.93236047e-02
7.91511536e-02
7.89779499e-02
7.88040161e-02
7.86293373e-02
7.84539208e-02
7.82777667e-02
7.81008750e-02
7.79232532e-02
7.77448863e-02
7.75657892e-02
7.73859620e-02
7.72054046e-02
7.70241171e-02
7.68420994e-02
7.66593590e-02
7.64758959e-02
7.62917250e-02
7.61068389e-02
7.59212449e-02
7.57349357e-02
7.55479261e-02
7.53602013e-02
7.51717761e-02
7.49826431e-02
7.47928023e-02
7.46022612e-02
7.44110197e-02
7.42190778e-02
7.40264356e-02
7.38330930e-02
7.36390576e-02
7.34443292e-02
7.32489154e-02
7.30528161e-02
7.28560314e-02
7.26585537e-02
7.24603981e-02
7.22615570e-02
7.20620528e-02
7.18618631e-02
7.16609955e-02
7.14594573e-02
7.12572485e-02
7.10543692e-02
7.08508193e-02
7.06465989e-02
7.04417080e-02
7.02361539e-02
7.00299442e-02
6.98230714e-02
6.96155503e-02
6.94073737e-02
6.91985413e-02
6.89890683e-02
6.87789395e-02
6.85681701e-02
6.83567524e-02
6.81446940e-02
6.79319948e-02
6.77186549e-02
6.75046742e-02
6.72900602e-02
6.70748129e-02
6.68589398e-02
6.66424409e-02
6.64253160e-02
6.62075728e-02
6.59892038e-02
6.57702163e-02
6.55506030e-02
6.53303787e-02
6.51095361e-02
6.48880899e-02
6.46660253e-02
6.44433573e-02
6.42200783e-02
6.39961883e-02
6.37716949e-02
6.35466129e-02
6.33209348e-02
6.30946681e-02
6.28678054e-02
6.26403540e-02
6.24123216e-02
6.21836968e-02
6.19544908e-02
6.17246963e-02
6.14943244e-02
6.12633750e-02
6.10318519e-02
6.07997552e-02
6.05670847e-02
6.03338443e-02
6.01000376e-02
5.98656647e-02
5.96307330e-02
5.93952350e-02
5.91591820e-02
5.89225739e-02
5.86854145e-02
5.84477000e-02
5.82094416e-02
5.79706281e-02
5.77312745e-02
5.74913733e-02
5.72509356e-02
5.70099615e-02
5.67684546e-02
5.65264076e-02
5.62838353e-02
5.60407341e-02
5.57971038e-02
5.55529483e-02
5.53082675e-02
5.50630689e-02
5.48173524e-02
5.45711219e-02
5.43243773e-02
5.40771224e-02
5.38293608e-02
5.35810925e-02
5.33323213e-02
5.30830510e-02
5.28332815e-02
5.25830127e-02
5.23322523e-02
5.20810038e-02
5.18292598e-02
5.15770316e-02
5.13243116e-02
5.10711111e-02
5.08174300e-02
5.05632721e-02
5.03086410e-02
5.00535369e-02
4.97979671e-02
4.95419241e-02
4.92854193e-02
4.90284525e-02
4.87710200e-02
4.85131331e-02
4.82547879e-02
4.79959920e-02
4.77367453e-02
4.74770479e-02
4.72169071e-02
4.69563231e-02
4.66952920e-02
4.64338250e-02
4.61719222e-02
4.59095836e-02
4.56468165e-02
4.53836173e-02
4.51199934e-02
4.48559448e-02
4.45914716e-02
4.43265811e-02
4.40612771e-02
4.37955633e-02
4.35294323e-02
4.32628915e-02
4.29959409e-02
4.27285880e-02
4.24608365e-02
4.21926826e-02
4.19241376e-02
4.16551940e-02
4.13858593e-02
4.11161371e-02
4.08460312e-02
4.05755378e-02
4.03046645e-02
4.00334075e-02
3.97617817e-02
3.94897759e-02
3.92174013e-02
3.89446579e-02
3.86715494e-02
3.83980758e-02
3.81242372e-02
3.78500447e-02
3.75754945e-02
3.73005942e-02
3.70253436e-02
3.67497429e-02
3.64737995e-02
3.61975133e-02
3.59208882e-02
3.56439240e-02
3.53666246e-02
3.50889936e-02
3.48110311e-02
3.45327444e-02
3.42541300e-02
3.39751951e-02
3.36959399e-02
3.34163718e-02
3.31364870e-02
3.28562893e-02
3.25757824e-02
3.22949737e-02
3.20138559e-02
3.17324400e-02
3.14507261e-02
3.11687142e-02
3.08864117e-02
3.06038223e-02
3.03209424e-02
3.00377775e-02
2.97543313e-02
2.94706058e-02
2.91866008e-02
2.89023239e-02
2.86177732e-02
2.83329561e-02
2.80478708e-02
2.77625229e-02
2.74769124e-02
2.71910448e-02
2.69049220e-02
2.66185459e-02
2.63319183e-02
2.60450467e-02
2.57579293e-02
2.54705679e-02
2.51829680e-02
2.48951335e-02
2.46070642e-02
2.43187640e-02
2.40302328e-02
2.37414781e-02
2.34524980e-02
2.31632981e-02
2.28738803e-02
2.25842502e-02
2.22944058e-02
2.20043529e-02
2.17140913e-02
2.14236267e-02
2.11329609e-02
2.08420977e-02
2.05510370e-02
2.02597827e-02
1.99683402e-02
1.96767095e-02
1.93848945e-02
1.90928951e-02
1.88007187e-02
1.85083635e-02
1.82158351e-02
1.79231372e-02
1.76302679e-02
1.73372328e-02
1.70440357e-02
1.67506784e-02
1.64571647e-02
1.61634963e-02
1.58696752e-02
1.55757060e-02
1.52815897e-02
1.49873300e-02
1.46929296e-02
1.43983914e-02
1.41037181e-02
1.38089126e-02
1.35139758e-02
1.32189132e-02
1.29237259e-02
1.26284165e-02
1.23329898e-02
1.20374477e-02
1.17417909e-02
1.14460243e-02
1.11501506e-02
1.08541725e-02
1.05580911e-02
1.02619110e-02
9.96563490e-03
9.66926478e-03
9.37280338e-03
9.07625351e-03
8.77961982e-03
8.48290324e-03
8.18610657e-03
7.88923353e-03
7.59228645e-03
7.29526812e-03
6.99818041e-03
6.70102797e-03
6.40381221e-03
6.10653637e-03
5.80920279e-03
5.51181473e-03
5.21437498e-03
4.91688587e-03
4.61935066e-03
4.32177214e-03
4.02415264e-03
3.72649543e-03
3.42880329e-03
3.13107925e-03
2.83332542e-03
2.53554503e-03
2.23774090e-03
1.93991570e-03
1.64207234e-03
1.34421361e-03
1.04634231e-03
7.48461287e-04
4.50573280e-04
1.52681008e-04
-1.45212660e-04
-4.43104975e-04
-7.40993069e-04
-1.03887427e-03
-1.33674557e-03
-1.63460453e-03
-1.93244801e-03
-2.23027333e-03
-2.52807746e-03
-2.82585807e-03
-3.12361191e-03
-3.42133641e-03
-3.71902878e-03
-4.01668623e-03
-4.31430573e-03
-4.61188471e-03
-4.90942039e-03
-5.20690950e-03
-5.50434971e-03
-5.80173777e-03
-6.09907182e-03
-6.39634766e-03
-6.69356389e-03
-6.99071726e-03
-7.28780497e-03
-7.58482423e-03
-7.88177270e-03
-8.17864668e-03
-8.47544335e-03
-8.77216086e-03
-9.06879641e-03
-9.36534628e-03
-9.66180768e-03
-9.95817874e-03
-1.02544567e-02
-1.05506387e-02
-1.08467201e-02
-1.11427000e-02
-1.14385756e-02
-1.17343431e-02
-1.20300008e-02
-1.23255448e-02
-1.26209725e-02
-1.29162828e-02
-1.32114710e-02
-1.35065354e-02
-1.38014732e-02
-1.40962806e-02
-1.43909547e-02
-1.46854948e-02
-1.49798971e-02
-1.52741577e-02
-1.55682750e-02
-1.58622451e-02
-1.61560681e-02
-1.64497383e-02
-1.67432539e-02
-1.70366131e-02
-1.73298120e-02
-1.76228471e-02
-1.79157183e-02
-1.82084199e-02
-1.85009502e-02
-1.87933054e-02
-1.90854855e-02
-1.93774849e-02
-1.96693037e-02
-1.99609362e-02
-2.02523824e-02
-2.05436368e-02
-2.08346993e-02
-2.11255644e-02
-2.14162301e-02
-2.17066966e-02
-2.19969582e-02
-2.22870149e-02
-2.25768611e-02
-2.28664950e-02
-2.31559128e-02
-2.34451145e-02
-2.37340946e-02
-2.40228511e-02
-2.43113823e-02
-2.45996863e-02
-2.48877592e-02
-2.51755957e-02
-2.54631955e-02
-2.57505570e-02
-2.60376763e-02
-2.63245497e-02
-2.66111773e-02
-2.68975571e-02
-2.71836799e-02
-2.74695475e-02
-2.77551599e-02
-2.80405097e-02
-2.83255950e-02
-2.86104139e-02
-2.88949646e-02
-2.91792434e-02
-2.94632483e-02
-2.97469776e-02
-3.00304256e-02
-3.03135924e-02
-3.05964742e-02
-3.08790673e-02
-3.11613698e-02
-3.14433798e-02
-3.17250937e-02
-3.20065171e-02
-3.22876386e-02
-3.25684510e-02
-3.28489579e-02
-3.31291556e-02
-3.34090441e-02
-3.36886197e-02
-3.39678787e-02
-3.42468172e-02
-3.45254354e-02
-3.48037295e-02
-3.50816958e-02
-3.53593342e-02
-3.56366374e-02
-3.59136052e-02
-3.61902378e-02
-3.64665277e-02
-3.67424749e-02
-3.70180793e-02
-3.72933373e-02
-3.75682414e-02
-3.78427915e-02
-3.81169878e-02
-3.83908264e-02
-3.86643037e-02
-3.89374159e-02
-3.92101631e-02
-3.94825414e-02
-3.97545509e-02
-4.00261842e-02
-4.02974449e-02
-4.05683219e-02
-4.08388227e-02
-4.11089361e-02
-4.13786657e-02
-4.16480079e-02
-4.19169553e-02
-4.21855040e-02
-4.24536616e-02
-4.27214205e-02
-4.29887772e-02
-4.32557315e-02
-4.35222760e-02
-4.37884144e-02
-4.40541357e-02
-4.43194471e-02
-4.45843413e-02
-4.48488146e-02
-4.51128669e-02
-4.53764983e-02
-4.56397012e-02
-4.59024757e-02
-4.61648181e-02
-4.64267284e-02
-4.66881990e-02
-4.69492301e-02
-4.72098216e-02
-4.74699661e-02
-4.77296673e-02
-4.79889251e-02
-4.82477285e-02
-4.85060774e-02
-4.87639681e-02
-4.90214005e-02
-4.92783748e-02
-4.95348834e-02
-4.97909300e-02
-5.00465073e-02
-5.03016151e-02
-5.05562536e-02
-5.08104153e-02
-5.10641001e-02
-5.13173081e-02
-5.15700318e-02
-5.18222675e-02
-5.20740114e-02
-5.23252673e-02
-5.25760353e-02
-5.28263077e-02
-5.30760810e-02
-5.33253551e-02
-5.35741337e-02
-5.38224056e-02
-5.40701710e-02
-5.43174259e-02
-5.45641743e-02
-5.48104085e-02
-5.50561287e-02
-5.53013347e-02
-5.55460155e-02
-5.57901785e-02
-5.60338162e-02
-5.62769249e-02
-5.65195084e-02
-5.67615554e-02
-5.70030734e-02
-5.72440550e-02
-5.74845001e-02
-5.77244014e-02
-5.79637624e-02
-5.82025722e-02
-5.84408380e-02
-5.86785562e-02
-5.89157268e-02
-5.91523424e-02
-5.93883991e-02
-5.96239008e-02
-5.98588400e-02
-6.00932166e-02
-6.03270270e-02
-6.05602749e-02
-6.07929491e-02
-6.10250533e-02
-6.12565875e-02
-6.14875406e-02
-6.17179163e-02
-6.19477145e-02
-6.21769316e-02
-6.24055639e-02
-6.26336113e-02
-6.28610626e-02
-6.30879328e-02
-6.33142069e-02
-6.35398999e-02
-6.37649968e-02
-6.39894903e-02
-6.42133802e-02
-6.44366667e-02
-6.46593422e-02
-6.48814067e-02
-6.51028603e-02
-6.53237030e-02
-6.55439422e-02
-6.57635555e-02
-6.59825504e-02
-6.62009269e-02
-6.64186850e-02
-6.66358173e-02
-6.68523237e-02
-6.70682043e-02
-6.72834590e-02
-6.74980804e-02
-6.77120686e-02
-6.79254159e-02
-6.81381226e-02
-6.83501959e-02
-6.85616210e-02
-6.87724054e-02
-6.89825341e-02
-6.91920221e-02
-6.94008619e-02
-6.96090460e-02
-6.98165819e-02
-7.00234547e-02
-7.02296793e-02
-7.04352409e-02
-7.06401393e-02
-7.08443671e-02
-7.10479245e-02
-7.12508112e-02
-7.14530349e-02
-7.16545805e-02
-7.18554556e-02
-7.20556602e-02
-7.22551793e-02
-7.24540278e-02
-7.26521835e-02
-7.28496686e-02
-7.30464607e-02
-7.32425749e-02
-7.34380037e-02
-7.36327469e-02
-7.38267973e-02
-7.40201473e-02
-7.42127895e-02
-7.44047463e-02
-7.45959952e-02
-7.47865513e-02
-7.49763995e-02
-7.51655400e-02
-7.53539726e-02
-7.55417049e-02
-7.57287219e-02
-7.59150386e-02
-7.61006400e-02
-7.62855411e-02
-7.64697269e-02
-7.66532049e-02
-7.68359601e-02
-7.70179853e-02
-7.71992877e-02
-7.73798451e-02
-7.75596797e-02
-7.77387843e-02
-7.79171512e-02
-7.80947879e-02
-7.82716945e-02
-7.84478635e-02
-7.86232874e-02
-7.87979737e-02
-7.89719224e-02
-7.91451335e-02
-7.93175995e-02
-7.94893280e-02
-7.96603039e-02
-7.98305348e-02
-8.00000206e-02
-8.01687539e-02
-8.03367272e-02
-8.05039480e-02
-8.06704015e-02
-8.08361024e-02
-8.10010433e-02
-8.11652243e-02
-8.13286453e-02
-8.14912915e-02
-8.16531777e-02
-8.18142965e-02
-8.19746479e-02
-8.21342245e-02
-8.22930336e-02
-8.24510679e-02
-8.26083273e-02
-8.27648118e-02
-8.29205215e-02
-8.30754563e-02
-8.32296088e-02
-8.33829716e-02
-8.35355520e-02
-8.36873427e-02
-8.38383511e-02
-8.39885622e-02
-8.41379836e-02
-8.42866153e-02
-8.44344571e-02
-8.45815018e-02
-8.47277492e-02
-8.48732144e-02
-8.50178674e-02
-8.51617232e-02
-8.53047818e-02
-8.54470432e-02
-8.55884925e-02
-8.57291445e-02
-8.58689919e-02
-8.60080346e-02
-8.61462727e-02
-8.62837061e-02
-8.64203274e-02
-8.65561366e-02
-8.66911262e-02
-8.68252963e-02
-8.69586393e-02
-8.70911777e-02
-8.72228965e-02
-8.73537883e-02
-8.74838606e-02
-8.76131058e-02
-8.77415314e-02
-8.78691301e-02
-8.79959092e-02
-8.81218538e-02
-8.82469788e-02
-8.83712769e-02
-8.84947330e-02
-8.86173695e-02
-8.87391716e-02
-8.88601393e-02
-8.89802799e-02
-8.90995935e-02
-8.92180651e-02
-8.93357024e-02
-8.94525051e-02
-8.95684734e-02
-8.96835923e-02
-8.97978693e-02
-8.99112970e-02
-9.00238752e-02
-9.01356041e-02
-9.02464762e-02
-9.03564915e-02
-9.04656574e-02
-9.05739814e-02
-9.06814486e-02
-9.07880738e-02
-9.08938423e-02
-9.09987614e-02
-9.11028162e-02
-9.12060216e-02
-9.13083628e-02
-9.14098546e-02
-9.15104747e-02
-9.16102380e-02
-9.17091444e-02
-9.18071941e-02
-9.19043720e-02
-9.20006931e-02
-9.20961499e-02
-9.21907425e-02
-9.22844708e-02
-9.23773348e-02
-9.24693346e-02
-9.25604701e-02
-9.26507413e-02
-9.27401409e-02
-9.28286761e-02
-9.29163322e-02
-9.30031165e-02
-9.30890217e-02
-9.31740478e-02
-9.32581946e-02
-9.33414623e-02
-9.34238508e-02
-9.35053527e-02
-9.35859829e-02
-9.36657339e-02
-9.37445983e-02
-9.38225910e-02
-9.38996971e-02
-9.39759165e-02
-9.40512493e-02
-9.41256955e-02
-9.41992626e-02
-9.42719355e-02
-9.43437293e-02
-9.44146290e-02
-9.44846421e-02
-9.45537761e-02
-9.46220085e-02
-9.46893543e-02
-9.47558135e-02
-9.48213711e-02
-9.48860422e-02
-9.49498266e-02
-9.50127095e-02
-9.50747058e-02
-9.51358080e-02
-9.51960236e-02
-9.52553377e-02
-9.53137651e-02
-9.53712910e-02
-9.54279229e-02
-9.54836607e-02
-9.55385119e-02
-9.55924615e-02
-9.56455171e-02
-9.56976786e-02
-9.57489461e-02
-9.57993194e-02
-9.58487913e-02
-9.58973616e-02
-9.59450230e-02
-9.59917754e-02
-9.60376263e-02
-9.60825607e-02
-9.61265936e-02
-9.61697102e-02
-9.62119177e-02
-9.62532237e-02
-9.62936133e-02
-9.63331014e-02
-9.63716730e-02
-9.64093432e-02
-9.64461043e-02
-9.64819565e-02
-9.65168923e-02
-9.65509266e-02
-9.65840444e-02
-9.66162533e-02
-9.66475531e-02
-9.66779515e-02
-9.67074409e-02
-9.67360139e-02
-9.67636853e-02
-9.67904404e-02
-9.68162864e-02
-9.68412310e-02
-9.68652591e-02
-9.68883857e-02
-9.69105959e-02
-9.69318897e-02
-9.69522819e-02
-9.69717577e-02
-9.69903246e-02
-9.70079899e-02
-9.70247388e-02
-9.70405862e-02
-9.70555171e-02
-9.70695466e-02
-9.70826596e-02
-9.70948711e-02
-9.71061662e-02
-9.71165448e-02
-9.71260071e-02
-9.71345529e-02
-9.71421897e-02
-9.71489027e-02
-9.71546993e-02
-9.71595868e-02
-9.71635506e-02
-9.71666053e-02
-9.71687511e-02
-9.71699730e-02
-9.71702859e-02
-9.71696898e-02
-9.71681774e-02
-9.71657485e-02
-9.71624106e-02
-9.71581563e-02
-9.71529782e-02
-9.71468985e-02
-9.71398950e-02
-9.71319824e-02
-9.71231461e-02
-9.71134081e-02
-9.71027464e-02
-9.70911756e-02
-9.70786884e-02
-9.70652923e-02
-9.70509872e-02
-9.70357656e-02
-9.70196351e-02
-9.70026031e-02
-9.69846547e-02
-9.69658047e-02
-9.69460309e-02
-9.69253555e-02
-9.69037637e-02
-9.68812704e-02
-9.68578681e-02
-9.68335569e-02
-9.68083292e-02
-9.67822000e-02
-9.67551544e-02
-9.67271999e-02
-9.66983363e-02
-9.66685638e-02
-9.66378897e-02
-9.66062993e-02
-9.65738073e-02
-9.65404063e-02
-9.65060964e-02
-9.64708701e-02
-9.64347422e-02
-9.63977054e-02
-9.63597521e-02
-9.63208973e-02
-9.62811336e-02
-9.62404609e-02
-9.61988792e-02
-9.61563885e-02
-9.61129889e-02
-9.60686803e-02
-9.60234627e-02
-9.59773362e-02
-9.59303007e-02
-9.58823562e-02
-9.58335102e-02
-9.57837552e-02
-9.57331061e-02
-9.56815630e-02
-9.56291258e-02
-9.55757946e-02
-9.55215693e-02
-9.54664499e-02
-9.54104364e-02
-9.53535289e-02
-9.52957273e-02
-9.52370316e-02
-9.51774493e-02
-9.51169655e-02
-9.50555876e-02
-9.49933156e-02
-9.49301571e-02
-9.48660970e-02
-9.48011503e-02
-9.47353020e-02
-9.46685746e-02
-9.46009532e-02
-9.45324376e-02
-9.44630429e-02
-9.43927541e-02
-9.43215787e-02
-9.42495167e-02
-9.41765755e-02
-9.41027403e-02
-9.40280184e-02
-9.39524099e-02
-9.38759223e-02
-9.37985480e-02
-9.37203020e-02
-9.36411694e-02
-9.35611576e-02
-9.34802741e-02
-9.33985040e-02
-9.33158547e-02
-9.32323337e-02
-9.31479260e-02
-9.30626392e-02
-9.29764733e-02
-9.28894281e-02
-9.28015038e-02
-9.27127078e-02
-9.26230401e-02
-9.25325081e-02
-9.24411118e-02
-9.23488513e-02
-9.22557265e-02
-9.21617374e-02
-9.20668840e-02
-9.19711664e-02
-9.18745920e-02
-9.17771459e-02
-9.16788504e-02
-9.15796831e-02
-9.14796591e-02
-9.13787782e-02
-9.12770331e-02
-9.11744386e-02
-9.10709798e-02
-9.09666643e-02
-9.08614993e-02
-9.07554850e-02
-9.06486139e-02
-9.05408934e-02
-9.04323161e-02
-9.03228894e-02
-9.02126133e-02
-9.01014879e-02
-8.99895132e-02
-8.98766890e-02
-8.97630230e-02
-8.96485001e-02
-8.95331353e-02
-8.94169211e-02
-8.92998800e-02
-8.91819969e-02
-8.90632868e-02
-8.89437348e-02
-8.88233557e-02
-8.87021497e-02
-8.85801092e-02
-8.84572342e-02
-8.83335322e-02
-8.82090032e-02
-8.80836472e-02
-8.79574642e-02
-8.78304541e-02
-8.77026170e-02
-8.75739530e-02
-8.74444693e-02
-8.73141661e-02
-8.71830434e-02
-8.70510936e-02
-8.69183317e-02
-8.67847428e-02
-8.66503343e-02
-8.65151137e-02
-8.63790736e-02
-8.62422213e-02
-8.61045644e-02
-8.59661028e-02
-8.58268365e-02
-8.56867656e-02
-8.55458900e-02
-8.54042172e-02
-8.52617398e-02
-8.51184577e-02
-8.49743858e-02
-8.48295093e-02
-8.46838355e-02
-8.45373645e-02
-8.43901038e-02
-8.42420459e-02
-8.40932056e-02
-8.39435682e-02
-8.37931409e-02
-8.36419240e-02
-8.34899172e-02
-8.33371282e-02
-8.31835419e-02
-8.30291733e-02
-8.28740299e-02
-8.27181116e-02
-8.25614184e-02
-8.24039504e-02
-8.22457075e-02
-8.20866972e-02
-8.19269121e-02
-8.17663521e-02
-8.16050395e-02
-8.14429447e-02
-8.12800974e-02
-8.11164826e-02
-8.09521079e-02
-8.07869732e-02
-8.06210786e-02
-8.04544240e-02
-8.02870095e-02
-8.01188350e-02
-7.99499080e-02
-7.97802359e-02
-7.96098188e-02
-7.94386566e-02
-7.92667493e-02
-7.90940970e-02
-7.89206997e-02
-7.87465647e-02
-7.85716996e-02
-7.83960819e-02
-7.82197341e-02
-7.80426487e-02
-7.78648257e-02
-7.76862800e-02
-7.75069967e-02
-7.73269832e-02
-7.71462396e-02
-7.69647583e-02
-7.67825469e-02
-7.65996203e-02
-7.64159784e-02
-7.62316212e-02
-7.60465562e-02
-7.58607835e-02
-7.56743029e-02
-7.54871070e-02
-7.52992108e-02
-7.51105994e-02
-7.49212950e-02
-7.47312829e-02
-7.45405629e-02
-7.43491501e-02
-7.41570368e-02
-7.39642233e-02
-7.37707093e-02
-7.35765025e-02
-7.33816102e-02
-7.31860325e-02
-7.29897693e-02
-7.27928206e-02
-7.25951865e-02
-7.23968595e-02
-7.21978694e-02
-7.19981939e-02
-7.17978477e-02
-7.15968236e-02
-7.13951215e-02
-7.11927563e-02
-7.09897280e-02
-7.07860291e-02
-7.05816597e-02
-7.03766197e-02
-7.01709166e-02
-6.99645579e-02
-6.97575435e-02
-6.95498809e-02
-6.93415627e-02
-6.91325888e-02
-6.89229742e-02
-6.87127113e-02
-6.85017928e-02
-6.82902411e-02
-6.80780411e-02
-6.78652078e-02
-6.76517263e-02
-6.74376190e-02
-6.72228709e-02
-6.70074895e-02
-6.67914823e-02
-6.65748492e-02
-6.63575977e-02
-6.61397204e-02
-6.59212247e-02
-6.57021105e-02
-6.54823855e-02
-6.52620345e-02
-6.50410801e-02
-6.48195073e-02
-6.45973310e-02
-6.43745437e-02
-6.41511455e-02
-6.39271364e-02
-6.37025312e-02
-6.34773299e-02
-6.32515475e-02
-6.30251691e-02
-6.27982020e-02
-6.25706464e-02
-6.23425059e-02
-6.21137768e-02
-6.18844628e-02
-6.16545714e-02
-6.14240952e-02
-6.11930452e-02
-6.09614216e-02
-6.07292242e-02
-6.04964606e-02
-6.02631234e-02
-6.00292273e-02
-5.97947612e-02
-5.95597401e-02
-5.93241528e-02
-5.90880103e-02
-5.88513166e-02
-5.86140715e-02
-5.83762750e-02
-5.81379309e-02
-5.78990392e-02
-5.76596037e-02
-5.74196242e-02
-5.71791083e-02
-5.69380522e-02
-5.66964671e-02
-5.64543419e-02
-5.62116951e-02
-5.59685156e-02
-5.57248183e-02
-5.54805920e-02
-5.52358478e-02
-5.49905859e-02
-5.47448061e-02
-5.44985086e-02
-5.42517006e-02
-5.40043823e-02
-5.37565611e-02
-5.35082370e-02
-5.32594062e-02
-5.30100800e-02
-5.27602546e-02
-5.25099337e-02
-5.22591211e-02
-5.20078167e-02
-5.17560206e-02
-5.15037403e-02
-5.12509719e-02
-5.09977229e-02
-5.07439971e-02
-5.04898019e-02
-5.02351299e-02
-4.99799885e-02
-4.97243777e-02
-4.94683012e-02
-4.92117591e-02
-4.89547551e-02
-4.86972928e-02
-4.84393723e-02
-4.81809974e-02
-4.79221717e-02
-4.76628952e-02
-4.74031717e-02
-4.71430011e-02
-4.68823947e-02
-4.66213450e-02
-4.63598557e-02
-4.60979342e-02
-4.58355770e-02
-4.55727950e-02
-4.53095809e-02
-4.50459458e-02
-4.47818860e-02
-4.45174091e-02
-4.42525111e-02
-4.39871997e-02
-4.37214747e-02
-4.34553400e-02
-4.31887954e-02
-4.29218449e-02
-4.26544920e-02
-4.23867404e-02
-4.21185903e-02
-4.18500490e-02
-4.15811129e-02
-4.13117856e-02
-4.10420708e-02
-4.07719724e-02
-4.05014940e-02
-4.02306318e-02
-3.99593934e-02
-3.96877825e-02
-3.94157954e-02
-3.91434431e-02
-3.88707183e-02
-3.85976322e-02
-3.83241810e-02
-3.80503722e-02
-3.77762131e-02
-3.75016928e-02
-3.72268260e-02
-3.69516052e-02
-3.66760418e-02
-3.64001356e-02
-3.61238830e-02
-3.58472951e-02
-3.55703682e-02
-3.52931097e-02
-3.50155160e-02
-3.47375982e-02
-3.44593562e-02
-3.41807902e-02
-3.39019038e-02
-3.36226970e-02
-3.33431773e-02
-3.30633447e-02
-3.27832028e-02
-3.25027518e-02
-3.22219990e-02
-3.19409445e-02
-3.16595882e-02
-3.13779339e-02
-3.10959890e-02
-3.08137536e-02
-3.05312295e-02
-3.02484185e-02
-2.99653225e-02
-2.96819471e-02
-2.93982942e-02
-2.91143637e-02
-2.88301632e-02
-2.85456907e-02
-2.82609519e-02
-2.79759467e-02
-2.76906826e-02
-2.74051558e-02
-2.71193758e-02
-2.68333405e-02
-2.65470538e-02
-2.62605175e-02
-2.59737372e-02
-2.56867111e-02
-2.53994465e-02
-2.51119435e-02
-2.48242039e-02
-2.45362315e-02
-2.42480300e-02
-2.39596032e-02
-2.36709528e-02
-2.33820789e-02
-2.30929870e-02
-2.28036772e-02
-2.25141570e-02
-2.22244225e-02
-2.19344832e-02
-2.16443390e-02
-2.13539917e-02
-2.10634470e-02
-2.07727030e-02
-2.04817653e-02
-2.01906357e-02
-1.98993161e-02
-1.96078122e-02
-1.93161238e-02
-1.90242548e-02
-1.87322088e-02
-1.84399858e-02
-1.81475915e-02
-1.78550296e-02
-1.75622981e-02
-1.72694046e-02
-1.69763491e-02
-1.66831333e-02
-1.63897648e-02
-1.60962418e-02
-1.58025678e-02
-1.55087467e-02
-1.52147813e-02
-1.49206733e-02
-1.46264266e-02
-1.43320421e-02
-1.40375253e-02
-1.37428772e-02
-1.34481005e-02
-1.31531991e-02
-1.28581747e-02
-1.25630302e-02
-1.22677693e-02
-1.19723948e-02
-1.16769085e-02
-1.13813132e-02
-1.10856118e-02
-1.07898070e-02
-1.04939025e-02
-1.01979002e-02
-9.90180299e-03
-9.60561447e-03
-9.30933561e-03
-9.01297107e-03
-8.71652178e-03
-8.41999240e-03
-8.12338479e-03
-7.82670174e-03
-7.52994511e-03
-7.23311957e-03
-6.93622790e-03
-6.63927197e-03
-6.34225411e-03
-6.04517758e-03
-5.74804563e-03
-5.45086060e-03
-5.15362481e-03
-4.85634245e-03
-4.55901492e-03
-4.26164549e-03
-3.96423740e-03
-3.66679346e-03
-3.36931553e-03
-3.07180802e-03
-2.77426932e-03
-2.47671688e-03
-2.17910623e-03
-1.88159070e-03
-1.58369425e-03
-1.28693739e-03
-9.86461528e-04
-6.97037263e-04
-3.61579878e-04
5.96046448e-08
3.06951511e-03
