-3.06945550e-03
-0.00000000e+00
2.33473466e-03
4.78497986e-03
7.19931209e-03
9.62537248e-03
1.20476875e-02
1.44710476e-02
1.68939102e-02
1.93167310e-02
2.17393357e-02
2.41617523e-02
2.65839398e-02
2.90058833e-02
3.14275548e-02
3.38489376e-02
3.62700038e-02
3.86907347e-02
4.11111079e-02
4.35310975e-02
4.59506772e-02
4.83698323e-02
5.07885329e-02
5.32067642e-02
5.56244962e-02
5.80417104e-02
6.04583882e-02
6.28744960e-02
6.52900189e-02
6.77049309e-02
7.01192170e-02
7.25328475e-02
7.49458000e-02
7.73580521e-02
7.97695816e-02
8.21803585e-02
8.45903829e-02
8.69996101e-02
8.94080251e-02
9.18156132e-02
9.42223445e-02
9.66281965e-02
9.90331471e-02
1.01437181e-01
1.03840262e-01
1.06242374e-01
1.08643502e-01
1.11043610e-01
1.13442682e-01
1.15840696e-01
1.18237622e-01
1.20633453e-01
1.23028159e-01
1.25421718e-01
1.27814114e-01
1.30205318e-01
1.32595316e-01
1.34984061e-01
1.37371555e-01
1.39757767e-01
1.42142683e-01
1.44526258e-01
1.46908477e-01
1.49289340e-01
1.51668802e-01
1.54046848e-01
1.56423464e-01
1.58798635e-01
1.61172286e-01
1.63544461e-01
1.65915087e-01
1.68284178e-01
1.70651689e-01
1.73017621e-01
1.75381944e-01
1.77744612e-01
1.80105627e-01
1.82464972e-01
1.84822604e-01
1.87178522e-01
1.89532682e-01
1.91885084e-01
1.94235682e-01
1.96584463e-01
1.98931426e-01
2.01276526e-01
2.03619733e-01
2.05961064e-01
2.08300456e-01
2.10637897e-01
2.12973371e-01
2.15306863e-01
2.17638329e-01
2.19967782e-01
2.22295180e-01
2.24620491e-01
2.26943716e-01
2.29264826e-01
2.31583804e-01
2.33900592e-01
2.36215234e-01
2.38527641e-01
2.40837827e-01
2.43145764e-01
2.45451435e-01
2.47754812e-01
2.50055850e-01
2.52354592e-01
2.54650950e-01
2.56944954e-01
2.59236544e-01
2.61525750e-01
2.63812512e-01
2.66096801e-01
2.68378615e-01
2.70657897e-01
2.72934645e-01
2.75208831e-01
2.77480483e-01
2.79749513e-01
2.82015949e-01
2.84279764e-01
2.86540926e-01
2.88799375e-01
2.91055173e-01
2.93308198e-01
2.95558512e-01
2.97806084e-01
3.00050825e-01
3.02292824e-01
3.04531962e-01
3.06768268e-01
3.09001744e-01
3.11232328e-01
3.13459963e-01
3.15684676e-01
3.17906439e-01
3.20125222e-01
3.22341025e-01
3.24553788e-01
3.26763541e-01
3.28970224e-01
3.31173867e-01
3.33374381e-01
3.35571796e-01
3.37766081e-01
3.39957178e-01
3.42145115e-01
3.44329864e-01
3.46511394e-01
3.48689705e-01
3.50864738e-01
3.53036463e-01
3.55204910e-01
3.57370019e-01
3.59531820e-01
3.61690253e-01
3.63845289e-01
3.65996897e-01
3.68145078e-01
3.70289862e-01
3.72431189e-01
3.74569029e-01
3.76703352e-01
3.78834158e-01
3.80961418e-01
3.83085132e-01
3.85205269e-01
3.87321830e-01
3.89434725e-01
3.91544014e-01
3.93649608e-01
3.95751536e-01
3.97849739e-01
3.99944276e-01
4.02035028e-01
4.04122025e-01
4.06205267e-01
4.08284724e-01
4.10360396e-01
4.12432224e-01
4.14500147e-01
4.16564196e-01
4.18624312e-01
4.20680523e-01
4.22732800e-01
4.24781144e-01
4.26825494e-01
4.28865850e-01
4.30902243e-01
4.32934552e-01
4.34962839e-01
4.36987042e-01
4.39007133e-01
4.41023141e-01
4.43035036e-01
4.45042789e-01
4.47046399e-01
4.49045777e-01
4.51040983e-01
4.53031927e-01
4.55018669e-01
4.57001150e-01
4.58979338e-01
4.60953236e-01
4.62922841e-01
4.64888126e-01
4.66849029e-01
4.68805581e-01
4.70757723e-01
4.72705483e-01
4.74648803e-01
4.76587683e-01
4.78522092e-01
4.80452061e-01
4.82377499e-01
4.84298408e-01
4.86214787e-01
4.88126636e-01
4.90033925e-01
4.91936594e-01
4.93834645e-01
4.95728135e-01
4.97616917e-01
4.99501079e-01
5.01380563e-01
5.03255308e-01
5.05125403e-01
5.06990790e-01
5.08851409e-01
5.10707319e-01
5.12558520e-01
5.14404953e-01
5.16246498e-01
5.18083215e-01
5.19914985e-01
5.21741927e-01
5.23563921e-01
5.25381088e-01
5.27193308e-01
5.29000580e-01
5.30802965e-01
5.32600284e-01
5.34392655e-01
5.36180079e-01
5.37962437e-01
5.39739847e-01
5.41512191e-01
5.43279409e-01
5.45041502e-01
5.46798468e-01
5.48550367e-01
5.50297081e-01
5.52038670e-01
5.53775072e-01
5.55506289e-01
5.57232320e-01
5.58953106e-01
5.60668707e-01
5.62379003e-01
5.64084113e-01
5.65783858e-01
5.67478359e-01
5.69167435e-01
5.70851207e-01
5.72529614e-01
5.74202716e-01
5.75870335e-01
5.77532589e-01
5.79189479e-01
5.80840886e-01
5.82486868e-01
5.84127426e-01
5.85762501e-01
5.87392032e-01
5.89016140e-01
5.90634763e-01
5.92247784e-01
5.93855262e-01
5.95457196e-01
5.97053528e-01
5.98644257e-01
6.00229323e-01
6.01808786e-01
6.03382647e-01
6.04950845e-01
6.06513321e-01
6.08070195e-01
6.09621346e-01
6.11166835e-01
6.12706661e-01
6.14240766e-01
6.15769207e-01
6.17291808e-01
6.18808568e-01
6.20319426e-01
6.21824503e-01
6.23323739e-01
6.24817133e-01
6.26304567e-01
6.27786219e-01
6.29261911e-01
6.30731702e-01
6.32195592e-01
6.33653581e-01
6.35105550e-01
6.36551678e-01
6.37991786e-01
6.39425933e-01
6.40854120e-01
6.42276287e-01
6.43692434e-01
6.45102501e-01
6.46506488e-01
6.47904396e-01
6.49296224e-01
6.50682032e-01
6.52061641e-01
6.53435230e-01
6.54802620e-01
6.56163871e-01
6.57518983e-01
6.58867955e-01
6.60210729e-01
6.61547363e-01
6.62877738e-01
6.64201975e-01
6.65519953e-01
6.66831732e-01
6.68137193e-01
6.69436336e-01
6.70729220e-01
6.72015727e-01
6.73295975e-01
6.74569905e-01
6.75837457e-01
6.77098691e-01
6.78353548e-01
6.79602087e-01
6.80844188e-01
6.82079971e-01
6.83309257e-01
6.84532225e-01
6.85748696e-01
6.86958790e-01
6.88162446e-01
6.89359665e-01
6.90550447e-01
6.91734791e-01
6.92912579e-01
6.94083869e-01
6.95248604e-01
6.96406722e-01
6.97558343e-01
6.98703349e-01
6.99841857e-01
7.00973749e-01
7.02099144e-01
7.03217924e-01
7.04330027e-01
7.05435574e-01
7.06534445e-01
7.07626700e-01
7.08712399e-01
7.09791422e-01
7.10863829e-01
7.11929500e-01
7.12988615e-01
7.14040995e-01
7.15086699e-01
7.16125727e-01
7.17158079e-01
7.18183637e-01
7.19202459e-01
7.20214486e-01
7.21219718e-01
7.22218156e-01
7.23209739e-01
7.24194527e-01
7.25172520e-01
7.26143718e-01
7.27108121e-01
7.28065610e-01
7.29016364e-01
7.29960203e-01
7.30897188e-01
7.31827378e-01
7.32750595e-01
7.33667016e-01
7.34576523e-01
7.35479176e-01
7.36374855e-01
7.37263620e-01
7.38145471e-01
7.39020407e-01
7.39888430e-01
7.40749538e-01
7.41603732e-01
7.42450953e-01
7.43291259e-01
7.44124532e-01
7.44950771e-01
7.45769978e-01
7.46582150e-01
7.47387290e-01
7.48185396e-01
7.48976409e-01
7.49760389e-01
7.50537395e-01
7.51307309e-01
7.52070189e-01
7.52825975e-01
7.53574610e-01
7.54316270e-01
7.55050778e-01
7.55778253e-01
7.56498516e-01
7.57211745e-01
7.57917821e-01
7.58616745e-01
7.59308577e-01
7.59993315e-01
7.60670841e-01
7.61341274e-01
7.62004495e-01
7.62660563e-01
7.63309538e-01
7.63951361e-01
7.64586031e-01
7.65213549e-01
7.65833914e-01
7.66447127e-01
7.67053127e-01
7.67651916e-01
7.68243432e-01
7.68827677e-01
7.69404650e-01
7.69974351e-01
7.70536780e-01
7.71091938e-01
7.71639884e-01
7.72180498e-01
7.72713900e-01
7.73239970e-01
7.73758829e-01
7.74270356e-01
7.74774671e-01
7.75271654e-01
7.75761425e-01
7.76243806e-01
7.76718974e-01
7.77186811e-01
7.77647436e-01
7.78100669e-01
7.78546631e-01
7.78985262e-01
7.79416621e-01
7.79840589e-01
7.80257285e-01
7.80666590e-01
7.81068563e-01
7.81463206e-01
7.81850517e-01
7.82230496e-01
7.82603145e-01
7.82968342e-01
7.83326268e-01
7.83676803e-01
7.84020007e-01
7.84355760e-01
7.84684241e-01
7.85005331e-01
7.85319090e-01
7.85625458e-01
7.85924375e-01
7.86215961e-01
7.86500096e-01
7.86776900e-01
7.87046313e-01
7.87308276e-01
7.87562847e-01
7.87810028e-01
7.88049817e-01
7.88282216e-01
7.88507223e-01
7.88724840e-01
7.88935065e-01
7.89137900e-01
7.89333344e-01
7.89521396e-01
7.89702058e-01
7.89875329e-01
7.90041208e-01
7.90199697e-01
7.90350735e-01
7.90494382e-01
7.90630639e-01
7.90759444e-01
7.90880799e-01
7.90994704e-01
7.91101098e-01
7.91199982e-01
7.91291356e-01
7.91375220e-01
7.91451573e-01
7.91520417e-01
7.91581750e-01
7.91635573e-01
7.91681886e-01
7.91720688e-01
7.91751981e-01
7.91775763e-01
7.91792035e-01
7.91800797e-01
7.91802049e-01
7.91795790e-01
7.91782022e-01
7.91760743e-01
7.91731954e-01
7.91695654e-01
7.91651845e-01
7.91600525e-01
7.91541696e-01
7.91475356e-01
7.91401505e-01
7.91320145e-01
7.91231275e-01
7.91134894e-01
7.91031003e-01
7.90919602e-01
7.90800691e-01
7.90674269e-01
7.90540338e-01
7.90398955e-01
7.90250123e-01
7.90093899e-01
7.89930284e-01
7.89759219e-01
7.89580762e-01
7.89394915e-01
7.89201558e-01
7.89000869e-01
7.88792789e-01
7.88577318e-01
7.88354397e-01
7.88124144e-01
7.87886500e-01
7.87641466e-01
7.87389040e-01
7.87129223e-01
7.86862016e-01
7.86587417e-01
7.86305487e-01
7.86016107e-01
7.85719335e-01
7.85415173e-01
7.85103619e-01
7.84784675e-01
7.84458280e-01
7.84124553e-01
7.83783436e-01
7.83434927e-01
7.83079088e-01
7.82715917e-01
7.82345355e-01
7.81967402e-01
7.81582117e-01
7.81189442e-01
7.80789495e-01
7.80382216e-01
7.79967546e-01
7.79545605e-01
7.79116273e-01
7.78679669e-01
7.78235674e-01
7.77784467e-01
7.77325869e-01
7.76859939e-01
7.76386678e-01
7.75906146e-01
7.75418341e-01
7.74923205e-01
7.74420857e-01
7.73911178e-01
7.73394287e-01
7.72870004e-01
7.72338510e-01
7.71799743e-01
7.71253765e-01
7.70700455e-01
7.70139873e-01
7.69572020e-01
7.68996954e-01
7.68414617e-01
7.67825007e-01
7.67228127e-01
7.66623974e-01
7.66012549e-01
7.65393853e-01
7.64768004e-01
7.64135003e-01
7.63494849e-01
7.62847543e-01
7.62193084e-01
7.61531472e-01
7.60862708e-01
7.60186791e-01
7.59503722e-01
7.58813560e-01
7.58116245e-01
7.57411718e-01
7.56700099e-01
7.55981326e-01
7.55255461e-01
7.54522502e-01
7.53782392e-01
7.53035247e-01
7.52280951e-01
7.51519501e-01
7.50751019e-01
7.49975383e-01
7.49192774e-01
7.48403132e-01
7.47606397e-01
7.46802688e-01
7.45991886e-01
7.45174050e-01
7.44349182e-01
7.43517280e-01
7.42678404e-01
7.41832495e-01
7.40979552e-01
7.40119576e-01
7.39252687e-01
7.38378823e-01
7.37498045e-01
7.36610413e-01
7.35715866e-01
7.34814405e-01
7.33905971e-01
7.32990682e-01
7.32068479e-01
7.31139421e-01
7.30203450e-01
7.29260623e-01
7.28310943e-01
7.27354407e-01
7.26391077e-01
7.25420833e-01
7.24443734e-01
7.23459840e-01
7.22469211e-01
7.21471727e-01
7.20467448e-01
7.19456315e-01
7.18438387e-01
7.17413664e-01
7.16382146e-01
7.15343833e-01
7.14298785e-01
7.13247061e-01
7.12188601e-01
7.11123466e-01
7.10051715e-01
7.08973348e-01
7.07888246e-01
7.06796527e-01
7.05698133e-01
7.04593122e-01
7.03481436e-01
7.02363193e-01
7.01238334e-01
7.00106919e-01
6.98968828e-01
6.97824180e-01
6.96672916e-01
6.95515156e-01
6.94350779e-01
6.93179905e-01
6.92002475e-01
6.90818489e-01
6.89627945e-01
6.88430905e-01
6.87227428e-01
6.86017513e-01
6.84801102e-01
6.83578312e-01
6.82349026e-01
6.81113362e-01
6.79871261e-01
6.78622782e-01
6.77367926e-01
6.76106751e-01
6.74839139e-01
6.73565149e-01
6.72284842e-01
6.70998216e-01
6.69705272e-01
6.68406010e-01
6.67100430e-01
6.65788531e-01
6.64470315e-01
6.63145781e-01
6.61815047e-01
6.60478115e-01
6.59134984e-01
6.57785654e-01
6.56430125e-01
6.55068457e-01
6.53700590e-01
6.52326584e-01
6.50946438e-01
6.49560094e-01
6.48167729e-01
6.46769226e-01
6.45364642e-01
6.43953979e-01
6.42537236e-01
6.41114414e-01
6.39685452e-01
6.38250530e-01
6.36809587e-01
6.35362685e-01
6.33909822e-01
6.32450938e-01
6.30986154e-01
6.29515409e-01
6.28038764e-01
6.26556277e-01
6.25067830e-01
6.23573482e-01
6.22073293e-01
6.20567203e-01
6.19055271e-01
6.17537439e-01
6.16013825e-01
6.14484310e-01
6.12949014e-01
6.11407876e-01
6.09861016e-01
6.08308494e-01
6.06750369e-01
6.05186462e-01
6.03616893e-01
6.02041662e-01
6.00460768e-01
5.98874211e-01
5.97281992e-01
5.95684171e-01
5.94080746e-01
5.92471719e-01
5.90857089e-01
5.89236856e-01
5.87611079e-01
5.85979760e-01
5.84342957e-01
5.82700670e-01
5.81052899e-01
5.79399645e-01
5.77740967e-01
5.76076865e-01
5.74407279e-01
5.72732329e-01
5.71051955e-01
5.69366217e-01
5.67675173e-01
5.65978706e-01
5.64276934e-01
5.62569737e-01
5.60857236e-01
5.59139490e-01
5.57416558e-01
5.55688322e-01
5.53954840e-01
5.52216172e-01
5.50472319e-01
5.48723280e-01
5.46968997e-01
5.45209646e-01
5.43445170e-01
5.41675508e-01
5.39900780e-01
5.38120866e-01
5.36335945e-01
5.34545958e-01
5.32750964e-01
5.30950963e-01
5.29145956e-01
5.27336001e-01
5.25521100e-01
5.23701191e-01
5.21876454e-01
5.20046771e-01
5.18212140e-01
5.16372681e-01
5.14528275e-01
5.12679040e-01
5.10824919e-01
5.08965969e-01
5.07102251e-01
5.05233824e-01
5.03360629e-01
5.01482666e-01
4.99600053e-01
4.97712672e-01
4.95820642e-01
4.93923962e-01
4.92022574e-01
4.90116626e-01
4.88206029e-01
4.86290812e-01
4.84371036e-01
4.82446700e-01
4.80517834e-01
4.78584439e-01
4.76646483e-01
4.74704087e-01
4.72757190e-01
4.70805854e-01
4.68850106e-01
4.66889918e-01
4.64925319e-01
4.62956339e-01
4.60983008e-01
4.59005326e-01
4.57023323e-01
4.55037028e-01
4.53046471e-01
4.51051623e-01
4.49052542e-01
4.47049230e-01
4.45041686e-01
4.43029970e-01
4.41014051e-01
4.38993990e-01
4.36969757e-01
4.34941441e-01
4.32909042e-01
4.30872560e-01
4.28831995e-01
4.26787406e-01
4.24738795e-01
4.22686189e-01
4.20629621e-01
4.18569088e-01
4.16504622e-01
4.14436191e-01
4.12363887e-01
4.10287619e-01
4.08207506e-01
4.06123549e-01
4.04035807e-01
4.01944250e-01
3.99848908e-01
3.97749811e-01
3.95646960e-01
3.93540382e-01
3.91430110e-01
3.89316142e-01
3.87198538e-01
3.85077268e-01
3.82952362e-01
3.80823851e-01
3.78691733e-01
3.76556069e-01
3.74416828e-01
3.72274071e-01
3.70127797e-01
3.67978036e-01
3.65824819e-01
3.63668174e-01
3.61508071e-01
3.59344572e-01
3.57177675e-01
3.55007440e-01
3.52833867e-01
3.50656956e-01
3.48476738e-01
3.46293271e-01
3.44106495e-01
3.41916502e-01
3.39723289e-01
3.37526858e-01
3.35327268e-01
3.33124518e-01
3.30918610e-01
3.28709602e-01
3.26497525e-01
3.24282348e-01
3.22064131e-01
3.19842875e-01
3.17618579e-01
3.15391302e-01
3.13161075e-01
3.10927898e-01
3.08691770e-01
3.06452721e-01
3.04210752e-01
3.01965952e-01
2.99718350e-01
2.97467887e-01
2.95214653e-01
2.92958587e-01
2.90699780e-01
2.88438261e-01
2.86174029e-01
2.83907086e-01
2.81637490e-01
2.79365212e-01
2.77090281e-01
2.74812788e-01
2.72532672e-01
2.70249993e-01
2.67964780e-01
2.65677035e-01
2.63386786e-01
2.61094064e-01
2.58798897e-01
2.56501257e-01
2.54201233e-01
2.51898795e-01
2.49594003e-01
2.47286856e-01
2.44977385e-01
2.42665604e-01
2.40351528e-01
2.38035187e-01
2.35716596e-01
2.33395800e-01
2.31072798e-01
2.28747606e-01
2.26420268e-01
2.24090800e-01
2.21759230e-01
2.19425559e-01
2.17089832e-01
2.14752048e-01
2.12412238e-01
2.10070416e-01
2.07726642e-01
2.05380887e-01
2.03033224e-01
2.00683638e-01
1.98332176e-01
1.95978820e-01
1.93623617e-01
1.91266596e-01
1.88907772e-01
1.86547175e-01
1.84184834e-01
1.81820735e-01
1.79454938e-01
1.77087456e-01
1.74718291e-01
1.72347501e-01
1.69975057e-01
1.67601034e-01
1.65225431e-01
1.62848264e-01
1.60469562e-01
1.58089370e-01
1.55707672e-01
1.53324515e-01
1.50939912e-01
1.48553878e-01
1.46166459e-01
1.43777654e-01
1.41387507e-01
1.38996020e-01
1.36603206e-01
1.34209126e-01
1.31813765e-01
1.29417181e-01
1.27019361e-01
1.24620356e-01
1.22220173e-01
1.19818836e-01
1.17416374e-01
1.15012802e-01
1.12608150e-01
1.10202439e-01
1.07795693e-01
1.05387919e-01
1.02979161e-01
1.00569427e-01
9.81587470e-02
9.57471505e-02
9.33346450e-02
9.09212604e-02
8.85070115e-02
8.60919356e-02
8.36760476e-02
8.12593699e-02
7.88419247e-02
7.64237419e-02
7.40048438e-02
7.15852380e-02
6.91649616e-02
6.67440370e-02
6.43224865e-02
6.19003214e-02
5.94775751e-02
5.70542663e-02
5.46304211e-02
5.22060655e-02
4.97812144e-02
4.73558977e-02
4.49301302e-02
4.25039418e-02
4.00773548e-02
3.76503915e-02
3.52230705e-02
3.27954181e-02
3.03674564e-02
2.79392079e-02
2.55106967e-02
2.30819453e-02
2.06529759e-02
1.82238128e-02
1.57944784e-02
1.33649958e-02
1.09353866e-02
8.50567501e-03
6.07588328e-03
3.64603451e-03
1.21615175e-03
-1.21374254e-03
-3.64362518e-03
-6.07347349e-03
-8.50326382e-03
-1.09329754e-02
-1.33625828e-02
-1.57920644e-02
-1.82213970e-02
-2.06505582e-02
-2.30795275e-02
-2.55082790e-02
-2.79367901e-02
-3.03650368e-02
-3.27929966e-02
-3.52206491e-02
-3.76479663e-02
-4.00749296e-02
-4.25015129e-02
-4.49277014e-02
-4.73534614e-02
-4.97787781e-02
-5.22036254e-02
-5.46279773e-02
-5.70518151e-02
-5.94751164e-02
-6.18978590e-02
-6.43200204e-02
-6.67415708e-02
-6.91624954e-02
-7.15827644e-02
-7.40023702e-02
-7.64212683e-02
-7.88394511e-02
-8.12568963e-02
-8.36735666e-02
-8.60894546e-02
-8.85045305e-02
-9.09187719e-02
-9.33321565e-02
-9.57446620e-02
-9.81562659e-02
-1.00566939e-01
-1.02976672e-01
-1.05385430e-01
-1.07793190e-01
-1.10199943e-01
-1.12605654e-01
-1.15010306e-01
-1.17413878e-01
-1.19816333e-01
-1.22217670e-01
-1.24617852e-01
-1.27016857e-01
-1.29414693e-01
-1.31811291e-01
-1.34206653e-01
-1.36600733e-01
-1.38993531e-01
-1.41385019e-01
-1.43775180e-01
-1.46163985e-01
-1.48551419e-01
-1.50937438e-01
-1.53322056e-01
-1.55705214e-01
-1.58086911e-01
-1.60467118e-01
-1.62845820e-01
-1.65222973e-01
-1.67598575e-01
-1.69972613e-01
-1.72345027e-01
-1.74715832e-01
-1.77084982e-01
-1.79452479e-01
-1.81818262e-01
-1.84182346e-01
-1.86544701e-01
-1.88905284e-01
-1.91264093e-01
-1.93621099e-01
-1.95976302e-01
-1.98329642e-01
-2.00681120e-01
-2.03030691e-01
-2.05378368e-01
-2.07724109e-01
-2.10067883e-01
-2.12409675e-01
-2.14749470e-01
-2.17087239e-01
-2.19422966e-01
-2.21756622e-01
-2.24088192e-01
-2.26417661e-01
-2.28744999e-01
-2.31070191e-01
-2.33393177e-01
-2.35713974e-01
-2.38032535e-01
-2.40348876e-01
-2.42662936e-01
-2.44974717e-01
-2.47284189e-01
-2.49591321e-01
-2.51896113e-01
-2.54198551e-01
-2.56498605e-01
-2.58796245e-01
-2.61091411e-01
-2.63384163e-01
-2.65674412e-01
-2.67962158e-01
-2.70247400e-01
-2.72530079e-01
-2.74810165e-01
-2.77087659e-01
-2.79362559e-01
-2.81634837e-01
-2.83904463e-01
-2.86171407e-01
-2.88435638e-01
-2.90697187e-01
-2.92955965e-01
-2.95212001e-01
-2.97465235e-01
-2.99715698e-01
-3.01963300e-01
-3.04208100e-01
-3.06450039e-01
-3.08689117e-01
-3.10925275e-01
-3.13158453e-01
-3.15388680e-01
-3.17615926e-01
-3.19840223e-01
-3.22061509e-01
-3.24279755e-01
-3.26494902e-01
-3.28707010e-01
-3.30915987e-01
-3.33121896e-01
-3.35324645e-01
-3.37524235e-01
-3.39720637e-01
-3.41913879e-01
-3.44103873e-01
-3.46290648e-01
-3.48474145e-01
-3.50654364e-01
-3.52831274e-01
-3.55004877e-01
-3.57175112e-01
-3.59342009e-01
-3.61505479e-01
-3.63665551e-01
-3.65822196e-01
-3.67975414e-01
-3.70125145e-01
-3.72271419e-01
-3.74414146e-01
-3.76553386e-01
-3.78689051e-01
-3.80821168e-01
-3.82949710e-01
-3.85074615e-01
-3.87195915e-01
-3.89313549e-01
-3.91427517e-01
-3.93537790e-01
-3.95644397e-01
-3.97747248e-01
-3.99846375e-01
-4.01941687e-01
-4.04033273e-01
-4.06121016e-01
-4.08204973e-01
-4.10285056e-01
-4.12361264e-01
-4.14433569e-01
-4.16501999e-01
-4.18566465e-01
-4.20627028e-01
-4.22683626e-01
-4.24736232e-01
-4.26784843e-01
-4.28829432e-01
-4.30869967e-01
-4.32906449e-01
-4.34938848e-01
-4.36967134e-01
-4.38991338e-01
-4.41011399e-01
-4.43027318e-01
-4.45039034e-01
-4.47046608e-01
-4.49049920e-01
-4.51049030e-01
-4.53043878e-01
-4.55034465e-01
-4.57020730e-01
-4.59002703e-01
-4.60980386e-01
-4.62953717e-01
-4.64922667e-01
-4.66887265e-01
-4.68847424e-01
-4.70803201e-01
-4.72754538e-01
-4.74701434e-01
-4.76643831e-01
-4.78581756e-01
-4.80515152e-01
-4.82444048e-01
-4.84368384e-01
-4.86288160e-01
-4.88203377e-01
-4.90113974e-01
-4.92019922e-01
-4.93921280e-01
-4.95817959e-01
-4.97709990e-01
-4.99597371e-01
-5.01480043e-01
-5.03357947e-01
-5.05231142e-01
-5.07099569e-01
-5.08963287e-01
-5.10822296e-01
-5.12676477e-01
-5.14525712e-01
-5.16370118e-01
-5.18209636e-01
-5.20044208e-01
-5.21873951e-01
-5.23698747e-01
-5.25518656e-01
-5.27333558e-01
-5.29143512e-01
-5.30948520e-01
-5.32748520e-01
-5.34543514e-01
-5.36333501e-01
-5.38118482e-01
-5.39898336e-01
-5.41673064e-01
-5.43442667e-01
-5.45207262e-01
-5.46966672e-01
-5.48720896e-01
-5.50469935e-01
-5.52213848e-01
-5.53952515e-01
-5.55685997e-01
-5.57414293e-01
-5.59137285e-01
-5.60855091e-01
-5.62567592e-01
-5.64274788e-01
-5.65976620e-01
-5.67673087e-01
-5.69364190e-01
-5.71049929e-01
-5.72730243e-01
-5.74405253e-01
-5.76074779e-01
-5.77738881e-01
-5.79397619e-01
-5.81050813e-01
-5.82698643e-01
-5.84340930e-01
-5.85977733e-01
-5.87609053e-01
-5.89234829e-01
-5.90855062e-01
-5.92469692e-01
-5.94078720e-01
-5.95682144e-01
-5.97280025e-01
-5.98872244e-01
-6.00458801e-01
-6.02039695e-01
-6.03614867e-01
-6.05184436e-01
-6.06748343e-01
-6.08306587e-01
-6.09859169e-01
-6.11406028e-01
-6.12947166e-01
-6.14482582e-01
-6.16012096e-01
-6.17535710e-01
-6.19053483e-01
-6.20565414e-01
-6.22071564e-01
-6.23571813e-01
-6.25066161e-01
-6.26554608e-01
-6.28037155e-01
-6.29513800e-01
-6.30984485e-01
-6.32449269e-01
-6.33908093e-01
-6.35360897e-01
-6.36807799e-01
-6.38248742e-01
-6.39683723e-01
-6.41112626e-01
-6.42535448e-01
-6.43952191e-01
-6.45362854e-01
-6.46767437e-01
-6.48165941e-01
-6.49558306e-01
-6.50944650e-01
-6.52324796e-01
-6.53698802e-01
-6.55066609e-01
-6.56428337e-01
-6.57783806e-01
-6.59133136e-01
-6.60476267e-01
-6.61813200e-01
-6.63143933e-01
-6.64468408e-01
-6.65786624e-01
-6.67098522e-01
-6.68404102e-01
-6.69703424e-01
-6.70996368e-01
-6.72283053e-01
-6.73563361e-01
-6.74837291e-01
-6.76104903e-01
-6.77366197e-01
-6.78620994e-01
-6.79869473e-01
-6.81111515e-01
-6.82347238e-01
-6.83576465e-01
-6.84799254e-01
-6.86015666e-01
-6.87225580e-01
-6.88429117e-01
-6.89626157e-01
-6.90816700e-01
-6.92000747e-01
-6.93178177e-01
-6.94349110e-01
-6.95513427e-01
-6.96671188e-01
-6.97822392e-01
-6.98967099e-01
-7.00105190e-01
-7.01236665e-01
-7.02361584e-01
-7.03479826e-01
-7.04591453e-01
-7.05696464e-01
-7.06794858e-01
-7.07886636e-01
-7.08971679e-01
-7.10050106e-01
-7.11121857e-01
-7.12186933e-01
-7.13245392e-01
-7.14297175e-01
-7.15342283e-01
-7.16380596e-01
-7.17412114e-01
-7.18436837e-01
-7.19454765e-01
-7.20465899e-01
-7.21470177e-01
-7.22467601e-01
-7.23458230e-01
-7.24442124e-01
-7.25419164e-01
-7.26389349e-01
-7.27352738e-01
-7.28309274e-01
-7.29259014e-01
-7.30201840e-01
-7.31137812e-01
-7.32066870e-01
-7.32989073e-01
-7.33904302e-01
-7.34812737e-01
-7.35714197e-01
-7.36608744e-01
-7.37496376e-01
-7.38377094e-01
-7.39250898e-01
-7.40117788e-01
-7.40977705e-01
-7.41830587e-01
-7.42676497e-01
-7.43515313e-01
-7.44347215e-01
-7.45172083e-01
-7.45989978e-01
-7.46800780e-01
-7.47604609e-01
-7.48401344e-01
-7.49191105e-01
-7.49973714e-01
-7.50749290e-01
-7.51517713e-01
-7.52279103e-01
-7.53033340e-01
-7.53780544e-01
-7.54520595e-01
-7.55253613e-01
-7.55979478e-01
-7.56698191e-01
-7.57409811e-01
-7.58114338e-01
-7.58811712e-01
-7.59501934e-01
-7.60185003e-01
-7.60860920e-01
-7.61529684e-01
-7.62191296e-01
-7.62845755e-01
-7.63493061e-01
-7.64133215e-01
-7.64766216e-01
-7.65392065e-01
-7.66010761e-01
-7.66622186e-01
-7.67226398e-01
-7.67823339e-01
-7.68413007e-01
-7.68995404e-01
-7.69570529e-01
-7.70138383e-01
-7.70698905e-01
-7.71252215e-01
-7.71798193e-01
-7.72336960e-01
-7.72868395e-01
-7.73392618e-01
-7.73909569e-01
-7.74419188e-01
-7.74921596e-01
-7.75416672e-01
-7.75904536e-01
-7.76385009e-01
-7.76858270e-01
-7.77324140e-01
-7.77782738e-01
-7.78234065e-01
-7.78677940e-01
-7.79114544e-01
-7.79543817e-01
-7.79965758e-01
-7.80380368e-01
-7.80787647e-01
-7.81187534e-01
-7.81580091e-01
-7.81965315e-01
-7.82343209e-01
-7.82713830e-01
-7.83077002e-01
-7.83432841e-01
-7.83781290e-01
-7.84122407e-01
-7.84456074e-01
-7.84782350e-01
-7.85101295e-01
-7.85412848e-01
-7.85717010e-01
-7.86013782e-01
-7.86303222e-01
-7.86585212e-01
-7.86859810e-01
-7.87127078e-01
-7.87386894e-01
-7.87639320e-01
-7.87884355e-01
-7.88121998e-01
-7.88352251e-01
-7.88575113e-01
-7.88790584e-01
-7.88998663e-01
-7.89199352e-01
-7.89392650e-01
-7.89578557e-01
-7.89757073e-01
-7.89928198e-01
-7.90091932e-01
-7.90248215e-01
-7.90397048e-01
-7.90538430e-01
-7.90672362e-01
-7.90798783e-01
-7.90917695e-01
-7.91029096e-01
-7.91132987e-01
-7.91229367e-01
-7.91318238e-01
-7.91399598e-01
-7.91473448e-01
-7.91539788e-01
-7.91598618e-01
-7.91649938e-01
-7.91693747e-01
-7.91730046e-01
-7.91758835e-01
-7.91780114e-01
-7.91793883e-01
-7.91800141e-01
-7.91798890e-01
-7.91790128e-01
-7.91773856e-01
-7.91750073e-01
-7.91718781e-01
-7.91679978e-01
-7.91633666e-01
-7.91579843e-01
-7.91518509e-01
-7.91449666e-01
-7.91373312e-01
-7.91289449e-01
-7.91198075e-01
-7.91099191e-01
-7.90992796e-01
-7.90878952e-01
-7.90757596e-01
-7.90628850e-01
-7.90492654e-01
-7.90349066e-01
-7.90198028e-01
-7.90039599e-01
-7.89873719e-01
-7.89700449e-01
-7.89519787e-01
-7.89331734e-01
-7.89136291e-01
-7.88933456e-01
-7.88723230e-01
-7.88505614e-01
-7.88280606e-01
-7.88048208e-01
-7.87808418e-01
-7.87561238e-01
-7.87306666e-01
-7.87044704e-01
-7.86775351e-01
-7.86498606e-01
-7.86214471e-01
-7.85922945e-01
-7.85624087e-01
-7.85317838e-01
-7.85004139e-01
-7.84683108e-01
-7.84354687e-01
-7.84018874e-01
-7.83675730e-01
-7.83325195e-01
-7.82967269e-01
-7.82602012e-01
-7.82229424e-01
-7.81849444e-01
-7.81462133e-01
-7.81067550e-01
-7.80665576e-01
-7.80256271e-01
-7.79839635e-01
-7.79415667e-01
-7.78984427e-01
-7.78545797e-01
-7.78099835e-01
-7.77646601e-01
-7.77186036e-01
-7.76718199e-01
-7.76243031e-01
-7.75760591e-01
-7.75270879e-01
-7.74773896e-01
-7.74269640e-01
-7.73758113e-01
-7.73239255e-01
-7.72713125e-01
-7.72179782e-01
-7.71639109e-01
-7.71091163e-01
-7.70536005e-01
-7.69973576e-01
-7.69403815e-01
-7.68826842e-01
-7.68242598e-01
-7.67651081e-01
-7.67052293e-01
-7.66446292e-01
-7.65833080e-01
-7.65212715e-01
-7.64585197e-01
-7.63950586e-01
-7.63308764e-01
-7.62659848e-01
-7.62003779e-01
-7.61340499e-01
-7.60670125e-01
-7.59992540e-01
-7.59307861e-01
-7.58616030e-01
-7.57917047e-01
-7.57210970e-01
-7.56497741e-01
-7.55777419e-01
-7.55050004e-01
-7.54315495e-01
-7.53573895e-01
-7.52825201e-01
-7.52069414e-01
-7.51306593e-01
-7.50536621e-01
-7.49759674e-01
-7.48975635e-01
-7.48184562e-01
-7.47386456e-01
-7.46581316e-01
-7.45769143e-01
-7.44949937e-01
-7.44123697e-01
-7.43290424e-01
-7.42450178e-01
-7.41602898e-01
-7.40748703e-01
-7.39887595e-01
-7.39019513e-01
-7.38144577e-01
-7.37262666e-01
-7.36373842e-01
-7.35478163e-01
-7.34575570e-01
-7.33666122e-01
-7.32749760e-01
-7.31826544e-01
-7.30896413e-01
-7.29959488e-01
-7.29015648e-01
-7.28064954e-01
-7.27107465e-01
-7.26143122e-01
-7.25171924e-01
-7.24193990e-01
-7.23209202e-01
-7.22217619e-01
-7.21219242e-01
-7.20214128e-01
-7.19202101e-01
-7.18183279e-01
-7.17157662e-01
-7.16125309e-01
-7.15086222e-01
-7.14040518e-01
-7.12988138e-01
-7.11929142e-01
-7.10863471e-01
-7.09791124e-01
-7.08712041e-01
-7.07626402e-01
-7.06534147e-01
-7.05435276e-01
-7.04329729e-01
-7.03217626e-01
-7.02098846e-01
-7.00973511e-01
-6.99841559e-01
-6.98703051e-01
-6.97558045e-01
-6.96406484e-01
-6.95248306e-01
-6.94083571e-01
-6.92912281e-01
-6.91734493e-01
-6.90550208e-01
-6.89359486e-01
-6.88162327e-01
-6.86958671e-01
-6.85748577e-01
-6.84532106e-01
-6.83309138e-01
-6.82079792e-01
-6.80844128e-01
-6.79601967e-01
-6.78353488e-01
-6.77098572e-01
-6.75837398e-01
-6.74569845e-01
-6.73295975e-01
-6.72015786e-01
-6.70729280e-01
-6.69436455e-01
-6.68137312e-01
-6.66831851e-01
-6.65520072e-01
-6.64202094e-01
-6.62877917e-01
-6.61547542e-01
-6.60211027e-01
-6.58868253e-01
-6.57519341e-01
-6.56164229e-01
-6.54802918e-01
-6.53435528e-01
-6.52061999e-01
-6.50682330e-01
-6.49296582e-01
-6.47904694e-01
-6.46506727e-01
-6.45102739e-01
-6.43692732e-01
-6.42276585e-01
-6.40854359e-01
-6.39426172e-01
-6.37992024e-01
-6.36551917e-01
-6.35105848e-01
-6.33653879e-01
-6.32195950e-01
-6.30732000e-01
-6.29262269e-01
-6.27786577e-01
-6.26304984e-01
-6.24817550e-01
-6.23324215e-01
-6.21825039e-01
-6.20320022e-01
-6.18809104e-01
-6.17292345e-01
-6.15769804e-01
-6.14241362e-01
-6.12707257e-01
-6.11167431e-01
-6.09621942e-01
-6.08070791e-01
-6.06513977e-01
-6.04951560e-01
-6.03383362e-01
-6.01809561e-01
-6.00230098e-01
-5.98645091e-01
-5.97054362e-01
-5.95458090e-01
-5.93856215e-01
-5.92248738e-01
-5.90635657e-01
-5.89017093e-01
-5.87393045e-01
-5.85763454e-01
-5.84128380e-01
-5.82487881e-01
-5.80841899e-01
-5.79190493e-01
-5.77533662e-01
-5.75871408e-01
-5.74203789e-01
-5.72530746e-01
-5.70852399e-01
-5.69168687e-01
-5.67479610e-01
-5.65785170e-01
-5.64085364e-01
-5.62380314e-01
-5.60670018e-01
-5.58954477e-01
-5.57233691e-01
-5.55507600e-01
-5.53776443e-01
-5.52040040e-01
-5.50298512e-01
-5.48551798e-01
-5.46799839e-01
-5.45042872e-01
-5.43280780e-01
-5.41513562e-01
-5.39741278e-01
-5.37963927e-01
-5.36181569e-01
-5.34394205e-01
-5.32601833e-01
-5.30804455e-01
-5.29002130e-01
-5.27194917e-01
-5.25382698e-01
-5.23565650e-01
-5.21743596e-01
-5.19916713e-01
-5.18084884e-01
-5.16248226e-01
-5.14406681e-01
-5.12560308e-01
-5.10709107e-01
-5.08853137e-01
-5.06992459e-01
-5.05127132e-01
-5.03257036e-01
-5.01382232e-01
-4.99502718e-01
-4.97618556e-01
-4.95729744e-01
-4.93836284e-01
-4.91938204e-01
-4.90035534e-01
-4.88128245e-01
-4.86216396e-01
-4.84299988e-01
-4.82379079e-01
-4.80453610e-01
-4.78523672e-01
-4.76589262e-01
-4.74650353e-01
-4.72707003e-01
-4.70759273e-01
-4.68807101e-01
-4.66850579e-01
-4.64889675e-01
-4.62924391e-01
-4.60954756e-01
-4.58980858e-01
-4.57002640e-01
-4.55020159e-01
-4.53033417e-01
-4.51042473e-01
-4.49047267e-01
-4.47047859e-01
-4.45044309e-01
-4.43036586e-01
-4.41024691e-01
-4.39008683e-01
-4.36988562e-01
-4.34964329e-01
-4.32936043e-01
-4.30903703e-01
-4.28867340e-01
-4.26826954e-01
-4.24782574e-01
-4.22734231e-01
-4.20681924e-01
-4.18625712e-01
-4.16565567e-01
-4.14501488e-01
-4.12433535e-01
-4.10361707e-01
-4.08286035e-01
-4.06206608e-01
-4.04123366e-01
-4.02036369e-01
-3.99945617e-01
-3.97851080e-01
-3.95752847e-01
-3.93650949e-01
-3.91545326e-01
-3.89436066e-01
-3.87323171e-01
-3.85206640e-01
-3.83086503e-01
-3.80962789e-01
-3.78835529e-01
-3.76704723e-01
-3.74570400e-01
-3.72432560e-01
-3.70291233e-01
-3.68146449e-01
-3.65998209e-01
-3.63846570e-01
-3.61691535e-01
-3.59533101e-01
-3.57371300e-01
-3.55206192e-01
-3.53037745e-01
-3.50866020e-01
-3.48690987e-01
-3.46512675e-01
-3.44331145e-01
-3.42146426e-01
-3.39958489e-01
-3.37767392e-01
-3.35573107e-01
-3.33375692e-01
-3.31175178e-01
-3.28971565e-01
-3.26764852e-01
-3.24555099e-01
-3.22342306e-01
-3.20126504e-01
-3.17907691e-01
-3.15685928e-01
-3.13461244e-01
-3.11233580e-01
-3.09002995e-01
-3.06769550e-01
-3.04533243e-01
-3.02294105e-01
-3.00052106e-01
-2.97807336e-01
-2.95559764e-01
-2.93309450e-01
-2.91056424e-01
-2.88800627e-01
-2.86542177e-01
-2.84281015e-01
-2.82017201e-01
-2.79750764e-01
-2.77481705e-01
-2.75210083e-01
-2.72935867e-01
-2.70659089e-01
-2.68379807e-01
-2.66097993e-01
-2.63813704e-01
-2.61526972e-01
-2.59237766e-01
-2.56946146e-01
-2.54652113e-01
-2.52355725e-01
-2.50056982e-01
-2.47755900e-01
-2.45452523e-01
-2.43146837e-01
-2.40838885e-01
-2.38528699e-01
-2.36216262e-01
-2.33901635e-01
-2.31584817e-01
-2.29265839e-01
-2.26944730e-01
-2.24621490e-01
-2.22296149e-01
-2.19968751e-01
-2.17639282e-01
-2.15307787e-01
-2.12974280e-01
-2.10638791e-01
-2.08301336e-01
-2.05961913e-01
-2.03620568e-01
-2.01277345e-01
-1.98932230e-01
-1.96585253e-01
-1.94236457e-01
-1.91885844e-01
-1.89533457e-01
-1.87179282e-01
-1.84823349e-01
-1.82465702e-01
-1.80106357e-01
-1.77745312e-01
-1.75382629e-01
-1.73018292e-01
-1.70652360e-01
-1.68284819e-01
-1.65915728e-01
-1.63545072e-01
-1.61172897e-01
-1.58799201e-01
-1.56424046e-01
-1.54047415e-01
-1.51669353e-01
-1.49289876e-01
-1.46909013e-01
-1.44526780e-01
-1.42143190e-01
-1.39758274e-01
-1.37372077e-01
-1.34984583e-01
-1.32595822e-01
-1.30205825e-01
-1.27814621e-01
-1.25422224e-01
-1.23028643e-01
-1.20633930e-01
-1.18238084e-01
-1.15841143e-01
-1.13443121e-01
-1.11044042e-01
-1.08643927e-01
-1.06242791e-01
-1.03840671e-01
-1.01437584e-01
-9.90335494e-02
-9.66285914e-02
-9.42227319e-02
-9.18159932e-02
-8.94083977e-02
-8.69999751e-02
-8.45907331e-02
-8.21807086e-02
-7.97699094e-02
-7.73583800e-02
-7.49461204e-02
-7.25331530e-02
-7.01195151e-02
-6.77052289e-02
-6.52903095e-02
-6.28747717e-02
-6.04586452e-02
-5.80419600e-02
-5.56247346e-02
-5.32069877e-02
-5.07887416e-02
-4.83700261e-02
-4.59508598e-02
-4.35312651e-02
-4.11112644e-02
-3.86908837e-02
-3.62701416e-02
-3.38490643e-02
-3.14276740e-02
-2.90059894e-02
-2.65840366e-02
-2.41618380e-02
-2.17394102e-02
-1.93167925e-02
-1.68939605e-02
-1.44710857e-02
-1.20477146e-02
-9.62538831e-03
-7.19931675e-03
-4.78497008e-03
-2.33472278e-03
5.96046448e-08
3.06951511e-03
