0.00000000e+00
0.00000000e+00
1.91530352e-03
4.02626442e-03
6.52202917e-03
9.31203272e-03
1.22911502e-02
1.53441727e-02
1.84143856e-02
2.14842167e-02
2.45528668e-02
2.76211686e-02
3.06892823e-02
3.37570980e-02
3.68245915e-02
3.98917422e-02
4.29585166e-02
4.60248850e-02
4.90908213e-02
5.21562956e-02
5.52212782e-02
5.82857430e-02
6.13496527e-02
6.44129887e-02
6.74757138e-02
7.05378056e-02
7.35992268e-02
7.66599625e-02
7.97199756e-02
8.27792361e-02
8.58377144e-02
8.88953805e-02
9.19522122e-02
9.50081795e-02
9.80632529e-02
1.01117402e-01
1.04170606e-01
1.07222825e-01
1.10274024e-01
1.13324195e-01
1.16373293e-01
1.19421296e-01
1.22468166e-01
1.25513896e-01
1.28558442e-01
1.31601766e-01
1.34643853e-01
1.37684673e-01
1.40724197e-01
1.43762395e-01
1.46799237e-01
1.49834692e-01
1.52868748e-01
1.55901343e-01
1.58932477e-01
1.61962122e-01
1.64990231e-01
1.68016791e-01
1.71041787e-01
1.74065143e-01
1.77086875e-01
1.80106938e-01
1.83125287e-01
1.86141938e-01
1.89156815e-01
1.92169920e-01
1.95181191e-01
1.98190659e-01
2.01198235e-01
2.04203933e-01
2.07207695e-01
2.10209504e-01
2.13209331e-01
2.16207162e-01
2.19202951e-01
2.22196653e-01
2.25188270e-01
2.28177786e-01
2.31165126e-01
2.34150320e-01
2.37133279e-01
2.40114033e-01
2.43092507e-01
2.46068671e-01
2.49042556e-01
2.52014071e-01
2.54983217e-01
2.57949978e-01
2.60914266e-01
2.63876110e-01
2.66835481e-01
2.69792348e-01
2.72746682e-01
2.75698423e-01
2.78647572e-01
2.81594098e-01
2.84537971e-01
2.87479132e-01
2.90417612e-01
2.93353349e-01
2.96286345e-01
2.99216509e-01
3.02143872e-01
3.05068374e-01
3.07990044e-01
3.10908765e-01
3.13824594e-01
3.16737443e-01
3.19647342e-01
3.22554201e-01
3.25458020e-01
3.28358769e-01
3.31256449e-01
3.34150970e-01
3.37042361e-01
3.39930624e-01
3.42815638e-01
3.45697403e-01
3.48575950e-01
3.51451188e-01
3.54323119e-01
3.57191712e-01
3.60056967e-01
3.62918794e-01
3.65777194e-01
3.68632168e-01
3.71483654e-01
3.74331653e-01
3.77176136e-01
3.80017042e-01
3.82854402e-01
3.85688156e-01
3.88518244e-01
3.91344696e-01
3.94167423e-01
3.96986455e-01
3.99801761e-01
4.02613252e-01
4.05420989e-01
4.08224881e-01
4.11024988e-01
4.13821191e-01
4.16613489e-01
4.19401884e-01
4.22186285e-01
4.24966753e-01
4.27743196e-01
4.30515587e-01
4.33283955e-01
4.36048239e-01
4.38808411e-01
4.41564441e-01
4.44316298e-01
4.47063982e-01
4.49807465e-01
4.52546656e-01
4.55281645e-01
4.58012313e-01
4.60738689e-01
4.63460714e-01
4.66178387e-01
4.68891650e-01
4.71600473e-01
4.74304885e-01
4.77004826e-01
4.79700267e-01
4.82391208e-01
4.85077590e-01
4.87759382e-01
4.90436614e-01
4.93109167e-01
4.95777100e-01
4.98440385e-01
5.01098931e-01
5.03752768e-01
5.06401896e-01
5.09046257e-01
5.11685848e-01
5.14320612e-01
5.16950488e-01
5.19575477e-01
5.22195578e-01
5.24810791e-01
5.27420998e-01
5.30026257e-01
5.32626569e-01
5.35221815e-01
5.37812054e-01
5.40397286e-01
5.42977273e-01
5.45552254e-01
5.48122048e-01
5.50686657e-01
5.53246140e-01
5.55800378e-01
5.58349371e-01
5.60893118e-01
5.63431621e-01
5.65964818e-01
5.68492651e-01
5.71015060e-01
5.73532164e-01
5.76043785e-01
5.78550041e-01
5.81050873e-01
5.83546221e-01
5.86036026e-01
5.88520348e-01
5.90999126e-01
5.93472302e-01
5.95939875e-01
5.98401845e-01
6.00858212e-01
6.03308856e-01
6.05753899e-01
6.08193219e-01
6.10626817e-01
6.13054693e-01
6.15476727e-01
6.17892981e-01
6.20303452e-01
6.22708023e-01
6.25106692e-01
6.27499461e-01
6.29886389e-01
6.32267356e-01
6.34642363e-01
6.37011409e-01
6.39374495e-01
6.41731560e-01
6.44082487e-01
6.46427393e-01
6.48766160e-01
6.51098788e-01
6.53425336e-01
6.55745745e-01
6.58060014e-01
6.60368025e-01
6.62669837e-01
6.64965391e-01
6.67254746e-01
6.69537723e-01
6.71814442e-01
6.74084783e-01
6.76348805e-01
6.78606451e-01
6.80857718e-01
6.83102548e-01
6.85340941e-01
6.87572896e-01
6.89798415e-01
6.92017376e-01
6.94229841e-01
6.96435750e-01
6.98635101e-01
7.00827837e-01
7.03014016e-01
7.05193579e-01
7.07366467e-01
7.09532678e-01
7.11692214e-01
7.13845074e-01
7.15991199e-01
7.18130589e-01
7.20263183e-01
7.22388983e-01
7.24507987e-01
7.26620138e-01
7.28725493e-01
7.30823994e-01
7.32915580e-01
7.35000253e-01
7.37078011e-01
7.39148855e-01
7.41212666e-01
7.43269503e-01
7.45319426e-01
7.47362256e-01
7.49398112e-01
7.51426816e-01
7.53448486e-01
7.55463064e-01
7.57470489e-01
7.59470761e-01
7.61463940e-01
7.63449907e-01
7.65428722e-01
7.67400324e-01
7.69364655e-01
7.71321774e-01
7.73271620e-01
7.75214136e-01
7.77149379e-01
7.79077232e-01
7.80997813e-01
7.82911062e-01
7.84816861e-01
7.86715329e-01
7.88606346e-01
7.90489972e-01
7.92366147e-01
7.94234872e-01
7.96096027e-01
7.97949731e-01
7.99795926e-01
8.01634550e-01
8.03465664e-01
8.05289149e-01
8.07105124e-01
8.08913469e-01
8.10714185e-01
8.12507272e-01
8.14292729e-01
8.16070497e-01
8.17840636e-01
8.19603026e-01
8.21357667e-01
8.23104560e-01
8.24843645e-01
8.26575041e-01
8.28298628e-01
8.30014408e-01
8.31722379e-01
8.33422482e-01
8.35114777e-01
8.36799145e-01
8.38475645e-01
8.40144277e-01
8.41805041e-01
8.43457818e-01
8.45102668e-01
8.46739531e-01
8.48368406e-01
8.49989295e-01
8.51602137e-01
8.53207052e-01
8.54803860e-01
8.56392622e-01
8.57973337e-01
8.59546006e-01
8.61110449e-01
8.62666905e-01
8.64215195e-01
8.65755260e-01
8.67287278e-01
8.68811131e-01
8.70326757e-01
8.71834219e-01
8.73333395e-01
8.74824405e-01
8.76307130e-01
8.77781630e-01
8.79247844e-01
8.80705774e-01
8.82155478e-01
8.83596838e-01
8.85029793e-01
8.86454403e-01
8.87870669e-01
8.89278650e-01
8.90678227e-01
8.92069399e-01
8.93452168e-01
8.94826531e-01
8.96192431e-01
8.97549927e-01
8.98898959e-01
9.00239527e-01
9.01571572e-01
9.02895153e-01
9.04210210e-01
9.05516744e-01
9.06814754e-01
9.08104181e-01
9.09385145e-01
9.10657525e-01
9.11921263e-01
9.13176417e-01
9.14422989e-01
9.15660918e-01
9.16890323e-01
9.18110967e-01
9.19323087e-01
9.20526445e-01
9.21721101e-01
9.22907174e-01
9.24084544e-01
9.25253212e-01
9.26413119e-01
9.27564263e-01
9.28706706e-01
9.29840386e-01
9.30965304e-01
9.32081461e-01
9.33188856e-01
9.34287429e-01
9.35377181e-01
9.36458170e-01
9.37530279e-01
9.38593626e-01
9.39648092e-01
9.40693676e-01
9.41730440e-01
9.42758322e-01
9.43777323e-01
9.44787383e-01
9.45788622e-01
9.46780980e-01
9.47764337e-01
9.48738813e-01
9.49704349e-01
9.50660944e-01
9.51608539e-01
9.52547133e-01
9.53476727e-01
9.54397380e-01
9.55309153e-01
9.56211805e-01
9.57105517e-01
9.57990170e-01
9.58865762e-01
9.59732354e-01
9.60589945e-01
9.61438417e-01
9.62277889e-01
9.63108242e-01
9.63929534e-01
9.64741826e-01
9.65544939e-01
9.66338992e-01
9.67123985e-01
9.67899740e-01
9.68666494e-01
9.69424069e-01
9.70172524e-01
9.70911801e-01
9.71641958e-01
9.72362995e-01
9.73074853e-01
9.73777533e-01
9.74471033e-01
9.75155294e-01
9.75830436e-01
9.76496398e-01
9.77153063e-01
9.77800608e-01
9.78438973e-01
9.79068100e-01
9.79687929e-01
9.80298579e-01
9.80899990e-01
9.81492162e-01
9.82075095e-01
9.82648730e-01
9.83213186e-01
9.83768344e-01
9.84314203e-01
9.84850883e-01
9.85378146e-01
9.85896170e-01
9.86404896e-01
9.86904383e-01
9.87394571e-01
9.87875402e-01
9.88346994e-01
9.88809228e-01
9.89262104e-01
9.89705741e-01
9.90140021e-01
9.90564942e-01
9.90980566e-01
9.91386890e-01
9.91783798e-01
9.92171407e-01
9.92549598e-01
9.92918551e-01
9.93278086e-01
9.93628263e-01
9.93969083e-01
9.94300544e-01
9.94622648e-01
9.94935334e-01
9.95238662e-01
9.95532632e-01
9.95817244e-01
9.96092439e-01
9.96358275e-01
9.96614695e-01
9.96861696e-01
9.97099340e-01
9.97327685e-01
9.97546554e-01
9.97755945e-01
9.97956038e-01
9.98146713e-01
9.98327971e-01
9.98499811e-01
9.98662233e-01
9.98815238e-01
9.98958945e-01
9.99093175e-01
9.99217927e-01
9.99333322e-01
9.99439299e-01
9.99535859e-01
9.99622941e-01
9.99700725e-01
9.99769032e-01
9.99827921e-01
9.99877393e-01
9.99917448e-01
9.99948025e-01
9.99969244e-01
9.99981046e-01
9.99983370e-01
9.99976337e-01
9.99959826e-01
9.99933898e-01
9.99898553e-01
9.99853790e-01
9.99799609e-01
9.99736071e-01
9.99663055e-01
9.99580622e-01
9.99488771e-01
9.99387503e-01
9.99276757e-01
9.99156713e-01
9.99027193e-01
9.98888314e-01
9.98739958e-01
9.98582244e-01
9.98415112e-01
9.98238564e-01
9.98052597e-01
9.97857213e-01
9.97652471e-01
9.97438312e-01
9.97214735e-01
9.96981740e-01
9.96739388e-01
9.96487677e-01
9.96226490e-01
9.95956063e-01
9.95676160e-01
9.95386899e-01
9.95088220e-01
9.94780183e-01
9.94462788e-01
9.94136035e-01
9.93799806e-01
9.93454337e-01
9.93099451e-01
9.92735267e-01
9.92361724e-01
9.91978765e-01
9.91586447e-01
9.91184831e-01
9.90773916e-01
9.90353644e-01
9.89924014e-01
9.89485085e-01
9.89036798e-01
9.88579214e-01
9.88112390e-01
9.87636209e-01
9.87150609e-01
9.86655831e-01
9.86151695e-01
9.85638320e-01
9.85115647e-01
9.84583676e-01
9.84042406e-01
9.83491898e-01
9.82932091e-01
9.82363045e-01
9.81784761e-01
9.81197238e-01
9.80600417e-01
9.79994416e-01
9.79379177e-01
9.78754640e-01
9.78120923e-01
9.77477968e-01
9.76825893e-01
9.76164579e-01
9.75494027e-01
9.74814296e-01
9.74125385e-01
9.73427296e-01
9.72720027e-01
9.72003639e-01
9.71278071e-01
9.70543325e-01
9.69799459e-01
9.69046414e-01
9.68284249e-01
9.67512965e-01
9.66732562e-01
9.65943098e-01
9.65144515e-01
9.64336872e-01
9.63520050e-01
9.62694228e-01
9.61859286e-01
9.61015344e-01
9.60162282e-01
9.59300160e-01
9.58429098e-01
9.57548976e-01
9.56659853e-01
9.55761611e-01
9.54854429e-01
9.53938246e-01
9.53013003e-01
9.52078879e-01
9.51135755e-01
9.50183690e-01
9.49222624e-01
9.48252678e-01
9.47273731e-01
9.46285903e-01
9.45289135e-01
9.44283485e-01
9.43268955e-01
9.42245483e-01
9.41213131e-01
9.40171957e-01
9.39121902e-01
9.38063025e-01
9.36995327e-01
9.35918748e-01
9.34833407e-01
9.33739245e-01
9.32636261e-01
9.31524456e-01
9.30403948e-01
9.29274619e-01
9.28136528e-01
9.26989734e-01
9.25834179e-01
9.24669921e-01
9.23496962e-01
9.22315300e-01
9.21124935e-01
9.19925869e-01
9.18718100e-01
9.17501748e-01
9.16276753e-01
9.15043116e-01
9.13800836e-01
9.12549913e-01
9.11290467e-01
9.10022438e-01
9.08745766e-01
9.07460570e-01
9.06166852e-01
9.04864490e-01
9.03553724e-01
9.02234375e-01
9.00906563e-01
8.99570227e-01
8.98225427e-01
8.96872163e-01
8.95510554e-01
8.94140422e-01
8.92761827e-01
8.91374826e-01
8.89979482e-01
8.88575733e-01
8.87163579e-01
8.85743082e-01
8.84314299e-01
8.82877111e-01
8.81431639e-01
8.79977822e-01
8.78515780e-01
8.77045393e-01
8.75566781e-01
8.74079943e-01
8.72584879e-01
8.71081531e-01
8.69569957e-01
8.68050277e-01
8.66522372e-01
8.64986300e-01
8.63442063e-01
8.61889720e-01
8.60329270e-01
8.58760715e-01
8.57184052e-01
8.55599284e-01
8.54006469e-01
8.52405608e-01
8.50796759e-01
8.49179804e-01
8.47554982e-01
8.45922053e-01
8.44281256e-01
8.42632413e-01
8.40975642e-01
8.39310944e-01
8.37638378e-01
8.35957944e-01
8.34269643e-01
8.32573414e-01
8.30869377e-01
8.29157531e-01
8.27437818e-01
8.25710356e-01
8.23975086e-01
8.22232127e-01
8.20481360e-01
8.18722785e-01
8.16956580e-01
8.15182626e-01
8.13401043e-01
8.11611772e-01
8.09814870e-01
8.08010340e-01
8.06198239e-01
8.04378450e-01
8.02551150e-01
8.00716221e-01
7.98873782e-01
7.97023833e-01
7.95166433e-01
7.93301463e-01
7.91429043e-01
7.89549112e-01
7.87661791e-01
7.85767078e-01
7.83864915e-01
7.81955421e-01
7.80038476e-01
7.78114259e-01
7.76182652e-01
7.74243772e-01
7.72297561e-01
7.70344138e-01
7.68383384e-01
7.66415417e-01
7.64440179e-01
7.62457788e-01
7.60468245e-01
7.58471549e-01
7.56467700e-01
7.54456699e-01
7.52438605e-01
7.50413358e-01
7.48381138e-01
7.46341825e-01
7.44295478e-01
7.42242098e-01
7.40181684e-01
7.38114297e-01
7.36039996e-01
7.33958781e-01
7.31870651e-01
7.29775608e-01
7.27673709e-01
7.25564957e-01
7.23449409e-01
7.21327007e-01
7.19197810e-01
7.17061818e-01
7.14919031e-01
7.12769508e-01
7.10613310e-01
7.08450437e-01
7.06280828e-01
7.04104602e-01
7.01921701e-01
6.99732304e-01
6.97536230e-01
6.95333660e-01
6.93124473e-01
6.90908790e-01
6.88686490e-01
6.86457753e-01
6.84222579e-01
6.81980968e-01
6.79732919e-01
6.77478492e-01
6.75217628e-01
6.72950447e-01
6.70676887e-01
6.68397069e-01
6.66110873e-01
6.63818479e-01
6.61519766e-01
6.59214854e-01
6.56903744e-01
6.54586375e-01
6.52262926e-01
6.49933338e-01
6.47597551e-01
6.45255685e-01
6.42907739e-01
6.40553772e-01
6.38193727e-01
6.35827661e-01
6.33455634e-01
6.31077647e-01
6.28693700e-01
6.26303852e-01
6.23908043e-01
6.21506453e-01
6.19098961e-01
6.16685629e-01
6.14266455e-01
6.11841500e-01
6.09410763e-01
6.06974304e-01
6.04532182e-01
6.02084339e-01
5.99630773e-01
5.97171605e-01
5.94706833e-01
5.92236459e-01
5.89760482e-01
5.87278903e-01
5.84791780e-01
5.82299173e-01
5.79801142e-01
5.77297628e-01
5.74788630e-01
5.72274268e-01
5.69754481e-01
5.67229331e-01
5.64698875e-01
5.62163055e-01
5.59621930e-01
5.57075560e-01
5.54523945e-01
5.51967084e-01
5.49405038e-01
5.46837807e-01
5.44265449e-01
5.41687906e-01
5.39105296e-01
5.36517620e-01
5.33924878e-01
5.31327128e-01
5.28724313e-01
5.26116550e-01
5.23503780e-01
5.20886123e-01
5.18263578e-01
5.15636146e-01
5.13003886e-01
5.10366678e-01
5.07724702e-01
5.05077958e-01
5.02426505e-01
4.99770314e-01
4.97109383e-01
4.94443774e-01
4.91773486e-01
4.89098608e-01
4.86419111e-01
4.83734995e-01
4.81046349e-01
4.78353173e-01
4.75655437e-01
4.72953290e-01
4.70246673e-01
4.67535615e-01
4.64820147e-01
4.62100297e-01
4.59376097e-01
4.56647575e-01
4.53914732e-01
4.51177627e-01
4.48436260e-01
4.45690662e-01
4.42940891e-01
4.40186918e-01
4.37428832e-01
4.34666604e-01
4.31900293e-01
4.29129928e-01
4.26355511e-01
4.23577070e-01
4.20794606e-01
4.18008208e-01
4.15217906e-01
4.12423670e-01
4.09625500e-01
4.06823486e-01
4.04017657e-01
4.01208013e-01
3.98394585e-01
3.95577401e-01
3.92756552e-01
3.89931947e-01
3.87103677e-01
3.84271771e-01
3.81436229e-01
3.78597081e-01
3.75754356e-01
3.72908145e-01
3.70058388e-01
3.67205143e-01
3.64348441e-01
3.61488312e-01
3.58624756e-01
3.55757862e-01
3.52887571e-01
3.50013971e-01
3.47137094e-01
3.44256938e-01
3.41373533e-01
3.38486940e-01
3.35597098e-01
3.32704127e-01
3.29808027e-01
3.26908827e-01
3.24006528e-01
3.21101159e-01
3.18192780e-01
3.15281421e-01
3.12367082e-01
3.09449822e-01
3.06529611e-01
3.03606510e-01
3.00680578e-01
2.97751784e-01
2.94820219e-01
2.91885823e-01
2.88948715e-01
2.86008894e-01
2.83066362e-01
2.80121177e-01
2.77173340e-01
2.74222881e-01
2.71269858e-01
2.68314272e-01
2.65356153e-01
2.62395531e-01
2.59432465e-01
2.56466925e-01
2.53499001e-01
2.50528663e-01
2.47555941e-01
2.44580939e-01
2.41603598e-01
2.38623977e-01
2.35642120e-01
2.32658029e-01
2.29671746e-01
2.26683319e-01
2.23692745e-01
2.20700085e-01
2.17705339e-01
2.14708522e-01
2.11709708e-01
2.08708867e-01
2.05706075e-01
2.02701345e-01
1.99694708e-01
1.96686178e-01
1.93675801e-01
1.90663606e-01
1.87649623e-01
1.84633866e-01
1.81616366e-01
1.78597152e-01
1.75576255e-01
1.72553703e-01
1.69529527e-01
1.66503757e-01
1.63476408e-01
1.60447538e-01
1.57417133e-01
1.54385254e-01
1.51351929e-01
1.48317173e-01
1.45281017e-01
1.42243490e-01
1.39204621e-01
1.36164442e-01
1.33122981e-01
1.30080268e-01
1.27036333e-01
1.23991199e-01
1.20944902e-01
1.17897466e-01
1.14848912e-01
1.11799270e-01
1.08748585e-01
1.05696864e-01
1.02644168e-01
9.95904878e-02
9.65358764e-02
9.34803560e-02
9.04239491e-02
8.73667002e-02
8.43086094e-02
8.12497362e-02
7.81900883e-02
7.51297176e-02
7.20686316e-02
6.90068677e-02
6.59444630e-02
6.28814250e-02
5.98177947e-02
5.67536056e-02
5.36888801e-02
5.06236479e-02
4.75579388e-02
4.44917828e-02
4.14252095e-02
3.83582450e-02
3.52909192e-02
3.22232582e-02
2.91552953e-02
2.60870550e-02
2.30185725e-02
1.99498720e-02
1.68809853e-02
1.38119366e-02
1.07427584e-02
7.67347962e-03
4.60412866e-03
1.53473404e-03
-1.53467478e-03
-4.60406905e-03
-7.67342048e-03
-1.07426997e-02
-1.38118770e-02
-1.68809239e-02
-1.99498124e-02
-2.30185129e-02
-2.60869972e-02
-2.91552357e-02
-3.22231986e-02
-3.52908596e-02
-3.83581854e-02
-4.14251499e-02
-4.44917232e-02
-4.75578792e-02
-5.06235883e-02
-5.36888205e-02
-5.67535460e-02
-5.98177351e-02
-6.28813580e-02
-6.59444034e-02
-6.90068156e-02
-7.20685795e-02
-7.51296580e-02
-7.81900361e-02
-8.12496766e-02
-8.43085498e-02
-8.73666331e-02
-9.04238895e-02
-9.34802964e-02
-9.65358168e-02
-9.95904356e-02
-1.02644108e-01
-1.05696820e-01
-1.08748525e-01
-1.11799210e-01
-1.14848845e-01
-1.17897399e-01
-1.20944843e-01
-1.23991147e-01
-1.27036273e-01
-1.30080208e-01
-1.33122936e-01
-1.36164397e-01
-1.39204562e-01
-1.42243430e-01
-1.45280942e-01
-1.48317099e-01
-1.51351854e-01
-1.54385194e-01
-1.57417074e-01
-1.60447478e-01
-1.63476363e-01
-1.66503698e-01
-1.69529468e-01
-1.72553644e-01
-1.75576195e-01
-1.78597093e-01
-1.81616306e-01
-1.84633806e-01
-1.87649563e-01
-1.90663561e-01
-1.93675756e-01
-1.96686134e-01
-1.99694648e-01
-2.02701285e-01
-2.05706015e-01
-2.08708808e-01
-2.11709633e-01
-2.14708462e-01
-2.17705280e-01
-2.20700026e-01
-2.23692700e-01
-2.26683259e-01
-2.29671702e-01
-2.32657969e-01
-2.35642061e-01
-2.38623917e-01
-2.41603523e-01
-2.44580850e-01
-2.47555882e-01
-2.50528574e-01
-2.53498912e-01
-2.56466866e-01
-2.59432405e-01
-2.62395501e-01
-2.65356094e-01
-2.68314213e-01
-2.71269798e-01
-2.74222821e-01
-2.77173281e-01
-2.80121118e-01
-2.83066303e-01
-2.86008835e-01
-2.88948685e-01
-2.91885823e-01
-2.94820189e-01
-2.97751755e-01
-3.00680548e-01
-3.03606480e-01
-3.06529582e-01
-3.09449762e-01
-3.12367022e-01
-3.15281361e-01
-3.18192750e-01
-3.21101129e-01
-3.24006468e-01
-3.26908767e-01
-3.29807967e-01
-3.32704097e-01
-3.35597068e-01
-3.38486880e-01
-3.41373473e-01
-3.44256878e-01
-3.47137034e-01
-3.50013942e-01
-3.52887511e-01
-3.55757803e-01
-3.58624727e-01
-3.61488253e-01
-3.64348382e-01
-3.67205083e-01
-3.70058328e-01
-3.72908086e-01
-3.75754297e-01
-3.78597021e-01
-3.81436169e-01
-3.84271711e-01
-3.87103617e-01
-3.89931858e-01
-3.92756462e-01
-3.95577371e-01
-3.98394555e-01
-4.01207954e-01
-4.04017597e-01
-4.06823426e-01
-4.09625441e-01
-4.12423551e-01
-4.15217787e-01
-4.18008149e-01
-4.20794547e-01
-4.23576981e-01
-4.26355422e-01
-4.29129839e-01
-4.31900233e-01
-4.34666574e-01
-4.37428802e-01
-4.40186888e-01
-4.42940861e-01
-4.45690632e-01
-4.48436201e-01
-4.51177567e-01
-4.53914672e-01
-4.56647485e-01
-4.59376007e-01
-4.62100238e-01
-4.64820087e-01
-4.67535526e-01
-4.70246613e-01
-4.72953200e-01
-4.75655407e-01
-4.78353083e-01
-4.81046289e-01
-4.83734936e-01
-4.86419052e-01
-4.89098579e-01
-4.91773456e-01
-4.94443715e-01
-4.97109324e-01
-4.99770254e-01
-5.02426445e-01
-5.05077958e-01
-5.07724702e-01
-5.10366619e-01
-5.13003767e-01
-5.15636086e-01
-5.18263519e-01
-5.20886064e-01
-5.23503661e-01
-5.26116431e-01
-5.28724194e-01
-5.31327009e-01
-5.33924758e-01
-5.36517560e-01
-5.39105237e-01
-5.41687906e-01
-5.44265389e-01
-5.46837747e-01
-5.49404919e-01
-5.51967025e-01
-5.54523885e-01
-5.57075500e-01
-5.59621871e-01
-5.62162995e-01
-5.64698815e-01
-5.67229331e-01
-5.69754481e-01
-5.72274208e-01
-5.74788630e-01
-5.77297568e-01
-5.79801142e-01
-5.82299232e-01
-5.84791780e-01
-5.87278843e-01
-5.89760423e-01
-5.92236400e-01
-5.94706833e-01
-5.97171605e-01
-5.99630773e-01
-6.02084279e-01
-6.04532123e-01
-6.06974244e-01
-6.09410703e-01
-6.11841440e-01
-6.14266396e-01
-6.16685569e-01
-6.19098902e-01
-6.21506393e-01
-6.23908043e-01
-6.26303792e-01
-6.28693700e-01
-6.31077588e-01
-6.33455575e-01
-6.35827601e-01
-6.38193667e-01
-6.40553713e-01
-6.42907739e-01
-6.45255625e-01
-6.47597492e-01
-6.49933219e-01
-6.52262866e-01
-6.54586315e-01
-6.56903625e-01
-6.59214795e-01
-6.61519706e-01
-6.63818419e-01
-6.66110873e-01
-6.68397009e-01
-6.70676887e-01
-6.72950447e-01
-6.75217628e-01
-6.77478433e-01
-6.79732919e-01
-6.81980908e-01
-6.84222519e-01
-6.86457694e-01
-6.88686430e-01
-6.90908670e-01
-6.93124413e-01
-6.95333600e-01
-6.97536230e-01
-6.99732304e-01
-7.01921761e-01
-7.04104662e-01
-7.06280828e-01
-7.08450377e-01
-7.10613251e-01
-7.12769449e-01
-7.14918971e-01
-7.17061758e-01
-7.19197750e-01
-7.21326947e-01
-7.23449349e-01
-7.25564957e-01
-7.27673769e-01
-7.29775667e-01
-7.31870651e-01
-7.33958781e-01
-7.36039996e-01
-7.38114297e-01
-7.40181625e-01
-7.42242038e-01
-7.44295418e-01
-7.46341765e-01
-7.48381078e-01
-7.50413358e-01
-7.52438545e-01
-7.54456639e-01
-7.56467640e-01
-7.58471549e-01
-7.60468245e-01
-7.62457788e-01
-7.64440179e-01
-7.66415417e-01
-7.68383384e-01
-7.70344079e-01
-7.72297502e-01
-7.74243712e-01
-7.76182592e-01
-7.78114200e-01
-7.80038476e-01
-7.81955361e-01
-7.83864915e-01
-7.85767019e-01
-7.87661731e-01
-7.89549053e-01
-7.91428983e-01
-7.93301463e-01
-7.95166433e-01
-7.97023892e-01
-7.98873842e-01
-8.00716221e-01
-8.02551091e-01
-8.04378450e-01
-8.06198120e-01
-8.08010280e-01
-8.09814811e-01
-8.11611652e-01
-8.13400924e-01
-8.15182567e-01
-8.16956520e-01
-8.18722785e-01
-8.20481300e-01
-8.22232068e-01
-8.23975086e-01
-8.25710416e-01
-8.27437878e-01
-8.29157531e-01
-8.30869317e-01
-8.32573354e-01
-8.34269524e-01
-8.35957885e-01
-8.37638378e-01
-8.39311004e-01
-8.40975642e-01
-8.42632353e-01
-8.44281197e-01
-8.45921993e-01
-8.47554922e-01
-8.49179804e-01
-8.50796700e-01
-8.52405608e-01
-8.54006469e-01
-8.55599284e-01
-8.57184052e-01
-8.58760655e-01
-8.60329270e-01
-8.61889720e-01
-8.63442063e-01
-8.64986300e-01
-8.66522372e-01
-8.68050218e-01
-8.69569957e-01
-8.71081531e-01
-8.72584820e-01
-8.74079943e-01
-8.75566781e-01
-8.77045333e-01
-8.78515720e-01
-8.79977763e-01
-8.81431639e-01
-8.82877111e-01
-8.84314239e-01
-8.85743082e-01
-8.87163579e-01
-8.88575673e-01
-8.89979482e-01
-8.91374826e-01
-8.92761827e-01
-8.94140363e-01
-8.95510495e-01
-8.96872163e-01
-8.98225486e-01
-8.99570227e-01
-9.00906563e-01
-9.02234375e-01
-9.03553724e-01
-9.04864490e-01
-9.06166792e-01
-9.07460511e-01
-9.08745706e-01
-9.10022438e-01
-9.11290467e-01
-9.12549913e-01
-9.13800836e-01
-9.15043116e-01
-9.16276753e-01
-9.17501748e-01
-9.18718100e-01
-9.19925869e-01
-9.21124816e-01
-9.22315240e-01
-9.23496902e-01
-9.24669921e-01
-9.25834179e-01
-9.26989734e-01
-9.28136528e-01
-9.29274559e-01
-9.30403888e-01
-9.31524396e-01
-9.32636201e-01
-9.33739185e-01
-9.34833407e-01
-9.35918808e-01
-9.36995387e-01
-9.38063085e-01
-9.39121962e-01
-9.40171957e-01
-9.41213131e-01
-9.42245424e-01
-9.43268836e-01
-9.44283426e-01
-9.45289075e-01
-9.46285903e-01
-9.47273791e-01
-9.48252678e-01
-9.49222684e-01
-9.50183749e-01
-9.51135814e-01
-9.52078879e-01
-9.53013003e-01
-9.53938186e-01
-9.54854369e-01
-9.55761552e-01
-9.56659734e-01
-9.57548916e-01
-9.58429098e-01
-9.59300220e-01
-9.60162222e-01
-9.61015284e-01
-9.61859226e-01
-9.62694168e-01
-9.63520050e-01
-9.64336753e-01
-9.65144455e-01
-9.65943098e-01
-9.66732621e-01
-9.67512965e-01
-9.68284249e-01
-9.69046414e-01
-9.69799459e-01
-9.70543325e-01
-9.71278071e-01
-9.72003639e-01
-9.72720027e-01
-9.73427296e-01
-9.74125385e-01
-9.74814296e-01
-9.75493968e-01
-9.76164520e-01
-9.76825893e-01
-9.77478027e-01
-9.78120923e-01
-9.78754640e-01
-9.79379117e-01
-9.79994357e-01
-9.80600417e-01
-9.81197178e-01
-9.81784761e-01
-9.82363105e-01
-9.82932091e-01
-9.83491898e-01
-9.84042406e-01
-9.84583676e-01
-9.85115647e-01
-9.85638320e-01
-9.86151755e-01
-9.86655831e-01
-9.87150669e-01
-9.87636149e-01
-9.88112390e-01
-9.88579273e-01
-9.89036858e-01
-9.89485085e-01
-9.89924014e-01
-9.90353644e-01
-9.90773976e-01
-9.91184890e-01
-9.91586506e-01
-9.91978765e-01
-9.92361665e-01
-9.92735267e-01
-9.93099511e-01
-9.93454337e-01
-9.93799806e-01
-9.94135976e-01
-9.94462729e-01
-9.94780183e-01
-9.95088220e-01
-9.95386899e-01
-9.95676160e-01
-9.95956063e-01
-9.96226549e-01
-9.96487677e-01
-9.96739388e-01
-9.96981740e-01
-9.97214735e-01
-9.97438312e-01
-9.97652471e-01
-9.97857213e-01
-9.98052597e-01
-9.98238564e-01
-9.98415112e-01
-9.98582244e-01
-9.98740017e-01
-9.98888373e-01
-9.99027252e-01
-9.99156713e-01
-9.99276817e-01
-9.99387503e-01
-9.99488771e-01
-9.99580622e-01
-9.99663055e-01
-9.99736071e-01
-9.99799609e-01
-9.99853849e-01
-9.99898612e-01
-9.99933898e-01
-9.99959826e-01
-9.99976337e-01
-9.99983370e-01
-9.99981046e-01
-9.99969184e-01
-9.99947965e-01
-9.99917388e-01
-9.99877334e-01
-9.99827862e-01
-9.99768972e-01
-9.99700725e-01
-9.99623001e-01
-9.99535859e-01
-9.99439299e-01
-9.99333322e-01
-9.99217987e-01
-9.99093175e-01
-9.98958945e-01
-9.98815298e-01
-9.98662293e-01
-9.98499870e-01
-9.98328030e-01
-9.98146772e-01
-9.97956097e-01
-9.97756004e-01
-9.97546554e-01
-9.97327685e-01
-9.97099400e-01
-9.96861756e-01
-9.96614754e-01
-9.96358335e-01
-9.96092498e-01
-9.95817304e-01
-9.95532691e-01
-9.95238721e-01
-9.94935393e-01
-9.94622648e-01
-9.94300544e-01
-9.93969083e-01
-9.93628204e-01
-9.93278086e-01
-9.92918551e-01
-9.92549598e-01
-9.92171347e-01
-9.91783738e-01
-9.91386771e-01
-9.90980566e-01
-9.90564942e-01
-9.90140021e-01
-9.89705741e-01
-9.89262164e-01
-9.88809228e-01
-9.88346994e-01
-9.87875402e-01
-9.87394512e-01
-9.86904383e-01
-9.86404955e-01
-9.85896230e-01
-9.85378206e-01
-9.84850824e-01
-9.84314203e-01
-9.83768344e-01
-9.83213186e-01
-9.82648790e-01
-9.82075095e-01
-9.81492221e-01
-9.80899990e-01
-9.80298579e-01
-9.79687870e-01
-9.79068041e-01
-9.78438914e-01
-9.77800667e-01
-9.77153063e-01
-9.76496398e-01
-9.75830436e-01
-9.75155354e-01
-9.74470973e-01
-9.73777533e-01
-9.73074853e-01
-9.72362995e-01
-9.71642017e-01
-9.70911860e-01
-9.70172524e-01
-9.69424069e-01
-9.68666494e-01
-9.67899799e-01
-9.67123985e-01
-9.66338992e-01
-9.65544999e-01
-9.64741826e-01
-9.63929594e-01
-9.63108301e-01
-9.62277949e-01
-9.61438477e-01
-9.60589945e-01
-9.59732413e-01
-9.58865762e-01
-9.57990170e-01
-9.57105517e-01
-9.56211865e-01
-9.55309153e-01
-9.54397500e-01
-9.53476787e-01
-9.52547133e-01
-9.51608479e-01
-9.50660825e-01
-9.49704289e-01
-9.48738813e-01
-9.47764337e-01
-9.46781039e-01
-9.45788741e-01
-9.44787502e-01
-9.43777382e-01
-9.42758381e-01
-9.41730499e-01
-9.40693736e-01
-9.39648151e-01
-9.38593686e-01
-9.37530339e-01
-9.36458170e-01
-9.35377181e-01
-9.34287429e-01
-9.33188856e-01
-9.32081461e-01
-9.30965304e-01
-9.29840386e-01
-9.28706706e-01
-9.27564204e-01
-9.26413059e-01
-9.25253153e-01
-9.24084544e-01
-9.22907233e-01
-9.21721220e-01
-9.20526505e-01
-9.19323087e-01
-9.18111026e-01
-9.16890323e-01
-9.15660977e-01
-9.14422989e-01
-9.13176417e-01
-9.11921322e-01
-9.10657525e-01
-9.09385204e-01
-9.08104300e-01
-9.06814754e-01
-9.05516744e-01
-9.04210210e-01
-9.02895093e-01
-9.01571512e-01
-9.00239408e-01
-8.98898959e-01
-8.97549927e-01
-8.96192431e-01
-8.94826531e-01
-8.93452168e-01
-8.92069399e-01
-8.90678227e-01
-8.89278650e-01
-8.87870669e-01
-8.86454344e-01
-8.85029733e-01
-8.83596718e-01
-8.82155418e-01
-8.80705833e-01
-8.79247844e-01
-8.77781630e-01
-8.76307130e-01
-8.74824345e-01
-8.73333395e-01
-8.71834159e-01
-8.70326698e-01
-8.68811071e-01
-8.67287278e-01
-8.65755379e-01
-8.64215195e-01
-8.62666905e-01
-8.61110568e-01
-8.59546006e-01
-8.57973397e-01
-8.56392682e-01
-8.54803920e-01
-8.53207052e-01
-8.51602197e-01
-8.49989295e-01
-8.48368406e-01
-8.46739531e-01
-8.45102668e-01
-8.43457818e-01
-8.41805041e-01
-8.40144336e-01
-8.38475764e-01
-8.36799204e-01
-8.35114837e-01
-8.33422542e-01
-8.31722379e-01
-8.30014467e-01
-8.28298628e-01
-8.26575100e-01
-8.24843645e-01
-8.23104501e-01
-8.21357608e-01
-8.19603026e-01
-8.17840636e-01
-8.16070557e-01
-8.14292789e-01
-8.12507331e-01
-8.10714185e-01
-8.08913469e-01
-8.07105184e-01
-8.05289268e-01
-8.03465724e-01
-8.01634610e-01
-7.99795985e-01
-7.97949791e-01
-7.96096087e-01
-7.94234872e-01
-7.92366207e-01
-7.90490031e-01
-7.88606405e-01
-7.86715329e-01
-7.84816921e-01
-7.82911062e-01
-7.80997872e-01
-7.79077291e-01
-7.77149379e-01
-7.75214136e-01
-7.73271620e-01
-7.71321774e-01
-7.69364715e-01
-7.67400384e-01
-7.65428782e-01
-7.63449967e-01
-7.61463940e-01
-7.59470820e-01
-7.57470489e-01
-7.55463064e-01
-7.53448486e-01
-7.51426876e-01
-7.49398112e-01
-7.47362375e-01
-7.45319545e-01
-7.43269682e-01
-7.41212785e-01
-7.39148855e-01
-7.37078011e-01
-7.35000253e-01
-7.32915580e-01
-7.30824053e-01
-7.28725553e-01
-7.26620257e-01
-7.24508107e-01
-7.22389102e-01
-7.20263243e-01
-7.18130589e-01
-7.15991259e-01
-7.13845134e-01
-7.11692214e-01
-7.09532678e-01
-7.07366467e-01
-7.05193579e-01
-7.03014076e-01
-7.00827897e-01
-6.98635101e-01
-6.96435809e-01
-6.94229901e-01
-6.92017496e-01
-6.89798474e-01
-6.87572956e-01
-6.85341001e-01
-6.83102608e-01
-6.80857778e-01
-6.78606510e-01
-6.76348925e-01
-6.74084902e-01
-6.71814501e-01
-6.69537783e-01
-6.67254806e-01
-6.64965510e-01
-6.62669897e-01
-6.60368085e-01
-6.58060074e-01
-6.55745864e-01
-6.53425455e-01
-6.51098907e-01
-6.48766160e-01
-6.46427393e-01
-6.44082487e-01
-6.41731560e-01
-6.39374495e-01
-6.37011468e-01
-6.34642422e-01
-6.32267416e-01
-6.29886508e-01
-6.27499580e-01
-6.25106812e-01
-6.22708082e-01
-6.20303571e-01
-6.17893100e-01
-6.15476787e-01
-6.13054693e-01
-6.10626876e-01
-6.08193278e-01
-6.05753958e-01
-6.03308916e-01
-6.00858271e-01
-5.98401904e-01
-5.95939934e-01
-5.93472302e-01
-5.90999186e-01
-5.88520408e-01
-5.86036086e-01
-5.83546221e-01
-5.81050932e-01
-5.78550100e-01
-5.76043844e-01
-5.73532164e-01
-5.71015120e-01
-5.68492651e-01
-5.65964818e-01
-5.63431621e-01
-5.60893178e-01
-5.58349431e-01
-5.55800438e-01
-5.53246200e-01
-5.50686717e-01
-5.48122048e-01
-5.45552254e-01
-5.42977333e-01
-5.40397286e-01
-5.37812114e-01
-5.35221875e-01
-5.32626569e-01
-5.30026317e-01
-5.27420998e-01
-5.24810791e-01
-5.22195578e-01
-5.19575477e-01
-5.16950488e-01
-5.14320612e-01
-5.11685848e-01
-5.09046316e-01
-5.06401956e-01
-5.03752828e-01
-5.01098990e-01
-4.98440444e-01
-4.95777190e-01
-4.93109256e-01
-4.90436673e-01
-4.87759471e-01
-4.85077649e-01
-4.82391238e-01
-4.79700327e-01
-4.77004886e-01
-4.74304914e-01
-4.71600533e-01
-4.68891680e-01
-4.66178417e-01
-4.63460773e-01
-4.60738748e-01
-4.58012402e-01
-4.55281705e-01
-4.52546746e-01
-4.49807525e-01
-4.47064042e-01
-4.44316328e-01
-4.41564441e-01
-4.38808441e-01
-4.36048269e-01
-4.33283985e-01
-4.30515617e-01
-4.27743226e-01
-4.24966812e-01
-4.22186345e-01
-4.19401944e-01
-4.16613549e-01
-4.13821280e-01
-4.11025107e-01
-4.08225000e-01
-4.05421078e-01
-4.02613342e-01
-3.99801821e-01
-3.96986514e-01
-3.94167483e-01
-3.91344726e-01
-3.88518304e-01
-3.85688186e-01
-3.82854462e-01
-3.80017102e-01
-3.77176195e-01
-3.74331713e-01
-3.71483713e-01
-3.68632227e-01
-3.65777254e-01
-3.62918854e-01
-3.60056996e-01
-3.57191771e-01
-3.54323149e-01
-3.51451218e-01
-3.48575979e-01
-3.45697492e-01
-3.42815697e-01
-3.39930683e-01
-3.37042451e-01
-3.34151059e-01
-3.31256509e-01
-3.28358829e-01
-3.25458080e-01
-3.22554231e-01
-3.19647372e-01
-3.16737503e-01
-3.13824654e-01
-3.10908854e-01
-3.07990104e-01
-3.05068433e-01
-3.02143902e-01
-2.99216568e-01
-2.96286374e-01
-2.93353409e-01
-2.90417671e-01
-2.87479192e-01
-2.84538031e-01
-2.81594157e-01
-2.78647631e-01
-2.75698483e-01
-2.72746742e-01
-2.69792408e-01
-2.66835541e-01
-2.63876170e-01
-2.60914326e-01
-2.57950038e-01
-2.54983276e-01
-2.52014130e-01
-2.49042600e-01
-2.46068731e-01
-2.43092552e-01
-2.40114093e-01
-2.37133354e-01
-2.34150380e-01
-2.31165200e-01
-2.28177845e-01
-2.25188330e-01
-2.22196713e-01
-2.19202995e-01
-2.16207206e-01
-2.13209391e-01
-2.10209563e-01
-2.07207769e-01
-2.04203993e-01
-2.01198295e-01
-1.98190719e-01
-1.95181265e-01
-1.92169979e-01
-1.89156890e-01
-1.86142012e-01
-1.83125362e-01
-1.80106983e-01
-1.77086934e-01
-1.74065202e-01
-1.71041846e-01
-1.68016866e-01
-1.64990291e-01
-1.61962181e-01
-1.58932537e-01
-1.55901402e-01
-1.52868792e-01
-1.49834752e-01
-1.46799281e-01
-1.43762454e-01
-1.40724257e-01
-1.37684733e-01
-1.34643912e-01
-1.31601810e-01
-1.28558487e-01
-1.25513941e-01
-1.22468226e-01
-1.19421355e-01
-1.16373353e-01
-1.13324262e-01
-1.10274091e-01
-1.07222885e-01
-1.04170665e-01
-1.01117462e-01
-9.80633125e-02
-9.50082392e-02
-9.19522718e-02
-8.88954401e-02
-8.58377740e-02
-8.27792957e-02
-7.97200352e-02
-7.66600221e-02
-7.35992864e-02
-7.05378652e-02
-6.74757734e-02
-6.44130483e-02
-6.13497160e-02
-5.82857989e-02
-5.52213378e-02
-5.21563552e-02
-4.90908809e-02
-4.60249446e-02
-4.29585762e-02
-3.98918018e-02
-3.68246511e-02
-3.37571539e-02
-3.06893419e-02
-2.76212282e-02
-2.45529264e-02
-2.14842763e-02
-1.84144452e-02
-1.53442323e-02
-1.22912088e-02
-9.31208860e-03
-6.52207574e-03
-4.02629655e-03
-1.91529852e-03
0.00000000e+00
0.00000000e+00
