-3.06945550e-03
-0.00000000e+00
4.34172369e-04
8.47419142e-04
1.21499249e-03
1.59364648e-03
1.96857913e-03
2.34464812e-03
2.72033177e-03
3.09610576e-03
3.47181526e-03
3.84750497e-03
4.22315625e-03
4.59876982e-03
4.97434102e-03
5.34986658e-03
5.72534278e-03
6.10076590e-03
6.47613266e-03
6.85144030e-03
7.22668367e-03
7.60186091e-03
7.97696784e-03
8.35200120e-03
8.72695632e-03
9.10183135e-03
9.47662257e-03
9.85132437e-03
1.02259349e-02
1.06004514e-02
1.09748691e-02
1.13491835e-02
1.17233917e-02
1.20974910e-02
1.24714775e-02
1.28453476e-02
1.32190986e-02
1.35927266e-02
1.39662270e-02
1.43395979e-02
1.47128347e-02
1.50859356e-02
1.54588949e-02
1.58317108e-02
1.62043776e-02
1.65768936e-02
1.69492532e-02
1.73214562e-02
1.76934972e-02
1.80653725e-02
1.84370782e-02
1.88086126e-02
1.91799700e-02
1.95511505e-02
1.99221466e-02
2.02929564e-02
2.06635781e-02
2.10340060e-02
2.14042366e-02
2.17742678e-02
2.21440941e-02
2.25137137e-02
2.28831209e-02
2.32523158e-02
2.36212946e-02
2.39900500e-02
2.43585836e-02
2.47268882e-02
2.50949599e-02
2.54627988e-02
2.58304011e-02
2.61977594e-02
2.65648738e-02
2.69317385e-02
2.72983499e-02
2.76647061e-02
2.80308034e-02
2.83966400e-02
2.87622102e-02
2.91275103e-02
2.94925366e-02
2.98572890e-02
3.02217621e-02
3.05859502e-02
3.09498534e-02
3.13134678e-02
3.16767842e-02
3.20398100e-02
3.24025378e-02
3.27649564e-02
3.31270695e-02
3.34888734e-02
3.38503644e-02
3.42115350e-02
3.45723853e-02
3.49329114e-02
3.52931134e-02
3.56529802e-02
3.60125117e-02
3.63717079e-02
3.67305651e-02
3.70890796e-02
3.74472439e-02
3.78050581e-02
3.81625183e-02
3.85196209e-02
3.88763659e-02
3.92327420e-02
3.95887494e-02
3.99443880e-02
4.02996540e-02
4.06545401e-02
4.10090424e-02
4.13631648e-02
4.17168960e-02
4.20702398e-02
4.24231850e-02
4.27757315e-02
4.31278795e-02
4.34796251e-02
4.38309610e-02
4.41818871e-02
4.45323959e-02
4.48824912e-02
4.52321619e-02
4.55814078e-02
4.59302291e-02
4.62786146e-02
4.66265716e-02
4.69740927e-02
4.73211668e-02
4.76677977e-02
4.80139852e-02
4.83597219e-02
4.87050042e-02
4.90498282e-02
4.93941940e-02
4.97380979e-02
5.00815324e-02
5.04244976e-02
5.07669933e-02
5.11090048e-02
5.14505431e-02
5.17916009e-02
5.21321669e-02
5.24722449e-02
5.28118350e-02
5.31509295e-02
5.34895211e-02
5.38276136e-02
5.41651994e-02
5.45022786e-02
5.48388474e-02
5.51748984e-02
5.55104315e-02
5.58454432e-02
5.61799332e-02
5.65138981e-02
5.68473302e-02
5.71802258e-02
5.75125888e-02
5.78444079e-02
5.81756905e-02
5.85064217e-02
5.88366054e-02
5.91662414e-02
5.94953187e-02
5.98238409e-02
6.01517968e-02
6.04791902e-02
6.08060174e-02
6.11322708e-02
6.14579543e-02
6.17830530e-02
6.21075779e-02
6.24315217e-02
6.27548769e-02
6.30776435e-02
6.33998215e-02
6.37214035e-02
6.40423968e-02
6.43627867e-02
6.46825731e-02
6.50017411e-02
6.53203055e-02
6.56382516e-02
6.59555867e-02
6.62722960e-02
6.65883943e-02
6.69038594e-02
6.72187060e-02
6.75329193e-02
6.78464994e-02
6.81594387e-02
6.84717372e-02
6.87833875e-02
6.90944046e-02
6.94047660e-02
6.97144717e-02
7.00235367e-02
7.03319386e-02
7.06396848e-02
7.09467605e-02
7.12531731e-02
7.15589151e-02
7.18639791e-02
7.21683651e-02
7.24720880e-02
7.27751181e-02
7.30774701e-02
7.33791366e-02
7.36801177e-02
7.39804059e-02
7.42800012e-02
7.45788962e-02
7.48770833e-02
7.51745775e-02
7.54713565e-02
7.57674351e-02
7.60627985e-02
7.63574615e-02
7.66514093e-02
7.69446418e-02
7.72371516e-02
7.75289312e-02
7.78199732e-02
7.81102851e-02
7.83998594e-02
7.86887035e-02
7.89768025e-02
7.92641640e-02
7.95507878e-02
7.98366591e-02
8.01217854e-02
8.04061517e-02
8.06897655e-02
8.09726194e-02
8.12547207e-02
8.15360546e-02
8.18166211e-02
8.20964277e-02
8.23754519e-02
8.26537088e-02
8.29311907e-02
8.32078904e-02
8.34838152e-02
8.37589502e-02
8.40332955e-02
8.43068585e-02
8.45796242e-02
8.48515928e-02
8.51227716e-02
8.53931382e-02
8.56627151e-02
8.59314799e-02
8.61994401e-02
8.64666030e-02
8.67329389e-02
8.69984701e-02
8.72631744e-02
8.75270590e-02
8.77901241e-02
8.80523622e-02
8.83137807e-02
8.85743648e-02
8.88341218e-02
8.90930444e-02
8.93511325e-02
8.96083862e-02
8.98647979e-02
9.01203677e-02
9.03750882e-02
9.06289518e-02
9.08819661e-02
9.11341310e-02
9.13854390e-02
9.16358829e-02
9.18854773e-02
9.21342000e-02
9.23820660e-02
9.26290676e-02
9.28751975e-02
9.31204557e-02
9.33648348e-02
9.36083272e-02
9.38509479e-02
9.40926895e-02
9.43335444e-02
9.45735127e-02
9.48126018e-02
9.50507894e-02
9.52880904e-02
9.55244899e-02
9.57599953e-02
9.59946066e-02
9.62283164e-02
9.64611247e-02
9.66930240e-02
9.69240144e-02
9.71540883e-02
9.73832458e-02
9.76115018e-02
9.78388339e-02
9.80652496e-02
9.82907489e-02
9.85153168e-02
9.87389684e-02
9.89616886e-02
9.91834849e-02
9.94043499e-02
9.96242836e-02
9.98432711e-02
1.00061320e-01
1.00278430e-01
1.00494593e-01
1.00709826e-01
1.00924104e-01
1.01137444e-01
1.01349831e-01
1.01561263e-01
1.01771764e-01
1.01981319e-01
1.02189913e-01
1.02397546e-01
1.02604218e-01
1.02809921e-01
1.03014655e-01
1.03218421e-01
1.03421204e-01
1.03623010e-01
1.03823856e-01
1.04023710e-01
1.04222581e-01
1.04420476e-01
1.04617395e-01
1.04813322e-01
1.05008274e-01
1.05202243e-01
1.05395220e-01
1.05587214e-01
1.05778210e-01
1.05968222e-01
1.06157228e-01
1.06345236e-01
1.06532238e-01
1.06718242e-01
1.06903255e-01
1.07087255e-01
1.07270248e-01
1.07452236e-01
1.07633211e-01
1.07813187e-01
1.07992135e-01
1.08170077e-01
1.08346999e-01
1.08522914e-01
1.08697794e-01
1.08871669e-01
1.09044515e-01
1.09216332e-01
1.09387122e-01
1.09556891e-01
1.09725624e-01
1.09893329e-01
1.10060006e-01
1.10225640e-01
1.10390246e-01
1.10553816e-01
1.10716343e-01
1.10877827e-01
1.11038275e-01
1.11197680e-01
1.11356027e-01
1.11513339e-01
1.11669607e-01
1.11824818e-01
1.11978985e-01
1.12132095e-01
1.12284161e-01
1.12435155e-01
1.12585105e-01
1.12733983e-01
1.12881809e-01
1.13028564e-01
1.13174267e-01
1.13318898e-01
1.13462470e-01
1.13604978e-01
1.13746412e-01
1.13886774e-01
1.14026070e-01
1.14164293e-01
1.14301443e-01
1.14437521e-01
1.14572525e-01
1.14706457e-01
1.14839315e-01
1.14971101e-01
1.15101807e-01
1.15231432e-01
1.15359962e-01
1.15487404e-01
1.15613766e-01
1.15739033e-01
1.15863211e-01
1.15986295e-01
1.16108283e-01
1.16229184e-01
1.16348997e-01
1.16467714e-01
1.16585329e-01
1.16701856e-01
1.16817281e-01
1.16931610e-01
1.17044844e-01
1.17156968e-01
1.17267996e-01
1.17377929e-01
1.17486753e-01
1.17594473e-01
1.17701091e-01
1.17806599e-01
1.17911004e-01
1.18014298e-01
1.18116483e-01
1.18217558e-01
1.18317522e-01
1.18416376e-01
1.18514121e-01
1.18610747e-01
1.18706256e-01
1.18800648e-01
1.18893921e-01
1.18986078e-01
1.19077109e-01
1.19167030e-01
1.19255826e-01
1.19343512e-01
1.19430073e-01
1.19515516e-01
1.19599827e-01
1.19683020e-01
1.19765088e-01
1.19846024e-01
1.19925827e-01
1.20004512e-01
1.20082058e-01
1.20158471e-01
1.20233759e-01
1.20307922e-01
1.20380946e-01
1.20452851e-01
1.20523617e-01
1.20593250e-01
1.20661750e-01
1.20729111e-01
1.20795339e-01
1.20860435e-01
1.20924391e-01
1.20987207e-01
1.21048883e-01
1.21109426e-01
1.21168830e-01
1.21227086e-01
1.21284217e-01
1.21340200e-01
1.21395044e-01
1.21448748e-01
1.21501304e-01
1.21552721e-01
1.21602990e-01
1.21652119e-01
1.21700101e-01
1.21746935e-01
1.21792629e-01
1.21837176e-01
1.21880576e-01
1.21922821e-01
1.21963933e-01
1.22003891e-01
1.22042708e-01
1.22080371e-01
1.22116894e-01
1.22152261e-01
1.22186482e-01
1.22219563e-01
1.22251488e-01
1.22282267e-01
1.22311890e-01
1.22340366e-01
1.22367702e-01
1.22393876e-01
1.22418918e-01
1.22442797e-01
1.22465529e-01
1.22487113e-01
1.22507542e-01
1.22526832e-01
1.22544959e-01
1.22561947e-01
1.22577772e-01
1.22592464e-01
1.22605987e-01
1.22618370e-01
1.22629583e-01
1.22639641e-01
1.22648552e-01
1.22656301e-01
1.22662894e-01
1.22668333e-01
1.22672610e-01
1.22675732e-01
1.22677699e-01
1.22678503e-01
1.22678153e-01
1.22676648e-01
1.22673988e-01
1.22670159e-01
1.22665182e-01
1.22659042e-01
1.22651748e-01
1.22643299e-01
1.22633696e-01
1.22622937e-01
1.22611023e-01
1.22597955e-01
1.22583725e-01
1.22568347e-01
1.22551814e-01
1.22534133e-01
1.22515298e-01
1.22495316e-01
1.22474171e-01
1.22451887e-01
1.22428447e-01
1.22403868e-01
1.22378133e-01
1.22351266e-01
1.22323245e-01
1.22294068e-01
1.22263752e-01
1.22232273e-01
1.22199647e-01
1.22165874e-01
1.22130945e-01
1.22094877e-01
1.22057661e-01
1.22019298e-01
1.21979788e-01
1.21939130e-01
1.21897325e-01
1.21854372e-01
1.21810272e-01
1.21765032e-01
1.21718638e-01
1.21671103e-01
1.21622428e-01
1.21572606e-01
1.21521637e-01
1.21469527e-01
1.21416263e-01
1.21361874e-01
1.21306330e-01
1.21249646e-01
1.21191822e-01
1.21132858e-01
1.21072754e-01
1.21011518e-01
1.20949134e-01
1.20885625e-01
1.20820977e-01
1.20755188e-01
1.20688267e-01
1.20620213e-01
1.20551020e-01
1.20480701e-01
1.20409243e-01
1.20336652e-01
1.20262936e-01
1.20188087e-01
1.20112106e-01
1.20035000e-01
1.19956754e-01
1.19877383e-01
1.19796894e-01
1.19715266e-01
1.19632520e-01
1.19548641e-01
1.19463645e-01
1.19377516e-01
1.19290270e-01
1.19201891e-01
1.19112387e-01
1.19021758e-01
1.18930012e-01
1.18837155e-01
1.18743189e-01
1.18648104e-01
1.18551902e-01
1.18454598e-01
1.18356176e-01
1.18256643e-01
1.18155994e-01
1.18054233e-01
1.17951356e-01
1.17847376e-01
1.17742285e-01
1.17636092e-01
1.17528789e-01
1.17420390e-01
1.17310874e-01
1.17200263e-01
1.17088556e-01
1.16975740e-01
1.16861828e-01
1.16746813e-01
1.16630711e-01
1.16513506e-01
1.16395205e-01
1.16275810e-01
1.16155319e-01
1.16033740e-01
1.15911067e-01
1.15787297e-01
1.15662433e-01
1.15536489e-01
1.15409456e-01
1.15281336e-01
1.15152128e-01
1.15021832e-01
1.14890449e-01
1.14757992e-01
1.14624463e-01
1.14489861e-01
1.14354186e-01
1.14217438e-01
1.14079617e-01
1.13940723e-01
1.13800757e-01
1.13659710e-01
1.13517605e-01
1.13374427e-01
1.13230184e-01
1.13084882e-01
1.12938508e-01
1.12791084e-01
1.12642586e-01
1.12493038e-01
1.12342432e-01
1.12190768e-01
1.12038046e-01
1.11884266e-01
1.11729443e-01
1.11573562e-01
1.11416638e-01
1.11258671e-01
1.11099645e-01
1.10939585e-01
1.10778473e-01
1.10616326e-01
1.10453136e-01
1.10288911e-01
1.10123649e-01
1.09957360e-01
1.09790027e-01
1.09621674e-01
1.09452270e-01
1.09281853e-01
1.09110408e-01
1.08937934e-01
1.08764440e-01
1.08589925e-01
1.08414389e-01
1.08237825e-01
1.08060248e-01
1.07881665e-01
1.07702062e-01
1.07521452e-01
1.07339822e-01
1.07157178e-01
1.06973544e-01
1.06788889e-01
1.06603235e-01
1.06416583e-01
1.06228925e-01
1.06040277e-01
1.05850630e-01
1.05659984e-01
1.05468348e-01
1.05275720e-01
1.05082110e-01
1.04887508e-01
1.04691923e-01
1.04495354e-01
1.04297802e-01
1.04099259e-01
1.03899747e-01
1.03699267e-01
1.03497803e-01
1.03295371e-01
1.03091955e-01
1.02887563e-01
1.02682196e-01
1.02475852e-01
1.02268547e-01
1.02060281e-01
1.01851068e-01
1.01640895e-01
1.01429775e-01
1.01217709e-01
1.01004697e-01
1.00790732e-01
1.00575827e-01
1.00359984e-01
1.00143187e-01
9.99254584e-02
9.97067839e-02
9.94871706e-02
9.92666110e-02
9.90451276e-02
9.88227129e-02
9.85993743e-02
9.83751118e-02
9.81499255e-02
9.79238227e-02
9.76967961e-02
9.74688530e-02
9.72399935e-02
9.70102176e-02
9.67795253e-02
9.65479314e-02
9.63154286e-02
9.60820168e-02
9.58476961e-02
9.56124812e-02
9.53763649e-02
9.51393619e-02
9.49014574e-02
9.46626738e-02
9.44229886e-02
9.41824242e-02
9.39409733e-02
9.36986357e-02
9.34554264e-02
9.32113305e-02
9.29663554e-02
9.27205011e-02
9.24737826e-02
9.22261998e-02
9.19777453e-02
9.17284340e-02
9.14782584e-02
9.12272185e-02
9.09753218e-02
9.07225758e-02
9.04689729e-02
9.02145281e-02
8.99592265e-02
8.97030830e-02
8.94460827e-02
8.91882479e-02
8.89295787e-02
8.86700824e-02
8.84097517e-02
8.81485865e-02
8.78866017e-02
8.76237899e-02
8.73601586e-02
8.70956928e-02
8.68304148e-02
8.65643099e-02
8.62974003e-02
8.60296786e-02
8.57611448e-02
8.54918137e-02
8.52216780e-02
8.49507302e-02
8.46789926e-02
8.44064653e-02
8.41331407e-02
8.38590264e-02
8.35841224e-02
8.33084285e-02
8.30319524e-02
8.27546939e-02
8.24766606e-02
8.21978599e-02
8.19182768e-02
8.16379339e-02
8.13568160e-02
8.10749382e-02
8.07922930e-02
8.05088952e-02
8.02247375e-02
7.99398199e-02
7.96541497e-02
7.93677345e-02
7.90805817e-02
7.87926838e-02
7.85040408e-02
7.82146677e-02
7.79245496e-02
7.76337087e-02
7.73421302e-02
7.70498216e-02
7.67567828e-02
7.64630213e-02
7.61685446e-02
7.58733600e-02
7.55774677e-02
7.52808675e-02
7.49835521e-02
7.46855438e-02
7.43868351e-02
7.40874186e-02
7.37873018e-02
7.34864920e-02
7.31849968e-02
7.28828162e-02
7.25799501e-02
7.22763985e-02
7.19721690e-02
7.16672689e-02
7.13616833e-02
7.10554346e-02
7.07485080e-02
7.04409257e-02
7.01326802e-02
6.98237717e-02
6.95142150e-02
6.92040026e-02
6.88931346e-02
6.85816258e-02
6.82694763e-02
6.79566786e-02
6.76432401e-02
6.73291683e-02
6.70144632e-02
6.66991249e-02
6.63831607e-02
6.60665855e-02
6.57493770e-02
6.54315576e-02
6.51131198e-02
6.47940785e-02
6.44744188e-02
6.41541481e-02
6.38332814e-02
6.35118037e-02
6.31897375e-02
6.28670901e-02
6.25438467e-02
6.22200146e-02
6.18955977e-02
6.15705997e-02
6.12450242e-02
6.09188713e-02
6.05921485e-02
6.02648519e-02
5.99369928e-02
5.96085675e-02
5.92795834e-02
5.89500405e-02
5.86199500e-02
5.82893044e-02
5.79581149e-02
5.76263741e-02
5.72940931e-02
5.69612719e-02
5.66279180e-02
5.62940314e-02
5.59596159e-02
5.56246750e-02
5.52892089e-02
5.49532250e-02
5.46167269e-02
5.42797111e-02
5.39421849e-02
5.36041595e-02
5.32656275e-02
5.29265925e-02
5.25870658e-02
5.22470400e-02
5.19065261e-02
5.15655167e-02
5.12240268e-02
5.08820526e-02
5.05396053e-02
5.01966812e-02
4.98532876e-02
4.95094210e-02
4.91650924e-02
4.88203056e-02
4.84750569e-02
4.81293574e-02
4.77831997e-02
4.74365987e-02
4.70895469e-02
4.67420556e-02
4.63941246e-02
4.60457541e-02
4.56969552e-02
4.53477204e-02
4.49980646e-02
4.46479879e-02
4.42974903e-02
4.39465754e-02
4.35952470e-02
4.32435125e-02
4.28913683e-02
4.25388217e-02
4.21858765e-02
4.18325327e-02
4.14787941e-02
4.11246717e-02
4.07701582e-02
4.04152647e-02
4.00599875e-02
3.97043340e-02
3.93483080e-02
3.89919095e-02
3.86351496e-02
3.82780246e-02
3.79205383e-02
3.75626981e-02
3.72045077e-02
3.68459672e-02
3.64870764e-02
3.61278467e-02
3.57682705e-02
3.54083627e-02
3.50481234e-02
3.46875563e-02
3.43266614e-02
3.39654461e-02
3.36039104e-02
3.32420580e-02
3.28798927e-02
3.25174220e-02
3.21546420e-02
3.17915604e-02
3.14281806e-02
3.10645029e-02
3.07005364e-02
3.03362813e-02
2.99717393e-02
2.96069160e-02
2.92418152e-02
2.88764406e-02
2.85107922e-02
2.81448774e-02
2.77786981e-02
2.74122581e-02
2.70455610e-02
2.66786087e-02
2.63114087e-02
2.59439591e-02
2.55762655e-02
2.52083316e-02
2.48401612e-02
2.44717542e-02
2.41031200e-02
2.37342585e-02
2.33651754e-02
2.29958706e-02
2.26263516e-02
2.22566184e-02
2.18866765e-02
2.15165298e-02
2.11461782e-02
2.07756311e-02
2.04048883e-02
2.00339537e-02
1.96628291e-02
1.92915220e-02
1.89200323e-02
1.85483657e-02
1.81765221e-02
1.78045090e-02
1.74323283e-02
1.70599837e-02
1.66874807e-02
1.63148213e-02
1.59420054e-02
1.55690433e-02
1.51959350e-02
1.48226833e-02
1.44492928e-02
1.40757654e-02
1.37021057e-02
1.33283176e-02
1.29544036e-02
1.25803677e-02
1.22062145e-02
1.18319457e-02
1.14575671e-02
1.10830804e-02
1.07084904e-02
1.03337988e-02
9.95901134e-03
9.58413072e-03
9.20916069e-03
8.83410312e-03
8.45896266e-03
8.08374211e-03
7.70844612e-03
7.33307702e-03
6.95763854e-03
6.58213533e-03
6.20657019e-03
5.83094684e-03
5.45526855e-03
5.07953949e-03
4.70376201e-03
4.32794029e-03
3.95207852e-03
3.57617927e-03
3.20024649e-03
2.82428367e-03
2.44829408e-03
2.07228167e-03
1.69624982e-03
1.32020214e-03
9.44141939e-04
5.68072952e-04
1.91998639e-04
-1.84077435e-04
-5.60151704e-04
-9.36220749e-04
-1.31228101e-03
-1.68832880e-03
-2.06436054e-03
-2.44037318e-03
-2.81636254e-03
-3.19232536e-03
-3.56825837e-03
-3.94415762e-03
-4.32002032e-03
-4.69584204e-03
-5.07161999e-03
-5.44734998e-03
-5.82302921e-03
-6.19865302e-03
-6.57421863e-03
-6.94972277e-03
-7.32516171e-03
-7.70053174e-03
-8.07582960e-03
-8.45105108e-03
-8.82619247e-03
-9.20125004e-03
-9.57622100e-03
-9.95110255e-03
-1.03258910e-02
-1.07005825e-02
-1.10751744e-02
-1.14496611e-02
-1.18240407e-02
-1.21983094e-02
-1.25724636e-02
-1.29464995e-02
-1.33204134e-02
-1.36942025e-02
-1.40678622e-02
-1.44413905e-02
-1.48147829e-02
-1.51880356e-02
-1.55611457e-02
-1.59341097e-02
-1.63069237e-02
-1.66795850e-02
-1.70520898e-02
-1.74244344e-02
-1.77966151e-02
-1.81686301e-02
-1.85404718e-02
-1.89121403e-02
-1.92836318e-02
-1.96549408e-02
-2.00260654e-02
-2.03970019e-02
-2.07677446e-02
-2.11382918e-02
-2.15086434e-02
-2.18787901e-02
-2.22487319e-02
-2.26184651e-02
-2.29879841e-02
-2.33572889e-02
-2.37263739e-02
-2.40952335e-02
-2.44638678e-02
-2.48322729e-02
-2.52004433e-02
-2.55683772e-02
-2.59360708e-02
-2.63035204e-02
-2.66707242e-02
-2.70376783e-02
-2.74043754e-02
-2.77708173e-02
-2.81369966e-02
-2.85029113e-02
-2.88685579e-02
-2.92339344e-02
-2.95990352e-02
-2.99638584e-02
-3.03284004e-02
-3.06926575e-02
-3.10566258e-02
-3.14203016e-02
-3.17836851e-02
-3.21467705e-02
-3.25095542e-02
-3.28720249e-02
-3.32341902e-02
-3.35960463e-02
-3.39575857e-02
-3.43188047e-02
-3.46797034e-02
-3.50402780e-02
-3.54005210e-02
-3.57604288e-02
-3.61200050e-02
-3.64792384e-02
-3.68381292e-02
-3.71966735e-02
-3.75548676e-02
-3.79127078e-02
-3.82701978e-02
-3.86273302e-02
-3.89840975e-02
-3.93404923e-02
-3.96965221e-02
-4.00521718e-02
-4.04074527e-02
-4.07623500e-02
-4.11168672e-02
-4.14709933e-02
-4.18247320e-02
-4.21780795e-02
-4.25310284e-02
-4.28835787e-02
-4.32357267e-02
-4.35874686e-02
-4.39388007e-02
-4.42897193e-02
-4.46402207e-02
-4.49903049e-02
-4.53399643e-02
-4.56891954e-02
-4.60380018e-02
-4.63863723e-02
-4.67343070e-02
-4.70818058e-02
-4.74288575e-02
-4.77754660e-02
-4.81216237e-02
-4.84673306e-02
-4.88125831e-02
-4.91573736e-02
-4.95017059e-02
-4.98455726e-02
-5.01889698e-02
-5.05318977e-02
-5.08743487e-02
-5.12163229e-02
-5.15578166e-02
-5.18988222e-02
-5.22393435e-02
-5.25793694e-02
-5.29189035e-02
-5.32579385e-02
-5.35964780e-02
-5.39345071e-02
-5.42720295e-02
-5.46090454e-02
-5.49455471e-02
-5.52815348e-02
-5.56169972e-02
-5.59519418e-02
-5.62863611e-02
-5.66202514e-02
-5.69536053e-02
-5.72864227e-02
-5.76187074e-02
-5.79504482e-02
-5.82816452e-02
-5.86122945e-02
-5.89423925e-02
-5.92719391e-02
-5.96009269e-02
-5.99293523e-02
-6.02572188e-02
-6.05845191e-02
-6.09112456e-02
-6.12374023e-02
-6.15629815e-02
-6.18879795e-02
-6.22124001e-02
-6.25362322e-02
-6.28594831e-02
-6.31821454e-02
-6.35042191e-02
-6.38256967e-02
-6.41465709e-02
-6.44668415e-02
-6.47865012e-02
-6.51055574e-02
-6.54240027e-02
-6.57418296e-02
-6.60590380e-02
-6.63756281e-02
-6.66915923e-02
-6.70069382e-02
-6.73216507e-02
-6.76357299e-02
-6.79491758e-02
-6.82619810e-02
-6.85741380e-02
-6.88856617e-02
-6.91965297e-02
-6.95067421e-02
-6.98163137e-02
-7.01252222e-02
-7.04334825e-02
-7.07410723e-02
-7.10480064e-02
-7.13542625e-02
-7.16598406e-02
-7.19647557e-02
-7.22689852e-02
-7.25725442e-02
-7.28754103e-02
-7.31776059e-02
-7.34791085e-02
-7.37799183e-02
-7.40800351e-02
-7.43794590e-02
-7.46781826e-02
-7.49762133e-02
-7.52735287e-02
-7.55701363e-02
-7.58660436e-02
-7.61612356e-02
-7.64557198e-02
-7.67494887e-02
-7.70425349e-02
-7.73348436e-02
-7.76264295e-02
-7.79172778e-02
-7.82074034e-02
-7.84967840e-02
-7.87854344e-02
-7.90733397e-02
-7.93605074e-02
-7.96469226e-02
-7.99326003e-02
-8.02175254e-02
-8.05016905e-02
-8.07850957e-02
-8.10677484e-02
-8.13496336e-02
-8.16307515e-02
-8.19111094e-02
-8.21906999e-02
-8.24695155e-02
-8.27475563e-02
-8.30248222e-02
-8.33013058e-02
-8.35770071e-02
-8.38519186e-02
-8.41260403e-02
-8.43993798e-02
-8.46719146e-02
-8.49436596e-02
-8.52146074e-02
-8.54847506e-02
-8.57540965e-02
-8.60226303e-02
-8.62903669e-02
-8.65572914e-02
-8.68233964e-02
-8.70886818e-02
-8.73531476e-02
-8.76167938e-02
-8.78796130e-02
-8.81416127e-02
-8.84027779e-02
-8.86631161e-02
-8.89226273e-02
-8.91813040e-02
-8.94391462e-02
-8.96961540e-02
-8.99523050e-02
-9.02076140e-02
-9.04620662e-02
-9.07156691e-02
-9.09684300e-02
-9.12203267e-02
-9.14713740e-02
-9.17215571e-02
-9.19708759e-02
-9.22193378e-02
-9.24669281e-02
-9.27136540e-02
-9.29595158e-02
-9.32044908e-02
-9.34486017e-02
-9.36918333e-02
-9.39341784e-02
-9.41756442e-02
-9.44162235e-02
-9.46559086e-02
-9.48947072e-02
-9.51326117e-02
-9.53696296e-02
-9.56057459e-02
-9.58409756e-02
-9.60752964e-02
-9.63087231e-02
-9.65412408e-02
-9.67728421e-02
-9.70035419e-02
-9.72333252e-02
-9.74621996e-02
-9.76901650e-02
-9.79171991e-02
-9.81433168e-02
-9.83685181e-02
-9.85927880e-02
-9.88161340e-02
-9.90385562e-02
-9.92600396e-02
-9.94805917e-02
-9.97002050e-02
-9.99188870e-02
-1.00136630e-01
-1.00353427e-01
-1.00569278e-01
-1.00784190e-01
-1.00998156e-01
-1.01211175e-01
-1.01423249e-01
-1.01634376e-01
-1.01844557e-01
-1.02053784e-01
-1.02262057e-01
-1.02469362e-01
-1.02675706e-01
-1.02881074e-01
-1.03085473e-01
-1.03288904e-01
-1.03491351e-01
-1.03692822e-01
-1.03893325e-01
-1.04092844e-01
-1.04291387e-01
-1.04488954e-01
-1.04685538e-01
-1.04881145e-01
-1.05075747e-01
-1.05269372e-01
-1.05462007e-01
-1.05653651e-01
-1.05844304e-01
-1.06033958e-01
-1.06222615e-01
-1.06410272e-01
-1.06596939e-01
-1.06782600e-01
-1.06967255e-01
-1.07150912e-01
-1.07333548e-01
-1.07515186e-01
-1.07695810e-01
-1.07875422e-01
-1.08054020e-01
-1.08231604e-01
-1.08408175e-01
-1.08583726e-01
-1.08758256e-01
-1.08931765e-01
-1.09104246e-01
-1.09275706e-01
-1.09446123e-01
-1.09615520e-01
-1.09783880e-01
-1.09951220e-01
-1.10117525e-01
-1.10282801e-01
-1.10447034e-01
-1.10610232e-01
-1.10772394e-01
-1.10933505e-01
-1.11093581e-01
-1.11252606e-01
-1.11410588e-01
-1.11567527e-01
-1.11723416e-01
-1.11878246e-01
-1.12032034e-01
-1.12184763e-01
-1.12336442e-01
-1.12487063e-01
-1.12636618e-01
-1.12785123e-01
-1.12932570e-01
-1.13078944e-01
-1.13224268e-01
-1.13368519e-01
-1.13511696e-01
-1.13653816e-01
-1.13794863e-01
-1.13934845e-01
-1.14073746e-01
-1.14211582e-01
-1.14348337e-01
-1.14484027e-01
-1.14618652e-01
-1.14752188e-01
-1.14884660e-01
-1.15016058e-01
-1.15146369e-01
-1.15275599e-01
-1.15403734e-01
-1.15530774e-01
-1.15656734e-01
-1.15781590e-01
-1.15905359e-01
-1.16028048e-01
-1.16149634e-01
-1.16270132e-01
-1.16389535e-01
-1.16507843e-01
-1.16625063e-01
-1.16741188e-01
-1.16856210e-01
-1.16970137e-01
-1.17082968e-01
-1.17194690e-01
-1.17305309e-01
-1.17414832e-01
-1.17523246e-01
-1.17630556e-01
-1.17736764e-01
-1.17841862e-01
-1.17945857e-01
-1.18048742e-01
-1.18150517e-01
-1.18251182e-01
-1.18350737e-01
-1.18449174e-01
-1.18546501e-01
-1.18642710e-01
-1.18737817e-01
-1.18831798e-01
-1.18924670e-01
-1.19016416e-01
-1.19107053e-01
-1.19196564e-01
-1.19284943e-01
-1.19372211e-01
-1.19458355e-01
-1.19543374e-01
-1.19627275e-01
-1.19710043e-01
-1.19791687e-01
-1.19872190e-01
-1.19951576e-01
-1.20029829e-01
-1.20106958e-01
-1.20182954e-01
-1.20257817e-01
-1.20331556e-01
-1.20404154e-01
-1.20475627e-01
-1.20545968e-01
-1.20615177e-01
-1.20683245e-01
-1.20750181e-01
-1.20815992e-01
-1.20880656e-01
-1.20944187e-01
-1.21006578e-01
-1.21067829e-01
-1.21127948e-01
-1.21186927e-01
-1.21244758e-01
-1.21301450e-01
-1.21357001e-01
-1.21411420e-01
-1.21464692e-01
-1.21516824e-01
-1.21567808e-01
-1.21617652e-01
-1.21666349e-01
-1.21713907e-01
-1.21760316e-01
-1.21805578e-01
-1.21849701e-01
-1.21892668e-01
-1.21934481e-01
-1.21975154e-01
-1.22014679e-01
-1.22053057e-01
-1.22090295e-01
-1.22126386e-01
-1.22161321e-01
-1.22195110e-01
-1.22227751e-01
-1.22259237e-01
-1.22289583e-01
-1.22318782e-01
-1.22346826e-01
-1.22373722e-01
-1.22399472e-01
-1.22424074e-01
-1.22447520e-01
-1.22469828e-01
-1.22490980e-01
-1.22510985e-01
-1.22529835e-01
-1.22547545e-01
-1.22564092e-01
-1.22579493e-01
-1.22593738e-01
-1.22606829e-01
-1.22618765e-01
-1.22629546e-01
-1.22639179e-01
-1.22647643e-01
-1.22654960e-01
-1.22661114e-01
-1.22666098e-01
-1.22669943e-01
-1.22672617e-01
-1.22674145e-01
-1.22674510e-01
-1.22673720e-01
-1.22671768e-01
-1.22668661e-01
-1.22664392e-01
-1.22658975e-01
-1.22652397e-01
-1.22644670e-01
-1.22635782e-01
-1.22625731e-01
-1.22614533e-01
-1.22602180e-01
-1.22588664e-01
-1.22574009e-01
-1.22558199e-01
-1.22541249e-01
-1.22523136e-01
-1.22503869e-01
-1.22483462e-01
-1.22461900e-01
-1.22439183e-01
-1.22415327e-01
-1.22390315e-01
-1.22364156e-01
-1.22336842e-01
-1.22308373e-01
-1.22278772e-01
-1.22248009e-01
-1.22216098e-01
-1.22183047e-01
-1.22148842e-01
-1.22113496e-01
-1.22076996e-01
-1.22039348e-01
-1.22000553e-01
-1.21960603e-01
-1.21919513e-01
-1.21877275e-01
-1.21833891e-01
-1.21789366e-01
-1.21743694e-01
-1.21696874e-01
-1.21648908e-01
-1.21599801e-01
-1.21549547e-01
-1.21498153e-01
-1.21445611e-01
-1.21391922e-01
-1.21337101e-01
-1.21281140e-01
-1.21224031e-01
-1.21165782e-01
-1.21106401e-01
-1.21045873e-01
-1.20984204e-01
-1.20921403e-01
-1.20857455e-01
-1.20792381e-01
-1.20726161e-01
-1.20658815e-01
-1.20590329e-01
-1.20520718e-01
-1.20449968e-01
-1.20378092e-01
-1.20305076e-01
-1.20230936e-01
-1.20155662e-01
-1.20079257e-01
-1.20001726e-01
-1.19923063e-01
-1.19843282e-01
-1.19762361e-01
-1.19680315e-01
-1.19597144e-01
-1.19512849e-01
-1.19427420e-01
-1.19340874e-01
-1.19253196e-01
-1.19164392e-01
-1.19074479e-01
-1.18983455e-01
-1.18891314e-01
-1.18798055e-01
-1.18703671e-01
-1.18608169e-01
-1.18511550e-01
-1.18413813e-01
-1.18314974e-01
-1.18215024e-01
-1.18113957e-01
-1.18011788e-01
-1.17908500e-01
-1.17804118e-01
-1.17698625e-01
-1.17592022e-01
-1.17484316e-01
-1.17375508e-01
-1.17265597e-01
-1.17154583e-01
-1.17042467e-01
-1.16929248e-01
-1.16814934e-01
-1.16699517e-01
-1.16582997e-01
-1.16465390e-01
-1.16346695e-01
-1.16226897e-01
-1.16106011e-01
-1.15984023e-01
-1.15860946e-01
-1.15736790e-01
-1.15611531e-01
-1.15485176e-01
-1.15357749e-01
-1.15229227e-01
-1.15099624e-01
-1.14968933e-01
-1.14837162e-01
-1.14704318e-01
-1.14570394e-01
-1.14435397e-01
-1.14299327e-01
-1.14162184e-01
-1.14023976e-01
-1.13884687e-01
-1.13744326e-01
-1.13602899e-01
-1.13460407e-01
-1.13316856e-01
-1.13172226e-01
-1.13026537e-01
-1.12879783e-01
-1.12731971e-01
-1.12583093e-01
-1.12433165e-01
-1.12282179e-01
-1.12130143e-01
-1.11977041e-01
-1.11822881e-01
-1.11667678e-01
-1.11511424e-01
-1.11354128e-01
-1.11195773e-01
-1.11036383e-01
-1.10875957e-01
-1.10714473e-01
-1.10551961e-01
-1.10388406e-01
-1.10223815e-01
-1.10058181e-01
-1.09891519e-01
-1.09723829e-01
-1.09555103e-01
-1.09385341e-01
-1.09214559e-01
-1.09042749e-01
-1.08869910e-01
-1.08696051e-01
-1.08521178e-01
-1.08345285e-01
-1.08168371e-01
-1.07990444e-01
-1.07811496e-01
-1.07631542e-01
-1.07450567e-01
-1.07268587e-01
-1.07085600e-01
-1.06901601e-01
-1.06716603e-01
-1.06530599e-01
-1.06343597e-01
-1.06155597e-01
-1.05966598e-01
-1.05776601e-01
-1.05585612e-01
-1.05393626e-01
-1.05200656e-01
-1.05006710e-01
-1.04811773e-01
-1.04615852e-01
-1.04418941e-01
-1.04221053e-01
-1.04022190e-01
-1.03822351e-01
-1.03621528e-01
-1.03419721e-01
-1.03216946e-01
-1.03013195e-01
-1.02808475e-01
-1.02602780e-01
-1.02396116e-01
-1.02188483e-01
-1.01979896e-01
-1.01770364e-01
-1.01559870e-01
-1.01348430e-01
-1.01136051e-01
-1.00922719e-01
-1.00708440e-01
-1.00493222e-01
-1.00277059e-01
-1.00059949e-01
-9.98419002e-02
-9.96229202e-02
-9.94030014e-02
-9.91821438e-02
-9.89603549e-02
-9.87376422e-02
-9.85140055e-02
-9.82894376e-02
-9.80639532e-02
-9.78375450e-02
-9.76102203e-02
-9.73819718e-02
-9.71528143e-02
-9.69227403e-02
-9.66917649e-02
-9.64598730e-02
-9.62270796e-02
-9.59933698e-02
-9.57587585e-02
-9.55232531e-02
-9.52868536e-02
-9.50495675e-02
-9.48113799e-02
-9.45723057e-02
-9.43323448e-02
-9.40914899e-02
-9.38497633e-02
-9.36071500e-02
-9.33636650e-02
-9.31192935e-02
-9.28740427e-02
-9.26279202e-02
-9.23809260e-02
-9.21330750e-02
-9.18843523e-02
-9.16347727e-02
-9.13843289e-02
-9.11330357e-02
-9.08808783e-02
-9.06278789e-02
-9.03740227e-02
-9.01193097e-02
-8.98637474e-02
-8.96073356e-02
-8.93500894e-02
-8.90920013e-02
-8.88330787e-02
-8.85733292e-02
-8.83127451e-02
-8.80513415e-02
-8.77891034e-02
-8.75260457e-02
-8.72621685e-02
-8.69974643e-02
-8.67319405e-02
-8.64656046e-02
-8.61984491e-02
-8.59304890e-02
-8.56617242e-02
-8.53921622e-02
-8.51217881e-02
-8.48506242e-02
-8.45786631e-02
-8.43059048e-02
-8.40323567e-02
-8.37580189e-02
-8.34828913e-02
-8.32069814e-02
-8.29302818e-02
-8.26528072e-02
-8.23745579e-02
-8.20955411e-02
-8.18157494e-02
-8.15351829e-02
-8.12538564e-02
-8.09717625e-02
-8.06889161e-02
-8.04053023e-02
-8.01209360e-02
-7.98358172e-02
-7.95499533e-02
-7.92633444e-02
-7.89759830e-02
-7.86878914e-02
-7.83990547e-02
-7.81094879e-02
-7.78191835e-02
-7.75281489e-02
-7.72363842e-02
-7.69438893e-02
-7.66506642e-02
-7.63567239e-02
-7.60620683e-02
-7.57667050e-02
-7.54706338e-02
-7.51738623e-02
-7.48763755e-02
-7.45781884e-02
-7.42793083e-02
-7.39797205e-02
-7.36794323e-02
-7.33784586e-02
-7.30767995e-02
-7.27744550e-02
-7.24714249e-02
-7.21677169e-02
-7.18633309e-02
-7.15582669e-02
-7.12525323e-02
-7.09461272e-02
-7.06390589e-02
-7.03313202e-02
-7.00229257e-02
-6.97138757e-02
-6.94041774e-02
-6.90938160e-02
-6.87828138e-02
-6.84711635e-02
-6.81588724e-02
-6.78459406e-02
-6.75323606e-02
-6.72181547e-02
-6.69033155e-02
-6.65878505e-02
-6.62717670e-02
-6.59550503e-02
-6.56377301e-02
-6.53197840e-02
-6.50012344e-02
-6.46820590e-02
-6.43622801e-02
-6.40418977e-02
-6.37209117e-02
-6.33993298e-02
-6.30771592e-02
-6.27543926e-02
-6.24310412e-02
-6.21071048e-02
-6.17825836e-02
-6.14574850e-02
-6.11318089e-02
-6.08055592e-02
-6.04787357e-02
-6.01513460e-02
-5.98233938e-02
-5.94948791e-02
-5.91658056e-02
-5.88361770e-02
-5.85059971e-02
-5.81752621e-02
-5.78439869e-02
-5.75121678e-02
-5.71798086e-02
-5.68469130e-02
-5.65134846e-02
-5.61795272e-02
-5.58450371e-02
-5.55100255e-02
-5.51744960e-02
-5.48384450e-02
-5.45018837e-02
-5.41648120e-02
-5.38272262e-02
-5.34891412e-02
-5.31505495e-02
-5.28114550e-02
-5.24718687e-02
-5.21317944e-02
-5.17912246e-02
-5.14501706e-02
-5.11086360e-02
-5.07666245e-02
-5.04241362e-02
-5.00811748e-02
-4.97377440e-02
-4.93938439e-02
-4.90494817e-02
-4.87046577e-02
-4.83593792e-02
-4.80136462e-02
-4.76674624e-02
-4.73208316e-02
-4.69737574e-02
-4.66262475e-02
-4.62782942e-02
-4.59299125e-02
-4.55810949e-02
-4.52318527e-02
-4.48821858e-02
-4.45320942e-02
-4.41815890e-02
-4.38306667e-02
-4.34793383e-02
-4.31276001e-02
-4.27754559e-02
-4.24229130e-02
-4.20699678e-02
-4.17166315e-02
-4.13629040e-02
-4.10087891e-02
-4.06542867e-02
-4.02994044e-02
-3.99441421e-02
-3.95885073e-02
-3.92325036e-02
-3.88761312e-02
-3.85193937e-02
-3.81622910e-02
-3.78048383e-02
-3.74470279e-02
-3.70888673e-02
-3.67303602e-02
-3.63715068e-02
-3.60123143e-02
-3.56527865e-02
-3.52929197e-02
-3.49327214e-02
-3.45721953e-02
-3.42113487e-02
-3.38501781e-02
-3.34886909e-02
-3.31268944e-02
-3.27647813e-02
-3.24023664e-02
-3.20396423e-02
-3.16766202e-02
-3.13133039e-02
-3.09496950e-02
-3.05857938e-02
-3.02216057e-02
-2.98571363e-02
-2.94923875e-02
-2.91273613e-02
-2.87620611e-02
-2.83964928e-02
-2.80306600e-02
-2.76645645e-02
-2.72982083e-02
-2.69315988e-02
-2.65647359e-02
-2.61976253e-02
-2.58302689e-02
-2.54626721e-02
-2.50948351e-02
-2.47267634e-02
-2.43584588e-02
-2.39899270e-02
-2.36211717e-02
-2.32521947e-02
-2.28829999e-02
-2.25135926e-02
-2.21439749e-02
-2.17741486e-02
-2.14041192e-02
-2.10338887e-02
-2.06634626e-02
-2.02928409e-02
-1.99220311e-02
-1.95510369e-02
-1.91798583e-02
-1.88085027e-02
-1.84369702e-02
-1.80652663e-02
-1.76933929e-02
-1.73213556e-02
-1.69491544e-02
-1.65767968e-02
-1.62042826e-02
-1.58316158e-02
-1.54588036e-02
-1.50858462e-02
-1.47127472e-02
-1.43395113e-02
-1.39661413e-02
-1.35926418e-02
-1.32190147e-02
-1.28452657e-02
-1.24713974e-02
-1.20974127e-02
-1.17233144e-02
-1.13491071e-02
-1.09747937e-02
-1.06003778e-02
-1.02258641e-02
-9.85125452e-03
-9.47655365e-03
-9.10176523e-03
-8.72689206e-03
-8.35193787e-03
-7.97690637e-03
-7.60180177e-03
-7.22662592e-03
-6.85138302e-03
-6.47607725e-03
-6.10071188e-03
-5.72529016e-03
-5.34981536e-03
-4.97429119e-03
-4.59872186e-03
-4.22310969e-03
-3.84746026e-03
-3.47177219e-03
-3.09606385e-03
-2.72029149e-03
-2.34460924e-03
-1.96854188e-03
-1.59361039e-03
-1.21495896e-03
-8.47383926e-04
-4.34148475e-04
5.96046448e-08
3.06951511e-03
