-3.06945550e-03
-0.00000000e+00
2.56827590e-03
5.27895195e-03
7.97497015e-03
1.07112965e-02
1.34786814e-02
1.62857715e-02
1.91324055e-02
2.20181905e-02
2.49402672e-02
2.78946850e-02
3.08766868e-02
3.38813066e-02
3.69037464e-02
3.99396904e-02
4.29854505e-02
4.60380539e-02
4.90951873e-02
5.21551445e-02
5.52167036e-02
5.82790338e-02
6.13415763e-02
6.44039810e-02
6.74660131e-02
7.05275238e-02
7.35884458e-02
7.66486898e-02
7.97082335e-02
8.27670321e-02
8.58250558e-02
8.88822749e-02
9.19386670e-02
9.49941874e-02
9.80488136e-02
1.01102524e-01
1.04155272e-01
1.07207038e-01
1.10257797e-01
1.13307513e-01
1.16356164e-01
1.19403720e-01
1.22450151e-01
1.25495419e-01
1.28539518e-01
1.31582394e-01
1.34624049e-01
1.37664422e-01
1.40703499e-01
1.43741250e-01
1.46777630e-01
1.49812639e-01
1.52846232e-01
1.55878395e-01
1.58909082e-01
1.61938280e-01
1.64965943e-01
1.67992055e-01
1.71016589e-01
1.74039513e-01
1.77060798e-01
1.80080429e-01
1.83098346e-01
1.86114535e-01
1.89128965e-01
1.92141622e-01
1.95152476e-01
1.98161498e-01
2.01168641e-01
2.04173893e-01
2.07177207e-01
2.10178569e-01
2.13177949e-01
2.16175333e-01
2.19170675e-01
2.22163960e-01
2.25155145e-01
2.28144214e-01
2.31131122e-01
2.34115854e-01
2.37098381e-01
2.40078673e-01
2.43056715e-01
2.46032462e-01
2.49005869e-01
2.51976937e-01
2.54945666e-01
2.57911980e-01
2.60875851e-01
2.63837278e-01
2.66796201e-01
2.69752622e-01
2.72706509e-01
2.75657862e-01
2.78606564e-01
2.81552643e-01
2.84496069e-01
2.87436843e-01
2.90374875e-01
2.93310165e-01
2.96242714e-01
2.99172461e-01
3.02099377e-01
3.05023462e-01
3.07944685e-01
3.10863018e-01
3.13778400e-01
3.16690832e-01
3.19600284e-01
3.22506726e-01
3.25410098e-01
3.28310430e-01
3.31207663e-01
3.34101796e-01
3.36992770e-01
3.39880556e-01
3.42765152e-01
3.45646530e-01
3.48524630e-01
3.51399451e-01
3.54270935e-01
3.57139111e-01
3.60003918e-01
3.62865359e-01
3.65723342e-01
3.68577898e-01
3.71428996e-01
3.74276578e-01
3.77120644e-01
3.79961133e-01
3.82798076e-01
3.85631382e-01
3.88461053e-01
3.91287059e-01
3.94109368e-01
3.96927983e-01
3.99742872e-01
4.02553976e-01
4.05361295e-01
4.08164829e-01
4.10964489e-01
4.13760275e-01
4.16552186e-01
4.19340163e-01
4.22124147e-01
4.24904197e-01
4.27680254e-01
4.30452257e-01
4.33220208e-01
4.35984075e-01
4.38743830e-01
4.41499442e-01
4.44250911e-01
4.46998179e-01
4.49741215e-01
4.52480078e-01
4.55214649e-01
4.57944930e-01
4.60670888e-01
4.63392526e-01
4.66109782e-01
4.68822628e-01
4.71531063e-01
4.74235058e-01
4.76934612e-01
4.79629666e-01
4.82320189e-01
4.85006183e-01
4.87687558e-01
4.90364373e-01
4.93036538e-01
4.95704055e-01
4.98366922e-01
5.01025140e-01
5.03678560e-01
5.06327271e-01
5.08971274e-01
5.11610508e-01
5.14244854e-01
5.16874313e-01
5.19498944e-01
5.22118628e-01
5.24733424e-01
5.27343333e-01
5.29948175e-01
5.32548070e-01
5.35142958e-01
5.37732840e-01
5.40317595e-01
5.42897284e-01
5.45471847e-01
5.48041284e-01
5.50605536e-01
5.53164601e-01
5.55718422e-01
5.58267117e-01
5.60810566e-01
5.63348711e-01
5.65881550e-01
5.68408966e-01
5.70931077e-01
5.73447764e-01
5.75959027e-01
5.78464925e-01
5.80965340e-01
5.83460271e-01
5.85949719e-01
5.88433683e-01
5.90912104e-01
5.93384922e-01
5.95852077e-01
5.98313689e-01
6.00769639e-01
6.03219986e-01
6.05664611e-01
6.08103633e-01
6.10536873e-01
6.12964392e-01
6.15386128e-01
6.17802083e-01
6.20212078e-01
6.22616291e-01
6.25014603e-01
6.27407074e-01
6.29793584e-01
6.32174194e-01
6.34548903e-01
6.36917591e-01
6.39280319e-01
6.41637027e-01
6.43987656e-01
6.46332204e-01
6.48670614e-01
6.51002944e-01
6.53329134e-01
6.55649185e-01
6.57963097e-01
6.60270751e-01
6.62572265e-01
6.64867520e-01
6.67156458e-01
6.69439197e-01
6.71715498e-01
6.73985541e-01
6.76249206e-01
6.78506494e-01
6.80757403e-01
6.83001935e-01
6.85240030e-01
6.87471628e-01
6.89696848e-01
6.91915512e-01
6.94127619e-01
6.96333230e-01
6.98532224e-01
7.00724661e-01
7.02910423e-01
7.05089629e-01
7.07262158e-01
7.09428132e-01
7.11587429e-01
7.13739991e-01
7.15885878e-01
7.18024969e-01
7.20157266e-01
7.22282767e-01
7.24401474e-01
7.26513267e-01
7.28618324e-01
7.30716407e-01
7.32807696e-01
7.34892011e-01
7.36969471e-01
7.39040017e-01
7.41103649e-01
7.43160248e-01
7.45209813e-01
7.47252345e-01
7.49287784e-01
7.51316190e-01
7.53337562e-01
7.55351841e-01
7.57358968e-01
7.59359002e-01
7.61351824e-01
7.63337493e-01
7.65316010e-01
7.67287374e-01
7.69251466e-01
7.71208286e-01
7.73157775e-01
7.75100052e-01
7.77034998e-01
7.78962553e-01
7.80882835e-01
7.82795787e-01
7.84701288e-01
7.86599457e-01
7.88490236e-01
7.90373623e-01
7.92249560e-01
7.94117987e-01
7.95978904e-01
7.97832310e-01
7.99678147e-01
8.01516473e-01
8.03347230e-01
8.05170417e-01
8.06986094e-01
8.08794141e-01
8.10594559e-01
8.12387407e-01
8.14172685e-01
8.15950394e-01
8.17720413e-01
8.19482744e-01
8.21237206e-01
8.22983921e-01
8.24722767e-01
8.26453745e-01
8.28177035e-01
8.29892516e-01
8.31600130e-01
8.33299935e-01
8.34991932e-01
8.36676061e-01
8.38352263e-01
8.40020597e-01
8.41681004e-01
8.43333602e-01
8.44978213e-01
8.46614838e-01
8.48243535e-01
8.49864185e-01
8.51476848e-01
8.53081465e-01
8.54678035e-01
8.56266558e-01
8.57847095e-01
8.59419465e-01
8.60983789e-01
8.62540007e-01
8.64088058e-01
8.65628004e-01
8.67159724e-01
8.68683279e-01
8.70198786e-01
8.71705949e-01
8.73204947e-01
8.74695659e-01
8.76178145e-01
8.77652466e-01
8.79118443e-01
8.80576134e-01
8.82025599e-01
8.83466721e-01
8.84899557e-01
8.86323929e-01
8.87740076e-01
8.89147818e-01
8.90547156e-01
8.91938090e-01
8.93320680e-01
8.94694865e-01
8.96060586e-01
8.97417843e-01
8.98766696e-01
9.00107026e-01
9.01438892e-01
9.02762234e-01
9.04077113e-01
9.05383408e-01
9.06681240e-01
9.07970428e-01
9.09251153e-01
9.10523295e-01
9.11786795e-01
9.13041770e-01
9.14288223e-01
9.15526032e-01
9.16755259e-01
9.17975843e-01
9.19187784e-01
9.20391142e-01
9.21585739e-01
9.22771633e-01
9.23948765e-01
9.25117195e-01
9.26276863e-01
9.27427828e-01
9.28570092e-01
9.29703593e-01
9.30828333e-01
9.31944251e-01
9.33051407e-01
9.34149802e-01
9.35239375e-01
9.36320245e-01
9.37392235e-01
9.38455403e-01
9.39509690e-01
9.40555155e-01
9.41591799e-01
9.42619622e-01
9.43638504e-01
9.44648504e-01
9.45649624e-01
9.46641743e-01
9.47624922e-01
9.48599279e-01
9.49564636e-01
9.50521052e-01
9.51468468e-01
9.52407002e-01
9.53336477e-01
9.54257071e-01
9.55168605e-01
9.56071198e-01
9.56964672e-01
9.57849264e-01
9.58724737e-01
9.59591210e-01
9.60448563e-01
9.61296976e-01
9.62136269e-01
9.62966502e-01
9.63787735e-01
9.64599848e-01
9.65402842e-01
9.66196775e-01
9.66981649e-01
9.67757344e-01
9.68523979e-01
9.69281375e-01
9.70029771e-01
9.70768988e-01
9.71498966e-01
9.72219944e-01
9.72931623e-01
9.73634243e-01
9.74327624e-01
9.75011826e-01
9.75686848e-01
9.76352632e-01
9.77009296e-01
9.77656662e-01
9.78294909e-01
9.78923976e-01
9.79543746e-01
9.80154335e-01
9.80755627e-01
9.81347740e-01
9.81930614e-01
9.82504189e-01
9.83068526e-01
9.83623624e-01
9.84169424e-01
9.84705985e-01
9.85233247e-01
9.85751152e-01
9.86259818e-01
9.86759186e-01
9.87249315e-01
9.87730026e-01
9.88201559e-01
9.88663673e-01
9.89116490e-01
9.89560008e-01
9.89994228e-01
9.90419149e-01
9.90834713e-01
9.91240919e-01
9.91637766e-01
9.92025316e-01
9.92403507e-01
9.92772341e-01
9.93131816e-01
9.93481994e-01
9.93822753e-01
9.94154155e-01
9.94476140e-01
9.94788826e-01
9.95092154e-01
9.95386064e-01
9.95670617e-01
9.95945752e-01
9.96211529e-01
9.96467948e-01
9.96714950e-01
9.96952534e-01
9.97180820e-01
9.97399688e-01
9.97609079e-01
9.97809172e-01
9.97999847e-01
9.98181045e-01
9.98352885e-01
9.98515308e-01
9.98668313e-01
9.98811901e-01
9.98946130e-01
9.99070883e-01
9.99186218e-01
9.99292195e-01
9.99388754e-01
9.99475896e-01
9.99553561e-01
9.99621868e-01
9.99680698e-01
9.99730229e-01
9.99770284e-01
9.99800861e-01
9.99822080e-01
9.99833822e-01
9.99836147e-01
9.99829113e-01
9.99812663e-01
9.99786794e-01
9.99751449e-01
9.99706686e-01
9.99652505e-01
9.99588907e-01
9.99515891e-01
9.99433458e-01
9.99341667e-01
9.99240398e-01
9.99129713e-01
9.99009669e-01
9.98880148e-01
9.98741269e-01
9.98592973e-01
9.98435259e-01
9.98268127e-01
9.98091578e-01
9.97905612e-01
9.97710228e-01
9.97505486e-01
9.97291327e-01
9.97067809e-01
9.96834874e-01
9.96592522e-01
9.96340811e-01
9.96079743e-01
9.95809257e-01
9.95529473e-01
9.95240211e-01
9.94941592e-01
9.94633615e-01
9.94316220e-01
9.93989468e-01
9.93653357e-01
9.93307948e-01
9.92953122e-01
9.92588997e-01
9.92215455e-01
9.91832614e-01
9.91440475e-01
9.91038918e-01
9.90628004e-01
9.90207851e-01
9.89778280e-01
9.89339352e-01
9.88891184e-01
9.88433659e-01
9.87966835e-01
9.87490714e-01
9.87005293e-01
9.86510575e-01
9.86006558e-01
9.85493243e-01
9.84970629e-01
9.84438717e-01
9.83897567e-01
9.83347058e-01
9.82787430e-01
9.82218504e-01
9.81640279e-01
9.81052816e-01
9.80456114e-01
9.79850113e-01
9.79234934e-01
9.78610516e-01
9.77976918e-01
9.77334082e-01
9.76682067e-01
9.76020873e-01
9.75350320e-01
9.74670708e-01
9.73981917e-01
9.73283947e-01
9.72576797e-01
9.71860528e-01
9.71135080e-01
9.70400453e-01
9.69656646e-01
9.68903720e-01
9.68141735e-01
9.67370570e-01
9.66590345e-01
9.65800941e-01
9.65002477e-01
9.64194894e-01
9.63378251e-01
9.62552547e-01
9.61717725e-01
9.60873902e-01
9.60021019e-01
9.59159076e-01
9.58288074e-01
9.57408130e-01
9.56519067e-01
9.55621064e-01
9.54713941e-01
9.53797877e-01
9.52872753e-01
9.51938629e-01
9.50995564e-01
9.50043559e-01
9.49082673e-01
9.48112845e-01
9.47134078e-01
9.46146429e-01
9.45149839e-01
9.44144368e-01
9.43129957e-01
9.42106724e-01
9.41074550e-01
9.40033495e-01
9.38983619e-01
9.37924922e-01
9.36857402e-01
9.35781002e-01
9.34695780e-01
9.33601797e-01
9.32499051e-01
9.31387484e-01
9.30267096e-01
9.29138005e-01
9.28000093e-01
9.26853478e-01
9.25698102e-01
9.24534023e-01
9.23361301e-01
9.22179759e-01
9.20989573e-01
9.19790566e-01
9.18582916e-01
9.17366624e-01
9.16141689e-01
9.14908171e-01
9.13666070e-01
9.12415445e-01
9.11156118e-01
9.09888327e-01
9.08611834e-01
9.07326937e-01
9.06033397e-01
9.04731274e-01
9.03420687e-01
9.02101576e-01
9.00774002e-01
8.99437904e-01
8.98093343e-01
8.96740377e-01
8.95378828e-01
8.94008875e-01
8.92630458e-01
8.91243696e-01
8.89848530e-01
8.88444960e-01
8.87033045e-01
8.85612786e-01
8.84184122e-01
8.82747114e-01
8.81301820e-01
8.79848301e-01
8.78386497e-01
8.76916349e-01
8.75437915e-01
8.73951316e-01
8.72456372e-01
8.70953262e-01
8.69441926e-01
8.67922425e-01
8.66394758e-01
8.64858925e-01
8.63314927e-01
8.61762822e-01
8.60202610e-01
8.58634293e-01
8.57057810e-01
8.55473280e-01
8.53880703e-01
8.52280080e-01
8.50671470e-01
8.49054813e-01
8.47430170e-01
8.45797539e-01
8.44156921e-01
8.42508376e-01
8.40851843e-01
8.39187443e-01
8.37515175e-01
8.35834980e-01
8.34146917e-01
8.32451046e-01
8.30747306e-01
8.29035699e-01
8.27316344e-01
8.25589120e-01
8.23854089e-01
8.22111309e-01
8.20360780e-01
8.18602443e-01
8.16836298e-01
8.15062463e-01
8.13281000e-01
8.11491847e-01
8.09695125e-01
8.07890892e-01
8.06079090e-01
8.04259777e-01
8.02432775e-01
8.00598264e-01
7.98756123e-01
7.96906531e-01
7.95049369e-01
7.93184698e-01
7.91312516e-01
7.89432824e-01
7.87545741e-01
7.85651326e-01
7.83749461e-01
7.81840265e-01
7.79923618e-01
7.77999699e-01
7.76068389e-01
7.74129808e-01
7.72183955e-01
7.70230830e-01
7.68270373e-01
7.66302705e-01
7.64327705e-01
7.62345552e-01
7.60356247e-01
7.58359849e-01
7.56356299e-01
7.54345596e-01
7.52327800e-01
7.50302911e-01
7.48270929e-01
7.46231854e-01
7.44185865e-01
7.42132783e-01
7.40072727e-01
7.38005698e-01
7.35931695e-01
7.33850777e-01
7.31762946e-01
7.29668200e-01
7.27566659e-01
7.25458205e-01
7.23342896e-01
7.21220851e-01
7.19091952e-01
7.16956258e-01
7.14813769e-01
7.12664545e-01
7.10508585e-01
7.08346009e-01
7.06176758e-01
7.04000950e-01
7.01818407e-01
6.99629307e-01
6.97433591e-01
6.95231259e-01
6.93022430e-01
6.90807045e-01
6.88585103e-01
6.86356723e-01
6.84121847e-01
6.81880593e-01
6.79632902e-01
6.77378774e-01
6.75118327e-01
6.72851503e-01
6.70578301e-01
6.68298781e-01
6.66013002e-01
6.63720846e-01
6.61422431e-01
6.59117818e-01
6.56807065e-01
6.54490054e-01
6.52166963e-01
6.49837613e-01
6.47502244e-01
6.45160735e-01
6.42813146e-01
6.40459478e-01
6.38099790e-01
6.35734081e-01
6.33362412e-01
6.30984783e-01
6.28601193e-01
6.26211643e-01
6.23816252e-01
6.21414959e-01
6.19007826e-01
6.16594851e-01
6.14176035e-01
6.11751378e-01
6.09320939e-01
6.06884837e-01
6.04443014e-01
6.01995528e-01
5.99542439e-01
5.97083688e-01
5.94619274e-01
5.92149258e-01
5.89673638e-01
5.87192416e-01
5.84705710e-01
5.82213521e-01
5.79715788e-01
5.77212632e-01
5.74704051e-01
5.72190106e-01
5.69670677e-01
5.67145944e-01
5.64615786e-01
5.62080383e-01
5.59539616e-01
5.56993604e-01
5.54442346e-01
5.51885784e-01
5.49324095e-01
5.46757281e-01
5.44185281e-01
5.41608155e-01
5.39025962e-01
5.36438644e-01
5.33846259e-01
5.31248808e-01
5.28646410e-01
5.26039004e-01
5.23426712e-01
5.20809412e-01
5.18187284e-01
5.15560269e-01
5.12928367e-01
5.10291576e-01
5.07649958e-01
5.05003572e-01
5.02352536e-01
4.99696702e-01
4.97036189e-01
4.94370967e-01
4.91701126e-01
4.89026606e-01
4.86347497e-01
4.83663797e-01
4.80975538e-01
4.78282779e-01
4.75585490e-01
4.72883701e-01
4.70177442e-01
4.67466772e-01
4.64751720e-01
4.62032259e-01
4.59308445e-01
4.56580311e-01
4.53847885e-01
4.51111197e-01
4.48370248e-01
4.45625067e-01
4.42875683e-01
4.40122128e-01
4.37364459e-01
4.34602648e-01
4.31836754e-01
4.29066807e-01
4.26292777e-01
4.23514754e-01
4.20732707e-01
4.17946696e-01
4.15156752e-01
4.12362903e-01
4.09565181e-01
4.06763583e-01
4.03958172e-01
4.01148945e-01
3.98335934e-01
3.95519197e-01
3.92698735e-01
3.89874548e-01
3.87046695e-01
3.84215176e-01
3.81380051e-01
3.78541350e-01
3.75699103e-01
3.72853279e-01
3.70003939e-01
3.67151111e-01
3.64294827e-01
3.61435086e-01
3.58571976e-01
3.55705470e-01
3.52835655e-01
3.49962503e-01
3.47086042e-01
3.44206303e-01
3.41323316e-01
3.38437110e-01
3.35547745e-01
3.32655191e-01
3.29759508e-01
3.26860696e-01
3.23958844e-01
3.21053892e-01
3.18145961e-01
3.15235019e-01
3.12321126e-01
3.09404284e-01
3.06484491e-01
3.03561807e-01
3.00636321e-01
2.97707975e-01
2.94776827e-01
2.91842878e-01
2.88906217e-01
2.85966814e-01
2.83024728e-01
2.80079961e-01
2.77132571e-01
2.74182558e-01
2.71229982e-01
2.68274814e-01
2.65317142e-01
2.62356967e-01
2.59394288e-01
2.56429195e-01
2.53461689e-01
2.50491768e-01
2.47519523e-01
2.44544938e-01
2.41568044e-01
2.38588870e-01
2.35607445e-01
2.32623801e-01
2.29637966e-01
2.26649970e-01
2.23659843e-01
2.20667601e-01
2.17673287e-01
2.14676917e-01
2.11678535e-01
2.08678156e-01
2.05675796e-01
2.02671498e-01
1.99665293e-01
1.96657211e-01
1.93647280e-01
1.90635532e-01
1.87621981e-01
1.84606671e-01
1.81589633e-01
1.78570867e-01
1.75550416e-01
1.72528327e-01
1.69504598e-01
1.66479275e-01
1.63452372e-01
1.60423934e-01
1.57393977e-01
1.54362544e-01
1.51329651e-01
1.48295328e-01
1.45259634e-01
1.42222539e-01
1.39184132e-01
1.36144400e-01
1.33103386e-01
1.30061120e-01
1.27017632e-01
1.23972952e-01
1.20927103e-01
1.17880106e-01
1.14832006e-01
1.11782819e-01
1.08732581e-01
1.05681323e-01
1.02629066e-01
9.95758399e-02
9.65216756e-02
9.34666023e-02
9.04106423e-02
8.73538405e-02
8.42962041e-02
8.12377855e-02
7.81785920e-02
7.51186684e-02
7.20580295e-02
6.89967200e-02
6.59347475e-02
6.28721640e-02
5.98089881e-02
5.67452461e-02
5.36809713e-02
5.06161936e-02
4.75509353e-02
4.44852300e-02
4.14191112e-02
3.83526012e-02
3.52857262e-02
3.22185196e-02
2.91510075e-02
2.60832198e-02
2.30151862e-02
1.99469365e-02
1.68785006e-02
1.38099035e-02
1.07411779e-02
7.67235039e-03
4.60345112e-03
1.53450819e-03
-1.53444905e-03
-4.60339198e-03
-7.67229125e-03
-1.07411183e-02
-1.38098439e-02
-1.68784410e-02
-1.99468769e-02
-2.30151247e-02
-2.60831565e-02
-2.91509442e-02
-3.22184563e-02
-3.52856629e-02
-3.83525379e-02
-4.14190479e-02
-4.44851704e-02
-4.75508720e-02
-5.06161265e-02
-5.36809079e-02
-5.67451790e-02
-5.98089173e-02
-6.28720894e-02
-6.59346804e-02
-6.89966455e-02
-7.20579624e-02
-7.51186013e-02
-7.81785324e-02
-8.12377185e-02
-8.42961520e-02
-8.73537809e-02
-9.04105976e-02
-9.34665576e-02
-9.65216234e-02
-9.95757878e-02
-1.02629013e-01
-1.05681270e-01
-1.08732529e-01
-1.11782759e-01
-1.14831939e-01
-1.17880039e-01
-1.20927028e-01
-1.23972878e-01
-1.27017558e-01
-1.30061045e-01
-1.33103326e-01
-1.36144325e-01
-1.39184058e-01
-1.42222494e-01
-1.45259574e-01
-1.48295298e-01
-1.51329607e-01
-1.54362500e-01
-1.57393932e-01
-1.60423890e-01
-1.63452327e-01
-1.66479230e-01
-1.69504553e-01
-1.72528267e-01
-1.75550371e-01
-1.78570807e-01
-1.81589574e-01
-1.84606627e-01
-1.87621951e-01
-1.90635502e-01
-1.93647251e-01
-1.96657181e-01
-1.99665263e-01
-2.02671453e-01
-2.05675736e-01
-2.08678097e-01
-2.11678490e-01
-2.14676872e-01
-2.17673227e-01
-2.20667541e-01
-2.23659784e-01
-2.26649910e-01
-2.29637891e-01
-2.32623726e-01
-2.35607356e-01
-2.38588765e-01
-2.41567940e-01
-2.44544819e-01
-2.47519419e-01
-2.50491649e-01
-2.53461570e-01
-2.56429076e-01
-2.59394169e-01
-2.62356818e-01
-2.65317023e-01
-2.68274724e-01
-2.71229863e-01
-2.74182469e-01
-2.77132452e-01
-2.80079871e-01
-2.83024639e-01
-2.85966724e-01
-2.88906157e-01
-2.91842818e-01
-2.94776767e-01
-2.97707915e-01
-3.00636232e-01
-3.03561747e-01
-3.06484401e-01
-3.09404165e-01
-3.12321037e-01
-3.15234929e-01
-3.18145871e-01
-3.21053833e-01
-3.23958755e-01
-3.26860607e-01
-3.29759419e-01
-3.32655102e-01
-3.35547656e-01
-3.38437021e-01
-3.41323197e-01
-3.44206184e-01
-3.47085923e-01
-3.49962384e-01
-3.52835566e-01
-3.55705410e-01
-3.58571917e-01
-3.61435026e-01
-3.64294738e-01
-3.67150992e-01
-3.70003819e-01
-3.72853160e-01
-3.75698984e-01
-3.78541261e-01
-3.81379962e-01
-3.84215087e-01
-3.87046605e-01
-3.89874458e-01
-3.92698616e-01
-3.95519108e-01
-3.98335874e-01
-4.01148856e-01
-4.03958082e-01
-4.06763524e-01
-4.09565121e-01
-4.12362844e-01
-4.15156692e-01
-4.17946607e-01
-4.20732588e-01
-4.23514634e-01
-4.26292688e-01
-4.29066688e-01
-4.31836694e-01
-4.34602588e-01
-4.37364399e-01
-4.40122128e-01
-4.42875624e-01
-4.45625037e-01
-4.48370188e-01
-4.51111168e-01
-4.53847855e-01
-4.56580281e-01
-4.59308416e-01
-4.62032229e-01
-4.64751631e-01
-4.67466682e-01
-4.70177352e-01
-4.72883582e-01
-4.75585371e-01
-4.78282660e-01
-4.80975449e-01
-4.83663678e-01
-4.86347407e-01
-4.89026517e-01
-4.91701037e-01
-4.94370908e-01
-4.97036129e-01
-4.99696672e-01
-5.02352476e-01
-5.05003572e-01
-5.07649899e-01
-5.10291517e-01
-5.12928247e-01
-5.15560210e-01
-5.18187225e-01
-5.20809352e-01
-5.23426592e-01
-5.26038945e-01
-5.28646290e-01
-5.31248689e-01
-5.33846140e-01
-5.36438525e-01
-5.39025843e-01
-5.41608036e-01
-5.44185221e-01
-5.46757221e-01
-5.49324036e-01
-5.51885724e-01
-5.54442227e-01
-5.56993484e-01
-5.59539497e-01
-5.62080264e-01
-5.64615667e-01
-5.67145824e-01
-5.69670558e-01
-5.72189987e-01
-5.74703991e-01
-5.77212572e-01
-5.79715788e-01
-5.82213461e-01
-5.84705651e-01
-5.87192416e-01
-5.89673579e-01
-5.92149258e-01
-5.94619274e-01
-5.97083628e-01
-5.99542439e-01
-6.01995528e-01
-6.04443014e-01
-6.06884837e-01
-6.09320939e-01
-6.11751318e-01
-6.14175975e-01
-6.16594791e-01
-6.19007766e-01
-6.21414900e-01
-6.23816192e-01
-6.26211584e-01
-6.28601134e-01
-6.30984664e-01
-6.33362353e-01
-6.35734081e-01
-6.38099730e-01
-6.40459478e-01
-6.42813146e-01
-6.45160675e-01
-6.47502184e-01
-6.49837554e-01
-6.52166843e-01
-6.54489934e-01
-6.56806946e-01
-6.59117699e-01
-6.61422312e-01
-6.63720727e-01
-6.66012883e-01
-6.68298721e-01
-6.70578241e-01
-6.72851384e-01
-6.75118268e-01
-6.77378714e-01
-6.79632843e-01
-6.81880534e-01
-6.84121847e-01
-6.86356664e-01
-6.88585103e-01
-6.90807045e-01
-6.93022430e-01
-6.95231259e-01
-6.97433531e-01
-6.99629188e-01
-7.01818287e-01
-7.04000831e-01
-7.06176639e-01
-7.08345890e-01
-7.10508525e-01
-7.12664485e-01
-7.14813709e-01
-7.16956198e-01
-7.19091892e-01
-7.21220791e-01
-7.23342896e-01
-7.25458205e-01
-7.27566600e-01
-7.29668200e-01
-7.31762886e-01
-7.33850718e-01
-7.35931635e-01
-7.38005638e-01
-7.40072727e-01
-7.42132843e-01
-7.44185925e-01
-7.46231973e-01
-7.48270988e-01
-7.50302911e-01
-7.52327800e-01
-7.54345655e-01
-7.56356299e-01
-7.58359909e-01
-7.60356307e-01
-7.62345612e-01
-7.64327705e-01
-7.66302645e-01
-7.68270373e-01
-7.70230830e-01
-7.72183955e-01
-7.74129808e-01
-7.76068389e-01
-7.77999699e-01
-7.79923677e-01
-7.81840265e-01
-7.83749521e-01
-7.85651326e-01
-7.87545800e-01
-7.89432883e-01
-7.91312516e-01
-7.93184698e-01
-7.95049369e-01
-7.96906471e-01
-7.98756123e-01
-8.00598204e-01
-8.02432775e-01
-8.04259777e-01
-8.06079209e-01
-8.07891011e-01
-8.09695244e-01
-8.11491907e-01
-8.13281000e-01
-8.15062463e-01
-8.16836298e-01
-8.18602443e-01
-8.20360839e-01
-8.22111368e-01
-8.23854208e-01
-8.25589240e-01
-8.27316403e-01
-8.29035819e-01
-8.30747366e-01
-8.32451046e-01
-8.34146976e-01
-8.35834980e-01
-8.37515175e-01
-8.39187503e-01
-8.40851903e-01
-8.42508435e-01
-8.44156981e-01
-8.45797598e-01
-8.47430229e-01
-8.49054873e-01
-8.50671530e-01
-8.52280140e-01
-8.53880823e-01
-8.55473340e-01
-8.57057869e-01
-8.58634293e-01
-8.60202610e-01
-8.61762822e-01
-8.63314986e-01
-8.64858925e-01
-8.66394818e-01
-8.67922485e-01
-8.69441986e-01
-8.70953262e-01
-8.72456372e-01
-8.73951197e-01
-8.75437915e-01
-8.76916289e-01
-8.78386438e-01
-8.79848301e-01
-8.81301880e-01
-8.82747173e-01
-8.84184122e-01
-8.85612726e-01
-8.87032986e-01
-8.88444901e-01
-8.89848471e-01
-8.91243696e-01
-8.92630458e-01
-8.94008815e-01
-8.95378828e-01
-8.96740317e-01
-8.98093343e-01
-8.99437904e-01
-9.00774002e-01
-9.02101636e-01
-9.03420687e-01
-9.04731274e-01
-9.06033397e-01
-9.07326937e-01
-9.08611953e-01
-9.09888327e-01
-9.11156178e-01
-9.12415445e-01
-9.13666129e-01
-9.14908290e-01
-9.16141748e-01
-9.17366624e-01
-9.18582916e-01
-9.19790566e-01
-9.20989454e-01
-9.22179639e-01
-9.23361182e-01
-9.24533963e-01
-9.25698102e-01
-9.26853478e-01
-9.28000033e-01
-9.29137886e-01
-9.30266976e-01
-9.31387365e-01
-9.32498932e-01
-9.33601737e-01
-9.34695780e-01
-9.35780942e-01
-9.36857343e-01
-9.37924922e-01
-9.38983679e-01
-9.40033555e-01
-9.41074610e-01
-9.42106724e-01
-9.43129957e-01
-9.44144368e-01
-9.45149899e-01
-9.46146488e-01
-9.47134137e-01
-9.48112905e-01
-9.49082732e-01
-9.50043678e-01
-9.50995624e-01
-9.51938689e-01
-9.52872753e-01
-9.53797817e-01
-9.54713941e-01
-9.55621004e-01
-9.56519127e-01
-9.57408071e-01
-9.58288074e-01
-9.59159076e-01
-9.60020959e-01
-9.60873902e-01
-9.61717665e-01
-9.62552428e-01
-9.63378191e-01
-9.64194834e-01
-9.65002477e-01
-9.65800941e-01
-9.66590405e-01
-9.67370689e-01
-9.68141794e-01
-9.68903840e-01
-9.69656765e-01
-9.70400572e-01
-9.71135199e-01
-9.71860647e-01
-9.72576976e-01
-9.73284066e-01
-9.73982036e-01
-9.74670827e-01
-9.75350380e-01
-9.76020813e-01
-9.76682007e-01
-9.77334023e-01
-9.77976859e-01
-9.78610456e-01
-9.79234934e-01
-9.79850113e-01
-9.80456054e-01
-9.81052816e-01
-9.81640279e-01
-9.82218564e-01
-9.82787490e-01
-9.83347178e-01
-9.83897567e-01
-9.84438777e-01
-9.84970629e-01
-9.85493243e-01
-9.86006558e-01
-9.86510634e-01
-9.87005293e-01
-9.87490773e-01
-9.87966895e-01
-9.88433719e-01
-9.88891184e-01
-9.89339352e-01
-9.89778221e-01
-9.90207791e-01
-9.90628004e-01
-9.91038918e-01
-9.91440535e-01
-9.91832793e-01
-9.92215633e-01
-9.92589116e-01
-9.92953300e-01
-9.93308067e-01
-9.93653476e-01
-9.93989587e-01
-9.94316280e-01
-9.94633615e-01
-9.94941592e-01
-9.95240211e-01
-9.95529473e-01
-9.95809317e-01
-9.96079803e-01
-9.96340930e-01
-9.96592581e-01
-9.96834874e-01
-9.97067869e-01
-9.97291386e-01
-9.97505546e-01
-9.97710288e-01
-9.97905612e-01
-9.98091638e-01
-9.98268127e-01
-9.98435259e-01
-9.98592973e-01
-9.98741269e-01
-9.98880208e-01
-9.99009669e-01
-9.99129713e-01
-9.99240398e-01
-9.99341607e-01
-9.99433398e-01
-9.99515831e-01
-9.99588788e-01
-9.99652326e-01
-9.99706447e-01
-9.99751210e-01
-9.99786496e-01
-9.99812484e-01
-9.99828994e-01
-9.99836087e-01
-9.99833703e-01
-9.99821961e-01
-9.99800742e-01
-9.99770105e-01
-9.99730110e-01
-9.99680638e-01
-9.99621809e-01
-9.99553561e-01
-9.99475837e-01
-9.99388754e-01
-9.99292195e-01
-9.99186277e-01
-9.99070942e-01
-9.98946190e-01
-9.98812020e-01
-9.98668432e-01
-9.98515427e-01
-9.98353004e-01
-9.98181164e-01
-9.97999907e-01
-9.97809231e-01
-9.97609138e-01
-9.97399688e-01
-9.97180820e-01
-9.96952593e-01
-9.96714950e-01
-9.96467888e-01
-9.96211529e-01
-9.95945752e-01
-9.95670557e-01
-9.95386064e-01
-9.95092094e-01
-9.94788826e-01
-9.94476140e-01
-9.94154096e-01
-9.93822694e-01
-9.93481934e-01
-9.93131876e-01
-9.92772341e-01
-9.92403507e-01
-9.92025316e-01
-9.91637766e-01
-9.91240859e-01
-9.90834653e-01
-9.90419090e-01
-9.89994228e-01
-9.89560008e-01
-9.89116490e-01
-9.88663673e-01
-9.88201439e-01
-9.87730026e-01
-9.87249196e-01
-9.86759186e-01
-9.86259758e-01
-9.85751152e-01
-9.85233128e-01
-9.84705925e-01
-9.84169364e-01
-9.83623505e-01
-9.83068466e-01
-9.82504129e-01
-9.81930554e-01
-9.81347680e-01
-9.80755627e-01
-9.80154276e-01
-9.79543686e-01
-9.78923917e-01
-9.78294909e-01
-9.77656722e-01
-9.77009237e-01
-9.76352632e-01
-9.75686789e-01
-9.75011826e-01
-9.74327564e-01
-9.73634183e-01
-9.72931623e-01
-9.72219884e-01
-9.71499026e-01
-9.70768988e-01
-9.70029771e-01
-9.69281435e-01
-9.68523979e-01
-9.67757404e-01
-9.66981590e-01
-9.66196775e-01
-9.65402842e-01
-9.64599848e-01
-9.63787735e-01
-9.62966502e-01
-9.62136269e-01
-9.61296976e-01
-9.60448623e-01
-9.59591210e-01
-9.58724737e-01
-9.57849324e-01
-9.56964791e-01
-9.56071198e-01
-9.55168664e-01
-9.54257131e-01
-9.53336537e-01
-9.52407062e-01
-9.51468587e-01
-9.50521111e-01
-9.49564636e-01
-9.48599279e-01
-9.47624981e-01
-9.46641803e-01
-9.45649624e-01
-9.44648504e-01
-9.43638504e-01
-9.42619622e-01
-9.41591859e-01
-9.40555274e-01
-9.39509809e-01
-9.38455462e-01
-9.37392354e-01
-9.36320364e-01
-9.35239553e-01
-9.34149861e-01
-9.33051467e-01
-9.31944251e-01
-9.30828273e-01
-9.29703534e-01
-9.28570092e-01
-9.27427828e-01
-9.26276863e-01
-9.25117135e-01
-9.23948705e-01
-9.22771573e-01
-9.21585679e-01
-9.20391142e-01
-9.19187784e-01
-9.17975783e-01
-9.16755140e-01
-9.15525973e-01
-9.14288104e-01
-9.13041830e-01
-9.11786854e-01
-9.10523355e-01
-9.09251213e-01
-9.07970548e-01
-9.06681240e-01
-9.05383408e-01
-9.04077113e-01
-9.02762234e-01
-9.01438892e-01
-9.00107026e-01
-8.98766637e-01
-8.97417784e-01
-8.96060526e-01
-8.94694805e-01
-8.93320680e-01
-8.91938090e-01
-8.90547097e-01
-8.89147758e-01
-8.87740016e-01
-8.86323929e-01
-8.84899437e-01
-8.83466601e-01
-8.82025480e-01
-8.80576074e-01
-8.79118383e-01
-8.77652407e-01
-8.76178145e-01
-8.74695659e-01
-8.73204887e-01
-8.71705949e-01
-8.70198786e-01
-8.68683398e-01
-8.67159784e-01
-8.65628004e-01
-8.64088058e-01
-8.62540007e-01
-8.60983789e-01
-8.59419465e-01
-8.57847095e-01
-8.56266618e-01
-8.54678094e-01
-8.53081465e-01
-8.51476848e-01
-8.49864185e-01
-8.48243535e-01
-8.46614957e-01
-8.44978333e-01
-8.43333721e-01
-8.41681182e-01
-8.40020716e-01
-8.38352323e-01
-8.36676121e-01
-8.34991932e-01
-8.33299994e-01
-8.31600189e-01
-8.29892576e-01
-8.28177035e-01
-8.26453745e-01
-8.24722648e-01
-8.22983742e-01
-8.21237087e-01
-8.19482625e-01
-8.17720413e-01
-8.15950453e-01
-8.14172864e-01
-8.12387586e-01
-8.10594678e-01
-8.08794200e-01
-8.06986153e-01
-8.05170476e-01
-8.03347230e-01
-8.01516473e-01
-7.99678147e-01
-7.97832251e-01
-7.95978904e-01
-7.94117987e-01
-7.92249560e-01
-7.90373623e-01
-7.88490295e-01
-7.86599517e-01
-7.84701407e-01
-7.82795846e-01
-7.80882955e-01
-7.78962612e-01
-7.77035058e-01
-7.75100112e-01
-7.73157835e-01
-7.71208346e-01
-7.69251525e-01
-7.67287433e-01
-7.65316129e-01
-7.63337612e-01
-7.61351883e-01
-7.59359062e-01
-7.57359087e-01
-7.55351961e-01
-7.53337622e-01
-7.51316249e-01
-7.49287784e-01
-7.47252345e-01
-7.45209813e-01
-7.43160248e-01
-7.41103649e-01
-7.39040017e-01
-7.36969471e-01
-7.34892011e-01
-7.32807636e-01
-7.30716407e-01
-7.28618264e-01
-7.26513207e-01
-7.24401414e-01
-7.22282767e-01
-7.20157266e-01
-7.18024969e-01
-7.15885878e-01
-7.13739991e-01
-7.11587429e-01
-7.09428191e-01
-7.07262278e-01
-7.05089688e-01
-7.02910483e-01
-7.00724721e-01
-6.98532283e-01
-6.96333230e-01
-6.94127679e-01
-6.91915572e-01
-6.89696908e-01
-6.87471747e-01
-6.85240149e-01
-6.83002114e-01
-6.80757642e-01
-6.78506672e-01
-6.76249385e-01
-6.73985660e-01
-6.71715617e-01
-6.69439256e-01
-6.67156577e-01
-6.64867640e-01
-6.62572384e-01
-6.60270870e-01
-6.57963157e-01
-6.55649245e-01
-6.53329194e-01
-6.51003003e-01
-6.48670673e-01
-6.46332204e-01
-6.43987715e-01
-6.41637087e-01
-6.39280379e-01
-6.36917710e-01
-6.34549022e-01
-6.32174313e-01
-6.29793704e-01
-6.27407193e-01
-6.25014722e-01
-6.22616410e-01
-6.20212197e-01
-6.17802143e-01
-6.15386248e-01
-6.12964511e-01
-6.10536993e-01
-6.08103752e-01
-6.05664790e-01
-6.03220105e-01
-6.00769818e-01
-5.98313868e-01
-5.95852256e-01
-5.93385041e-01
-5.90912163e-01
-5.88433743e-01
-5.85949779e-01
-5.83460271e-01
-5.80965340e-01
-5.78464925e-01
-5.75959027e-01
-5.73447764e-01
-5.70931077e-01
-5.68409026e-01
-5.65881550e-01
-5.63348770e-01
-5.60810626e-01
-5.58267176e-01
-5.55718541e-01
-5.53164661e-01
-5.50605595e-01
-5.48041344e-01
-5.45471966e-01
-5.42897403e-01
-5.40317714e-01
-5.37732959e-01
-5.35143077e-01
-5.32548189e-01
-5.29948294e-01
-5.27343452e-01
-5.24733603e-01
-5.22118807e-01
-5.19499123e-01
-5.16874492e-01
-5.14244974e-01
-5.11610627e-01
-5.08971393e-01
-5.06327391e-01
-5.03678679e-01
-5.01025140e-01
-4.98366982e-01
-4.95704114e-01
-4.93036598e-01
-4.90364403e-01
-4.87687618e-01
-4.85006213e-01
-4.82320249e-01
-4.79629755e-01
-4.76934701e-01
-4.74235147e-01
-4.71531123e-01
-4.68822688e-01
-4.66109812e-01
-4.63392586e-01
-4.60670948e-01
-4.57944959e-01
-4.55214679e-01
-4.52480137e-01
-4.49741334e-01
-4.46998239e-01
-4.44250941e-01
-4.41499472e-01
-4.38743860e-01
-4.35984105e-01
-4.33220237e-01
-4.30452317e-01
-4.27680314e-01
-4.24904287e-01
-4.22124237e-01
-4.19340253e-01
-4.16552305e-01
-4.13760424e-01
-4.10964638e-01
-4.08164948e-01
-4.05361414e-01
-4.02554095e-01
-3.99742961e-01
-3.96928072e-01
-3.94109458e-01
-3.91287118e-01
-3.88461113e-01
-3.85631412e-01
-3.82798105e-01
-3.79961163e-01
-3.77120644e-01
-3.74276608e-01
-3.71429026e-01
-3.68577927e-01
-3.65723372e-01
-3.62865388e-01
-3.60003978e-01
-3.57139170e-01
-3.54270995e-01
-3.51399481e-01
-3.48524690e-01
-3.45646590e-01
-3.42765212e-01
-3.39880615e-01
-3.36992830e-01
-3.34101856e-01
-3.31207722e-01
-3.28310490e-01
-3.25410157e-01
-3.22506785e-01
-3.19600344e-01
-3.16690892e-01
-3.13778460e-01
-3.10863048e-01
-3.07944745e-01
-3.05023521e-01
-3.02099437e-01
-2.99172521e-01
-2.96242774e-01
-2.93310225e-01
-2.90374905e-01
-2.87436873e-01
-2.84496129e-01
-2.81552702e-01
-2.78606623e-01
-2.75657892e-01
-2.72706598e-01
-2.69752711e-01
-2.66796291e-01
-2.63837337e-01
-2.60875940e-01
-2.57912070e-01
-2.54945755e-01
-2.51977056e-01
-2.49005973e-01
-2.46032566e-01
-2.43056804e-01
-2.40078762e-01
-2.37098470e-01
-2.34115928e-01
-2.31131196e-01
-2.28144273e-01
-2.25155205e-01
-2.22164020e-01
-2.19170734e-01
-2.16175392e-01
-2.13178009e-01
-2.10178614e-01
-2.07177252e-01
-2.04173937e-01
-2.01168701e-01
-1.98161557e-01
-1.95152536e-01
-1.92141697e-01
-1.89129040e-01
-1.86114609e-01
-1.83098406e-01
-1.80080473e-01
-1.77060857e-01
-1.74039572e-01
-1.71016648e-01
-1.67992115e-01
-1.64965987e-01
-1.61938325e-01
-1.58909127e-01
-1.55878440e-01
-1.52846292e-01
-1.49812713e-01
-1.46777704e-01
-1.43741310e-01
-1.40703559e-01
-1.37664482e-01
-1.34624109e-01
-1.31582469e-01
-1.28539592e-01
-1.25495493e-01
-1.22450203e-01
-1.19403772e-01
-1.16356216e-01
-1.13307573e-01
-1.10257849e-01
-1.07207097e-01
-1.04155324e-01
-1.01102576e-01
-9.80488732e-02
-9.49942470e-02
-9.19387266e-02
-8.88823420e-02
-8.58251229e-02
-8.27670991e-02
-7.97083005e-02
-7.66487569e-02
-7.35884979e-02
-7.05275834e-02
-6.74660653e-02
-6.44040406e-02
-6.13416359e-02
-5.82790934e-02
-5.52167632e-02
-5.21552004e-02
-4.90952469e-02
-4.60381098e-02
-4.29855101e-02
-3.99397463e-02
-3.69038023e-02
-3.38813625e-02
-3.08767408e-02
-2.78947353e-02
-2.49403156e-02
-2.20182333e-02
-1.91324428e-02
-1.62858013e-02
-1.34787038e-02
-1.07113095e-02
-7.97497481e-03
-5.27894171e-03
-2.56826426e-03
5.96046448e-08
3.06951511e-03
