-3.06945550e-03
-0.00000000e+00
6.41463732e-04
1.27688283e-03
1.86769315e-03
2.46965466e-03
3.06789181e-03
3.66725586e-03
4.26622201e-03
4.86526405e-03
5.46422461e-03
6.06314698e-03
6.66200975e-03
7.26081198e-03
7.85954669e-03
8.45820829e-03
9.05679259e-03
9.65529308e-03
1.02537032e-02
1.08520184e-02
1.14502329e-02
1.20483413e-02
1.26463370e-02
1.32442145e-02
1.38419680e-02
1.44395940e-02
1.50370849e-02
1.56344362e-02
1.62316393e-02
1.68286916e-02
1.74255874e-02
1.80223212e-02
1.86188854e-02
1.92152765e-02
1.98114887e-02
2.04075146e-02
2.10033506e-02
2.15989891e-02
2.21944284e-02
2.27896571e-02
2.33846754e-02
2.39794720e-02
2.45740451e-02
2.51683891e-02
2.57624947e-02
2.63563618e-02
2.69499794e-02
2.75433455e-02
2.81364545e-02
2.87292991e-02
2.93218754e-02
2.99141780e-02
3.05061992e-02
3.10979355e-02
3.16893831e-02
3.22805345e-02
3.28713767e-02
3.34619135e-02
3.40521410e-02
3.46420445e-02
3.52316275e-02
3.58208790e-02
3.64097953e-02
3.69983688e-02
3.75865959e-02
3.81744727e-02
3.87619883e-02
3.93491425e-02
3.99359241e-02
4.05223370e-02
4.11083661e-02
4.16940115e-02
4.22792658e-02
4.28641252e-02
4.34485786e-02
4.40326259e-02
4.46162596e-02
4.51994762e-02
4.57822680e-02
4.63646315e-02
4.69465628e-02
4.75280508e-02
4.81090918e-02
4.86896820e-02
4.92698178e-02
4.98494916e-02
5.04286960e-02
5.10074273e-02
5.15856855e-02
5.21634519e-02
5.27407303e-02
5.33175133e-02
5.38937971e-02
5.44695742e-02
5.50448410e-02
5.56195937e-02
5.61938211e-02
5.67675233e-02
5.73406927e-02
5.79133220e-02
5.84854074e-02
5.90569451e-02
5.96279316e-02
6.01983555e-02
6.07682131e-02
6.13375045e-02
6.19062185e-02
6.24743477e-02
6.30418956e-02
6.36088476e-02
6.41752109e-02
6.47409707e-02
6.53061271e-02
6.58706650e-02
6.64345846e-02
6.69978783e-02
6.75605461e-02
6.81225806e-02
6.86839744e-02
6.92447200e-02
6.98048249e-02
7.03642741e-02
7.09230602e-02
7.14811757e-02
7.20386282e-02
7.25953951e-02
7.31514916e-02
7.37068951e-02
7.42616057e-02
7.48156160e-02
7.53689334e-02
7.59215355e-02
7.64734298e-02
7.70246014e-02
7.75750503e-02
7.81247690e-02
7.86737576e-02
7.92220011e-02
7.97695071e-02
8.03162605e-02
8.08622614e-02
8.14075023e-02
8.19519833e-02
8.24956894e-02
8.30386281e-02
8.35807845e-02
8.41221511e-02
8.46627280e-02
8.52025226e-02
8.57415050e-02
8.62796903e-02
8.68170634e-02
8.73536170e-02
8.78893584e-02
8.84242579e-02
8.89583379e-02
8.94915760e-02
9.00239795e-02
9.05555263e-02
9.10862312e-02
9.16160718e-02
9.21450555e-02
9.26731825e-02
9.32004377e-02
9.37268212e-02
9.42523107e-02
9.47769284e-02
9.53006521e-02
9.58234817e-02
9.63454172e-02
9.68664438e-02
9.73865539e-02
9.79057550e-02
9.84240323e-02
9.89413932e-02
9.94578153e-02
9.99733061e-02
1.00487858e-01
1.01001471e-01
1.01514138e-01
1.02025844e-01
1.02536596e-01
1.03046387e-01
1.03555210e-01
1.04063064e-01
1.04569942e-01
1.05075829e-01
1.05580732e-01
1.06084645e-01
1.06587559e-01
1.07089467e-01
1.07590377e-01
1.08090274e-01
1.08589150e-01
1.09087005e-01
1.09583832e-01
1.10079639e-01
1.10574409e-01
1.11068137e-01
1.11560822e-01
1.12052463e-01
1.12543054e-01
1.13032594e-01
1.13521062e-01
1.14008464e-01
1.14494793e-01
1.14980057e-01
1.15464233e-01
1.15947329e-01
1.16429329e-01
1.16910234e-01
1.17390044e-01
1.17868759e-01
1.18346363e-01
1.18822850e-01
1.19298227e-01
1.19772486e-01
1.20245613e-01
1.20717607e-01
1.21188469e-01
1.21658199e-01
1.22126780e-01
1.22594208e-01
1.23060487e-01
1.23525612e-01
1.23989575e-01
1.24452375e-01
1.24914013e-01
1.25374466e-01
1.25833765e-01
1.26291871e-01
1.26748785e-01
1.27204522e-01
1.27659082e-01
1.28112435e-01
1.28564596e-01
1.29015535e-01
1.29465237e-01
1.29913732e-01
1.30360991e-01
1.30807042e-01
1.31251857e-01
1.31695449e-01
1.32137790e-01
1.32578909e-01
1.33018777e-01
1.33457407e-01
1.33894771e-01
1.34330884e-01
1.34765744e-01
1.35199338e-01
1.35631651e-01
1.36062697e-01
1.36492446e-01
1.36920929e-01
1.37348115e-01
1.37774035e-01
1.38198644e-01
1.38621956e-01
1.39043972e-01
1.39464661e-01
1.39884055e-01
1.40302137e-01
1.40718907e-01
1.41134351e-01
1.41548455e-01
1.41961232e-01
1.42372668e-01
1.42782778e-01
1.43191531e-01
1.43598929e-01
1.44004986e-01
1.44409701e-01
1.44813046e-01
1.45215034e-01
1.45615652e-01
1.46014914e-01
1.46412805e-01
1.46809325e-01
1.47204474e-01
1.47598222e-01
1.47990599e-01
1.48381561e-01
1.48771137e-01
1.49159327e-01
1.49546087e-01
1.49931461e-01
1.50315419e-01
1.50697976e-01
1.51079118e-01
1.51458845e-01
1.51837140e-01
1.52214035e-01
1.52589500e-01
1.52963549e-01
1.53336182e-01
1.53707370e-01
1.54077098e-01
1.54445365e-01
1.54812187e-01
1.55177534e-01
1.55541420e-01
1.55903831e-01
1.56264752e-01
1.56624228e-01
1.56982228e-01
1.57338753e-01
1.57693788e-01
1.58047363e-01
1.58399433e-01
1.58750027e-01
1.59099147e-01
1.59446776e-01
1.59792900e-01
1.60137519e-01
1.60480648e-01
1.60822257e-01
1.61162347e-01
1.61500916e-01
1.61837965e-01
1.62173510e-01
1.62507534e-01
1.62840024e-01
1.63170964e-01
1.63500398e-01
1.63828284e-01
1.64154634e-01
1.64479449e-01
1.64802700e-01
1.65124416e-01
1.65444583e-01
1.65763199e-01
1.66080266e-01
1.66395783e-01
1.66709721e-01
1.67022079e-01
1.67332858e-01
1.67642057e-01
1.67949691e-01
1.68255731e-01
1.68560192e-01
1.68863073e-01
1.69164374e-01
1.69464082e-01
1.69762194e-01
1.70058712e-01
1.70353636e-01
1.70646951e-01
1.70938671e-01
1.71228796e-01
1.71517298e-01
1.71804190e-01
1.72089472e-01
1.72373146e-01
1.72655210e-01
1.72935650e-01
1.73214465e-01
1.73491642e-01
1.73767179e-01
1.74041063e-01
1.74313322e-01
1.74583942e-01
1.74852908e-01
1.75120234e-01
1.75385937e-01
1.75649986e-01
1.75912365e-01
1.76173106e-01
1.76432192e-01
1.76689625e-01
1.76945388e-01
1.77199498e-01
1.77451923e-01
1.77702680e-01
1.77951783e-01
1.78199232e-01
1.78445026e-01
1.78689152e-01
1.78931609e-01
1.79172382e-01
1.79411456e-01
1.79648831e-01
1.79884523e-01
1.80118501e-01
1.80350795e-01
1.80581376e-01
1.80810273e-01
1.81037456e-01
1.81262970e-01
1.81486756e-01
1.81708813e-01
1.81929186e-01
1.82147831e-01
1.82364792e-01
1.82580024e-01
1.82793558e-01
1.83005348e-01
1.83215424e-01
1.83423802e-01
1.83630437e-01
1.83835357e-01
1.84038535e-01
1.84239998e-01
1.84439734e-01
1.84637740e-01
1.84834018e-01
1.85028568e-01
1.85221389e-01
1.85412481e-01
1.85601830e-01
1.85789436e-01
1.85975283e-01
1.86159372e-01
1.86341703e-01
1.86522275e-01
1.86701089e-01
1.86878130e-01
1.87053427e-01
1.87226966e-01
1.87398762e-01
1.87568784e-01
1.87737048e-01
1.87903553e-01
1.88068271e-01
1.88231230e-01
1.88392401e-01
1.88551813e-01
1.88709438e-01
1.88865289e-01
1.89019367e-01
1.89171672e-01
1.89322188e-01
1.89470947e-01
1.89617917e-01
1.89763084e-01
1.89906493e-01
1.90048099e-01
1.90187931e-01
1.90325961e-01
1.90462202e-01
1.90596670e-01
1.90729335e-01
1.90860212e-01
1.90989301e-01
1.91116601e-01
1.91242114e-01
1.91365838e-01
1.91487774e-01
1.91607922e-01
1.91726267e-01
1.91842809e-01
1.91957533e-01
1.92070439e-01
1.92181543e-01
1.92290828e-01
1.92398280e-01
1.92503914e-01
1.92607746e-01
1.92709744e-01
1.92809924e-01
1.92908302e-01
1.93004861e-01
1.93099588e-01
1.93192512e-01
1.93283603e-01
1.93372890e-01
1.93460345e-01
1.93545982e-01
1.93629816e-01
1.93711817e-01
1.93792000e-01
1.93870366e-01
1.93946898e-01
1.94021612e-01
1.94094524e-01
1.94165602e-01
1.94234863e-01
1.94302291e-01
1.94367900e-01
1.94431663e-01
1.94493607e-01
1.94553703e-01
1.94611996e-01
1.94668442e-01
1.94723085e-01
1.94775864e-01
1.94826826e-01
1.94875956e-01
1.94923252e-01
1.94968715e-01
1.95012346e-01
1.95054144e-01
1.95094123e-01
1.95132256e-01
1.95168555e-01
1.95203006e-01
1.95235610e-01
1.95266411e-01
1.95295349e-01
1.95322454e-01
1.95347711e-01
1.95371136e-01
1.95392728e-01
1.95412487e-01
1.95430398e-01
1.95446461e-01
1.95460692e-01
1.95473075e-01
1.95483640e-01
1.95492342e-01
1.95499212e-01
1.95504248e-01
1.95507437e-01
1.95508793e-01
1.95508301e-01
1.95505977e-01
1.95501804e-01
1.95495799e-01
1.95487961e-01
1.95478261e-01
1.95466727e-01
1.95453361e-01
1.95438161e-01
1.95421100e-01
1.95402220e-01
1.95381492e-01
1.95358932e-01
1.95334524e-01
1.95308298e-01
1.95280224e-01
1.95250303e-01
1.95218548e-01
1.95184961e-01
1.95149526e-01
1.95112273e-01
1.95073187e-01
1.95032269e-01
1.94989502e-01
1.94944903e-01
1.94898486e-01
1.94850221e-01
1.94800124e-01
1.94748178e-01
1.94694415e-01
1.94638804e-01
1.94581389e-01
1.94522142e-01
1.94461048e-01
1.94398135e-01
1.94333389e-01
1.94266826e-01
1.94198415e-01
1.94128186e-01
1.94056138e-01
1.93982258e-01
1.93906561e-01
1.93829060e-01
1.93749726e-01
1.93668589e-01
1.93585619e-01
1.93500832e-01
1.93414211e-01
1.93325788e-01
1.93235531e-01
1.93143457e-01
1.93049580e-01
1.92953870e-01
1.92856357e-01
1.92757010e-01
1.92655861e-01
1.92552894e-01
1.92448109e-01
1.92341506e-01
1.92233086e-01
1.92122847e-01
1.92010790e-01
1.91896915e-01
1.91781223e-01
1.91663712e-01
1.91544399e-01
1.91423282e-01
1.91300377e-01
1.91175684e-01
1.91049203e-01
1.90920949e-01
1.90790892e-01
1.90659061e-01
1.90525427e-01
1.90390006e-01
1.90252796e-01
1.90113798e-01
1.89973027e-01
1.89830467e-01
1.89686105e-01
1.89539969e-01
1.89392060e-01
1.89242363e-01
1.89090893e-01
1.88937634e-01
1.88782603e-01
1.88625783e-01
1.88467205e-01
1.88306853e-01
1.88144729e-01
1.87980831e-01
1.87815160e-01
1.87647715e-01
1.87478527e-01
1.87307552e-01
1.87134832e-01
1.86960340e-01
1.86784104e-01
1.86606094e-01
1.86426342e-01
1.86244816e-01
1.86061546e-01
1.85876518e-01
1.85689732e-01
1.85501188e-01
1.85310900e-01
1.85118869e-01
1.84925109e-01
1.84729621e-01
1.84532404e-01
1.84333459e-01
1.84132770e-01
1.83930367e-01
1.83726236e-01
1.83520377e-01
1.83312804e-01
1.83103517e-01
1.82892501e-01
1.82679757e-01
1.82465300e-01
1.82249129e-01
1.82031244e-01
1.81811661e-01
1.81590363e-01
1.81367353e-01
1.81142628e-01
1.80916220e-01
1.80688113e-01
1.80458307e-01
1.80226803e-01
1.79993600e-01
1.79758698e-01
1.79522097e-01
1.79283798e-01
1.79043800e-01
1.78802103e-01
1.78558737e-01
1.78313702e-01
1.78066984e-01
1.77818611e-01
1.77568585e-01
1.77316889e-01
1.77063525e-01
1.76808521e-01
1.76551849e-01
1.76293522e-01
1.76033542e-01
1.75771892e-01
1.75508603e-01
1.75243646e-01
1.74977049e-01
1.74708813e-01
1.74438938e-01
1.74167424e-01
1.73894271e-01
1.73619479e-01
1.73343047e-01
1.73064977e-01
1.72785267e-01
1.72503933e-01
1.72220975e-01
1.71936408e-01
1.71650231e-01
1.71362445e-01
1.71073049e-01
1.70782045e-01
1.70489445e-01
1.70195237e-01
1.69899449e-01
1.69602036e-01
1.69303045e-01
1.69002444e-01
1.68700278e-01
1.68396518e-01
1.68091178e-01
1.67784259e-01
1.67475760e-01
1.67165682e-01
1.66854024e-01
1.66540802e-01
1.66226000e-01
1.65909618e-01
1.65591687e-01
1.65272206e-01
1.64951190e-01
1.64628610e-01
1.64304495e-01
1.63978815e-01
1.63651600e-01
1.63322866e-01
1.62992582e-01
1.62660763e-01
1.62327424e-01
1.61992550e-01
1.61656171e-01
1.61318272e-01
1.60978839e-01
1.60637885e-01
1.60295412e-01
1.59951434e-01
1.59605950e-01
1.59258977e-01
1.58910513e-01
1.58560574e-01
1.58209130e-01
1.57856211e-01
1.57501802e-01
1.57145917e-01
1.56788558e-01
1.56429708e-01
1.56069413e-01
1.55707628e-01
1.55344382e-01
1.54979661e-01
1.54613480e-01
1.54245839e-01
1.53876737e-01
1.53506190e-01
1.53134182e-01
1.52760744e-01
1.52385890e-01
1.52009621e-01
1.51631922e-01
1.51252821e-01
1.50872290e-01
1.50490329e-01
1.50106966e-01
1.49722174e-01
1.49335995e-01
1.48948416e-01
1.48559436e-01
1.48169056e-01
1.47777274e-01
1.47384092e-01
1.46989539e-01
1.46593601e-01
1.46196291e-01
1.45797610e-01
1.45397544e-01
1.44996122e-01
1.44593343e-01
1.44189194e-01
1.43783703e-01
1.43376857e-01
1.42968655e-01
1.42559111e-01
1.42148241e-01
1.41736031e-01
1.41322479e-01
1.40907586e-01
1.40491351e-01
1.40073806e-01
1.39654964e-01
1.39234796e-01
1.38813332e-01
1.38390541e-01
1.37966469e-01
1.37541085e-01
1.37114421e-01
1.36686459e-01
1.36257231e-01
1.35826707e-01
1.35394916e-01
1.34961829e-01
1.34527475e-01
1.34091869e-01
1.33654997e-01
1.33216873e-01
1.32777512e-01
1.32336900e-01
1.31895021e-01
1.31451920e-01
1.31007582e-01
1.30562007e-01
1.30115226e-01
1.29667208e-01
1.29217982e-01
1.28767520e-01
1.28315851e-01
1.27862960e-01
1.27408862e-01
1.26953587e-01
1.26497120e-01
1.26039460e-01
1.25580624e-01
1.25120610e-01
1.24659427e-01
1.24197073e-01
1.23733550e-01
1.23268858e-01
1.22803010e-01
1.22336015e-01
1.21867858e-01
1.21398568e-01
1.20928131e-01
1.20456554e-01
1.19983859e-01
1.19510017e-01
1.19035065e-01
1.18558988e-01
1.18081793e-01
1.17603488e-01
1.17124081e-01
1.16643578e-01
1.16161972e-01
1.15679279e-01
1.15195490e-01
1.14710622e-01
1.14224687e-01
1.13737665e-01
1.13249578e-01
1.12760425e-01
1.12270214e-01
1.11778945e-01
1.11286625e-01
1.10793263e-01
1.10298865e-01
1.09803423e-01
1.09306946e-01
1.08809441e-01
1.08310916e-01
1.07811376e-01
1.07310824e-01
1.06809258e-01
1.06306687e-01
1.05803125e-01
1.05298564e-01
1.04793012e-01
1.04286484e-01
1.03778966e-01
1.03270471e-01
1.02761000e-01
1.02250561e-01
1.01739153e-01
1.01226799e-01
1.00713499e-01
1.00199252e-01
9.96840596e-02
9.91679356e-02
9.86508727e-02
9.81328860e-02
9.76139829e-02
9.70941558e-02
9.65734124e-02
9.60517675e-02
9.55292210e-02
9.50057730e-02
9.44814384e-02
9.39562097e-02
9.34301019e-02
9.29031074e-02
9.23752487e-02
9.18465182e-02
9.13169235e-02
9.07864720e-02
9.02551636e-02
8.97230133e-02
8.91900137e-02
8.86561722e-02
8.81215036e-02
8.75860080e-02
8.70496854e-02
8.65125433e-02
8.59745890e-02
8.54358301e-02
8.48962665e-02
8.43558982e-02
8.38147476e-02
8.32728073e-02
8.27300847e-02
8.21865797e-02
8.16422999e-02
8.10972601e-02
8.05514529e-02
8.00048932e-02
7.94575736e-02
7.89095163e-02
7.83607215e-02
7.78111815e-02
7.72609040e-02
7.67098963e-02
7.61581659e-02
7.56057352e-02
7.50525892e-02
7.44987428e-02
7.39441887e-02
7.33889416e-02
7.28330091e-02
7.22763911e-02
7.17190951e-02
7.11611211e-02
7.06024840e-02
7.00431764e-02
6.94832131e-02
6.89226016e-02
6.83613345e-02
6.77994266e-02
6.72368780e-02
6.66737035e-02
6.61098957e-02
6.55454695e-02
6.49804324e-02
6.44147769e-02
6.38485104e-02
6.32816479e-02
6.27141967e-02
6.21461570e-02
6.15775287e-02
6.10083267e-02
6.04385510e-02
5.98682016e-02
5.92972897e-02
5.87258190e-02
5.81538007e-02
5.75812347e-02
5.70081286e-02
5.64344823e-02
5.58603108e-02
5.52856103e-02
5.47103919e-02
5.41346595e-02
5.35584204e-02
5.29816747e-02
5.24044298e-02
5.18266931e-02
5.12484685e-02
5.06697632e-02
5.00905849e-02
4.95109335e-02
4.89308126e-02
4.83502373e-02
4.77692075e-02
4.71877269e-02
4.66058031e-02
4.60234396e-02
4.54406478e-02
4.48574275e-02
4.42737825e-02
4.36897241e-02
4.31052521e-02
4.25203741e-02
4.19351012e-02
4.13494334e-02
4.07633744e-02
4.01769355e-02
3.95901203e-02
3.90029289e-02
3.84153724e-02
3.78274545e-02
3.72391827e-02
3.66505608e-02
3.60615924e-02
3.54722887e-02
3.48826498e-02
3.42926793e-02
3.37023884e-02
3.31117809e-02
3.25208642e-02
3.19296382e-02
3.13381143e-02
3.07462960e-02
3.01541910e-02
2.95618009e-02
2.89691333e-02
2.83761937e-02
2.77829841e-02
2.71895155e-02
2.65957899e-02
2.60018148e-02
2.54075956e-02
2.48131379e-02
2.42184456e-02
2.36235261e-02
2.30283830e-02
2.24330258e-02
2.18374562e-02
2.12416817e-02
2.06457060e-02
2.00495385e-02
1.94531828e-02
1.88566428e-02
1.82599276e-02
1.76630393e-02
1.70659851e-02
1.64687708e-02
1.58714019e-02
1.52738839e-02
1.46762226e-02
1.40784234e-02
1.34804929e-02
1.28824357e-02
1.22842565e-02
1.16859619e-02
1.10875582e-02
1.04890503e-02
9.89044271e-03
9.29174293e-03
8.69295560e-03
8.09408724e-03
7.49514159e-03
6.89612608e-03
6.29704539e-03
5.69790648e-03
5.09871263e-03
4.49947175e-03
3.90018802e-03
3.30086774e-03
2.70151650e-03
2.10213987e-03
1.50274346e-03
9.03332897e-04
3.03913868e-04
-2.95507954e-04
-8.94926954e-04
-1.49433746e-03
-2.09373375e-03
-2.69311038e-03
-3.29246139e-03
-3.89178167e-03
-4.49106516e-03
-5.09030698e-03
-5.68950037e-03
-6.28864067e-03
-6.88772183e-03
-7.48673780e-03
-8.08568392e-03
-8.68455321e-03
-9.28334054e-03
-9.88204125e-03
-1.04806498e-02
-1.10791586e-02
-1.16775641e-02
-1.22758597e-02
-1.28740398e-02
-1.34720979e-02
-1.40700303e-02
-1.46678304e-02
-1.52654937e-02
-1.58630125e-02
-1.64603833e-02
-1.70575976e-02
-1.76546518e-02
-1.82515420e-02
-1.88482590e-02
-1.94447991e-02
-2.00411566e-02
-2.06373241e-02
-2.12332997e-02
-2.18290761e-02
-2.24246457e-02
-2.30200030e-02
-2.36151442e-02
-2.42100656e-02
-2.48047579e-02
-2.53992174e-02
-2.59934366e-02
-2.65874118e-02
-2.71811392e-02
-2.77746078e-02
-2.83678174e-02
-2.89607607e-02
-2.95534302e-02
-3.01458221e-02
-3.07379328e-02
-3.13297547e-02
-3.19212824e-02
-3.25125121e-02
-3.31034288e-02
-3.36940400e-02
-3.42843309e-02
-3.48743014e-02
-3.54639441e-02
-3.60532515e-02
-3.66422199e-02
-3.72308455e-02
-3.78191210e-02
-3.84070426e-02
-3.89946029e-02
-3.95817943e-02
-4.01686132e-02
-4.07550558e-02
-4.13411185e-02
-4.19267863e-02
-4.25120667e-02
-4.30969410e-02
-4.36814129e-02
-4.42654751e-02
-4.48491201e-02
-4.54323404e-02
-4.60151397e-02
-4.65975031e-02
-4.71794270e-02
-4.77609076e-02
-4.83419411e-02
-4.89225164e-02
-4.95026372e-02
-5.00822924e-02
-5.06614745e-02
-5.12401797e-02
-5.18184043e-02
-5.23961447e-02
-5.29733896e-02
-5.35501391e-02
-5.41263819e-02
-5.47021180e-02
-5.52773401e-02
-5.58520369e-02
-5.64262122e-02
-5.69998585e-02
-5.75729683e-02
-5.81455380e-02
-5.87175563e-02
-5.92890270e-02
-5.98599352e-02
-6.04302846e-02
-6.10000677e-02
-6.15692735e-02
-6.21379018e-02
-6.27059415e-02
-6.32734001e-02
-6.38402700e-02
-6.44065365e-02
-6.49721995e-02
-6.55372441e-02
-6.61016777e-02
-6.66654855e-02
-6.72286674e-02
-6.77912161e-02
-6.83531314e-02
-6.89143986e-02
-6.94750175e-02
-7.00349882e-02
-7.05942959e-02
-7.11529404e-02
-7.17109218e-02
-7.22682253e-02
-7.28248432e-02
-7.33807832e-02
-7.39360377e-02
-7.44905919e-02
-7.50444531e-02
-7.55975991e-02
-7.61500448e-02
-7.67017752e-02
-7.72527829e-02
-7.78030604e-02
-7.83526003e-02
-7.89014101e-02
-7.94494823e-02
-7.99968019e-02
-8.05433691e-02
-8.10891762e-02
-8.16342309e-02
-8.21785107e-02
-8.27220231e-02
-8.32647532e-02
-8.38067010e-02
-8.43478516e-02
-8.48882198e-02
-8.54277909e-02
-8.59665573e-02
-8.65045115e-02
-8.70416611e-02
-8.75779837e-02
-8.81134793e-02
-8.86481553e-02
-8.91819894e-02
-8.97149965e-02
-9.02471542e-02
-9.07784626e-02
-9.13089216e-02
-9.18385163e-02
-9.23672542e-02
-9.28951204e-02
-9.34221148e-02
-9.39482301e-02
-9.44734588e-02
-9.49978083e-02
-9.55212563e-02
-9.60438102e-02
-9.65654552e-02
-9.70861986e-02
-9.76060256e-02
-9.81249362e-02
-9.86429229e-02
-9.91599858e-02
-9.96761173e-02
-1.00191310e-01
-1.00705557e-01
-1.01218864e-01
-1.01731218e-01
-1.02242626e-01
-1.02753073e-01
-1.03262551e-01
-1.03771061e-01
-1.04278579e-01
-1.04785122e-01
-1.05290681e-01
-1.05795249e-01
-1.06298827e-01
-1.06801406e-01
-1.07302979e-01
-1.07803538e-01
-1.08303085e-01
-1.08801611e-01
-1.09299123e-01
-1.09795608e-01
-1.10291056e-01
-1.10785462e-01
-1.11278825e-01
-1.11771144e-01
-1.12262420e-01
-1.12752639e-01
-1.13241807e-01
-1.13729894e-01
-1.14216916e-01
-1.14702873e-01
-1.15187742e-01
-1.15671530e-01
-1.16154231e-01
-1.16635829e-01
-1.17116340e-01
-1.17595747e-01
-1.18074059e-01
-1.18551254e-01
-1.19027346e-01
-1.19502313e-01
-1.19976148e-01
-1.20448858e-01
-1.20920442e-01
-1.21390887e-01
-1.21860191e-01
-1.22328341e-01
-1.22795351e-01
-1.23261198e-01
-1.23725891e-01
-1.24189422e-01
-1.24651782e-01
-1.25112981e-01
-1.25572979e-01
-1.26031816e-01
-1.26489475e-01
-1.26945958e-01
-1.27401248e-01
-1.27855361e-01
-1.28308266e-01
-1.28759950e-01
-1.29210413e-01
-1.29659653e-01
-1.30107686e-01
-1.30554482e-01
-1.31000072e-01
-1.31444424e-01
-1.31887525e-01
-1.32329389e-01
-1.32770017e-01
-1.33209407e-01
-1.33647546e-01
-1.34084433e-01
-1.34520054e-01
-1.34954408e-01
-1.35387495e-01
-1.35819316e-01
-1.36249855e-01
-1.36679113e-01
-1.37107089e-01
-1.37533769e-01
-1.37959152e-01
-1.38383240e-01
-1.38806030e-01
-1.39227509e-01
-1.39647692e-01
-1.40066549e-01
-1.40484110e-01
-1.40900344e-01
-1.41315252e-01
-1.41728818e-01
-1.42141044e-01
-1.42551944e-01
-1.42961487e-01
-1.43369704e-01
-1.43776551e-01
-1.44182071e-01
-1.44586220e-01
-1.44989014e-01
-1.45390451e-01
-1.45790502e-01
-1.46189198e-01
-1.46586522e-01
-1.46982476e-01
-1.47377059e-01
-1.47770241e-01
-1.48162037e-01
-1.48552433e-01
-1.48941427e-01
-1.49329022e-01
-1.49715215e-01
-1.50099993e-01
-1.50483370e-01
-1.50865331e-01
-1.51245862e-01
-1.51624992e-01
-1.52002707e-01
-1.52379006e-01
-1.52753875e-01
-1.53127313e-01
-1.53499320e-01
-1.53869882e-01
-1.54238999e-01
-1.54606655e-01
-1.54972836e-01
-1.55337557e-01
-1.55700818e-01
-1.56062603e-01
-1.56422943e-01
-1.56781793e-01
-1.57139182e-01
-1.57495067e-01
-1.57849491e-01
-1.58202425e-01
-1.58553883e-01
-1.58903837e-01
-1.59252316e-01
-1.59599304e-01
-1.59944788e-01
-1.60288781e-01
-1.60631254e-01
-1.60972208e-01
-1.61311641e-01
-1.61649570e-01
-1.61985964e-01
-1.62320852e-01
-1.62654206e-01
-1.62986025e-01
-1.63316324e-01
-1.63645074e-01
-1.63972303e-01
-1.64297983e-01
-1.64622128e-01
-1.64944708e-01
-1.65265754e-01
-1.65585250e-01
-1.65903196e-01
-1.66219592e-01
-1.66534424e-01
-1.66847676e-01
-1.67159349e-01
-1.67469442e-01
-1.67777941e-01
-1.68084875e-01
-1.68390229e-01
-1.68693990e-01
-1.68996170e-01
-1.69296786e-01
-1.69595778e-01
-1.69893190e-01
-1.70188993e-01
-1.70483217e-01
-1.70775816e-01
-1.71066836e-01
-1.71356246e-01
-1.71644032e-01
-1.71930224e-01
-1.72214791e-01
-1.72497764e-01
-1.72779113e-01
-1.73058838e-01
-1.73336923e-01
-1.73613369e-01
-1.73888177e-01
-1.74161345e-01
-1.74432874e-01
-1.74702764e-01
-1.74971029e-01
-1.75237626e-01
-1.75502598e-01
-1.75765902e-01
-1.76027551e-01
-1.76287547e-01
-1.76545888e-01
-1.76802576e-01
-1.77057609e-01
-1.77310988e-01
-1.77562684e-01
-1.77812725e-01
-1.78061098e-01
-1.78307816e-01
-1.78552866e-01
-1.78796247e-01
-1.79037958e-01
-1.79277971e-01
-1.79516286e-01
-1.79752901e-01
-1.79987818e-01
-1.80221036e-01
-1.80452555e-01
-1.80682376e-01
-1.80910513e-01
-1.81136921e-01
-1.81361645e-01
-1.81584671e-01
-1.81805968e-01
-1.82025582e-01
-1.82243466e-01
-1.82459638e-01
-1.82674080e-01
-1.82886839e-01
-1.83097854e-01
-1.83307171e-01
-1.83514759e-01
-1.83720618e-01
-1.83924764e-01
-1.84127182e-01
-1.84327856e-01
-1.84526816e-01
-1.84724033e-01
-1.84919536e-01
-1.85113296e-01
-1.85305327e-01
-1.85495630e-01
-1.85684189e-01
-1.85870990e-01
-1.86056033e-01
-1.86239317e-01
-1.86420843e-01
-1.86600611e-01
-1.86778620e-01
-1.86954871e-01
-1.87129378e-01
-1.87302127e-01
-1.87473103e-01
-1.87642321e-01
-1.87809765e-01
-1.87975451e-01
-1.88139349e-01
-1.88301489e-01
-1.88461840e-01
-1.88620448e-01
-1.88777253e-01
-1.88932285e-01
-1.89085558e-01
-1.89237028e-01
-1.89386740e-01
-1.89534664e-01
-1.89680800e-01
-1.89825177e-01
-1.89967752e-01
-1.90108538e-01
-1.90247551e-01
-1.90384775e-01
-1.90520197e-01
-1.90653831e-01
-1.90785676e-01
-1.90915734e-01
-1.91044003e-01
-1.91170484e-01
-1.91295177e-01
-1.91418082e-01
-1.91539198e-01
-1.91658527e-01
-1.91776037e-01
-1.91891730e-01
-1.92005605e-01
-1.92117661e-01
-1.92227900e-01
-1.92336321e-01
-1.92442924e-01
-1.92547724e-01
-1.92650706e-01
-1.92751870e-01
-1.92851216e-01
-1.92948744e-01
-1.93044454e-01
-1.93138346e-01
-1.93230420e-01
-1.93320662e-01
-1.93409100e-01
-1.93495706e-01
-1.93580508e-01
-1.93663478e-01
-1.93744645e-01
-1.93823993e-01
-1.93901509e-01
-1.93977192e-01
-1.94051072e-01
-1.94123119e-01
-1.94193363e-01
-1.94261774e-01
-1.94328368e-01
-1.94393113e-01
-1.94456026e-01
-1.94517106e-01
-1.94576368e-01
-1.94633782e-01
-1.94689363e-01
-1.94743127e-01
-1.94795057e-01
-1.94845140e-01
-1.94893405e-01
-1.94939837e-01
-1.94984421e-01
-1.95027187e-01
-1.95068136e-01
-1.95107222e-01
-1.95144489e-01
-1.95179909e-01
-1.95213512e-01
-1.95245281e-01
-1.95275187e-01
-1.95303276e-01
-1.95329517e-01
-1.95353925e-01
-1.95376486e-01
-1.95397213e-01
-1.95416108e-01
-1.95433155e-01
-1.95448354e-01
-1.95461735e-01
-1.95473254e-01
-1.95482939e-01
-1.95490807e-01
-1.95496812e-01
-1.95501000e-01
-1.95503354e-01
-1.95503846e-01
-1.95502505e-01
-1.95499331e-01
-1.95494324e-01
-1.95487455e-01
-1.95478767e-01
-1.95468232e-01
-1.95455864e-01
-1.95441648e-01
-1.95425600e-01
-1.95407704e-01
-1.95387974e-01
-1.95366398e-01
-1.95343003e-01
-1.95317745e-01
-1.95290670e-01
-1.95261732e-01
-1.95230976e-01
-1.95198372e-01
-1.95163935e-01
-1.95127666e-01
-1.95089564e-01
-1.95049614e-01
-1.95007846e-01
-1.94964230e-01
-1.94918811e-01
-1.94871545e-01
-1.94822446e-01
-1.94771498e-01
-1.94718748e-01
-1.94664136e-01
-1.94607705e-01
-1.94549456e-01
-1.94489360e-01
-1.94427431e-01
-1.94363698e-01
-1.94298103e-01
-1.94230705e-01
-1.94161460e-01
-1.94090411e-01
-1.94017529e-01
-1.93942815e-01
-1.93866298e-01
-1.93787947e-01
-1.93707779e-01
-1.93625808e-01
-1.93542004e-01
-1.93456396e-01
-1.93368956e-01
-1.93279713e-01
-1.93188637e-01
-1.93095759e-01
-1.93001047e-01
-1.92904532e-01
-1.92806184e-01
-1.92706019e-01
-1.92604035e-01
-1.92500234e-01
-1.92394614e-01
-1.92287177e-01
-1.92177922e-01
-1.92066848e-01
-1.91953957e-01
-1.91839248e-01
-1.91722721e-01
-1.91604376e-01
-1.91484243e-01
-1.91362321e-01
-1.91238612e-01
-1.91113114e-01
-1.90985829e-01
-1.90856755e-01
-1.90725893e-01
-1.90593243e-01
-1.90458804e-01
-1.90322578e-01
-1.90184563e-01
-1.90044761e-01
-1.89903170e-01
-1.89759791e-01
-1.89614624e-01
-1.89467683e-01
-1.89318940e-01
-1.89168438e-01
-1.89016148e-01
-1.88862070e-01
-1.88706234e-01
-1.88548610e-01
-1.88389227e-01
-1.88228056e-01
-1.88065127e-01
-1.87900424e-01
-1.87733948e-01
-1.87565714e-01
-1.87395707e-01
-1.87223956e-01
-1.87050432e-01
-1.86875165e-01
-1.86698124e-01
-1.86519340e-01
-1.86338782e-01
-1.86156482e-01
-1.85972407e-01
-1.85786590e-01
-1.85598999e-01
-1.85409650e-01
-1.85218573e-01
-1.85025766e-01
-1.84831232e-01
-1.84634969e-01
-1.84436977e-01
-1.84237257e-01
-1.84035793e-01
-1.83832616e-01
-1.83627710e-01
-1.83421090e-01
-1.83212727e-01
-1.83002651e-01
-1.82790861e-01
-1.82577357e-01
-1.82362124e-01
-1.82145193e-01
-1.81926534e-01
-1.81706190e-01
-1.81484103e-01
-1.81260332e-01
-1.81034848e-01
-1.80807665e-01
-1.80578798e-01
-1.80348217e-01
-1.80115953e-01
-1.79881975e-01
-1.79646313e-01
-1.79408938e-01
-1.79169878e-01
-1.78929120e-01
-1.78686693e-01
-1.78442582e-01
-1.78196803e-01
-1.77949369e-01
-1.77700266e-01
-1.77449495e-01
-1.77197054e-01
-1.76942959e-01
-1.76687211e-01
-1.76429778e-01
-1.76170707e-01
-1.75909996e-01
-1.75647616e-01
-1.75383598e-01
-1.75117910e-01
-1.74850598e-01
-1.74581647e-01
-1.74311042e-01
-1.74038798e-01
-1.73764929e-01
-1.73489407e-01
-1.73212245e-01
-1.72933444e-01
-1.72653019e-01
-1.72370955e-01
-1.72087297e-01
-1.71802014e-01
-1.71515122e-01
-1.71226636e-01
-1.70936540e-01
-1.70644835e-01
-1.70351535e-01
-1.70056641e-01
-1.69760138e-01
-1.69462040e-01
-1.69162348e-01
-1.68861061e-01
-1.68558210e-01
-1.68253750e-01
-1.67947724e-01
-1.67640105e-01
-1.67330906e-01
-1.67020127e-01
-1.66707784e-01
-1.66393861e-01
-1.66078374e-01
-1.65761322e-01
-1.65442720e-01
-1.65122569e-01
-1.64800867e-01
-1.64477631e-01
-1.64152831e-01
-1.63826495e-01
-1.63498610e-01
-1.63169205e-01
-1.62838265e-01
-1.62505791e-01
-1.62171811e-01
-1.61836281e-01
-1.61499247e-01
-1.61160678e-01
-1.60820588e-01
-1.60478994e-01
-1.60135895e-01
-1.59791276e-01
-1.59445152e-01
-1.59097552e-01
-1.58748463e-01
-1.58397868e-01
-1.58045784e-01
-1.57692224e-01
-1.57337189e-01
-1.56980678e-01
-1.56622678e-01
-1.56263232e-01
-1.55902296e-01
-1.55539900e-01
-1.55176014e-01
-1.54810682e-01
-1.54443890e-01
-1.54075637e-01
-1.53705910e-01
-1.53334737e-01
-1.52962133e-01
-1.52588099e-01
-1.52212650e-01
-1.51835769e-01
-1.51457474e-01
-1.51077762e-01
-1.50696635e-01
-1.50314108e-01
-1.49930149e-01
-1.49544790e-01
-1.49158016e-01
-1.48769855e-01
-1.48380280e-01
-1.47989318e-01
-1.47596955e-01
-1.47203207e-01
-1.46808073e-01
-1.46411568e-01
-1.46013692e-01
-1.45614445e-01
-1.45213827e-01
-1.44811854e-01
-1.44408509e-01
-1.44003823e-01
-1.43597767e-01
-1.43190384e-01
-1.42781645e-01
-1.42371565e-01
-1.41960144e-01
-1.41547382e-01
-1.41133279e-01
-1.40717834e-01
-1.40301079e-01
-1.39883012e-01
-1.39463633e-01
-1.39042944e-01
-1.38620958e-01
-1.38197660e-01
-1.37773067e-01
-1.37347177e-01
-1.36919990e-01
-1.36491522e-01
-1.36061773e-01
-1.35630742e-01
-1.35198444e-01
-1.34764865e-01
-1.34330019e-01
-1.33893922e-01
-1.33456558e-01
-1.33017942e-01
-1.32578090e-01
-1.32136986e-01
-1.31694645e-01
-1.31251067e-01
-1.30806252e-01
-1.30360216e-01
-1.29912943e-01
-1.29464462e-01
-1.29014760e-01
-1.28563836e-01
-1.28111690e-01
-1.27658322e-01
-1.27203763e-01
-1.26748025e-01
-1.26291126e-01
-1.25833020e-01
-1.25373751e-01
-1.24913298e-01
-1.24451682e-01
-1.23988889e-01
-1.23524934e-01
-1.23059817e-01
-1.22593544e-01
-1.22126117e-01
-1.21657543e-01
-1.21187821e-01
-1.20716959e-01
-1.20244965e-01
-1.19771846e-01
-1.19297609e-01
-1.18822239e-01
-1.18345752e-01
-1.17868163e-01
-1.17389463e-01
-1.16909668e-01
-1.16428763e-01
-1.15946770e-01
-1.15463674e-01
-1.14979498e-01
-1.14494249e-01
-1.14007920e-01
-1.13520525e-01
-1.13032058e-01
-1.12542532e-01
-1.12051949e-01
-1.11560307e-01
-1.11067623e-01
-1.10573895e-01
-1.10079132e-01
-1.09583326e-01
-1.09086499e-01
-1.08588643e-01
-1.08089760e-01
-1.07589871e-01
-1.07088968e-01
-1.06587067e-01
-1.06084153e-01
-1.05580255e-01
-1.05075359e-01
-1.04569480e-01
-1.04062609e-01
-1.03554770e-01
-1.03045948e-01
-1.02536149e-01
-1.02025397e-01
-1.01513691e-01
-1.01001024e-01
-1.00487411e-01
-9.99728590e-02
-9.94573683e-02
-9.89409387e-02
-9.84235927e-02
-9.79053155e-02
-9.73861292e-02
-9.68660116e-02
-9.63449925e-02
-9.58230644e-02
-9.53002423e-02
-9.47765261e-02
-9.42519233e-02
-9.37264264e-02
-9.32000503e-02
-9.26727951e-02
-9.21446756e-02
-9.16156918e-02
-9.10858437e-02
-9.05551463e-02
-9.00235996e-02
-8.94912034e-02
-8.89579654e-02
-8.84238929e-02
-8.78889933e-02
-8.73532668e-02
-8.68167132e-02
-8.62793401e-02
-8.57411623e-02
-8.52021873e-02
-8.46624076e-02
-8.41218382e-02
-8.35804716e-02
-8.30383226e-02
-8.24953914e-02
-8.19516852e-02
-8.14072192e-02
-8.08619782e-02
-8.03159848e-02
-7.97692314e-02
-7.92217255e-02
-7.86734894e-02
-7.81245083e-02
-7.75747895e-02
-7.70243406e-02
-7.64731690e-02
-7.59212822e-02
-7.53686875e-02
-7.48153776e-02
-7.42613748e-02
-7.37066716e-02
-7.31512681e-02
-7.25951791e-02
-7.20384195e-02
-7.14809820e-02
-7.09228665e-02
-7.03640804e-02
-6.98046386e-02
-6.92445412e-02
-6.86837956e-02
-6.81224018e-02
-6.75603747e-02
-6.69977069e-02
-6.64344132e-02
-6.58704937e-02
-6.53059632e-02
-6.47408217e-02
-6.41750693e-02
-6.36087060e-02
-6.30417541e-02
-6.24742024e-02
-6.19060695e-02
-6.13373555e-02
-6.07680678e-02
-6.01982102e-02
-5.96277863e-02
-5.90568073e-02
-5.84852695e-02
-5.79131842e-02
-5.73405549e-02
-5.67673892e-02
-5.61936870e-02
-5.56194596e-02
-5.50447106e-02
-5.44694476e-02
-5.38936704e-02
-5.33173867e-02
-5.27406037e-02
-5.21633253e-02
-5.15855588e-02
-5.10073081e-02
-5.04285805e-02
-4.98493798e-02
-4.92697097e-02
-4.86895777e-02
-4.81089875e-02
-4.75279428e-02
-4.69464585e-02
-4.63645309e-02
-4.57821712e-02
-4.51993831e-02
-4.46161665e-02
-4.40325327e-02
-4.34484892e-02
-4.28640321e-02
-4.22791764e-02
-4.16939259e-02
-4.11082804e-02
-4.05222513e-02
-3.99358422e-02
-3.93490605e-02
-3.87619063e-02
-3.81743908e-02
-3.75865176e-02
-3.69982906e-02
-3.64097171e-02
-3.58208045e-02
-3.52315530e-02
-3.46419737e-02
-3.40520702e-02
-3.34618427e-02
-3.28713097e-02
-3.22804637e-02
-3.16893198e-02
-3.10978740e-02
-3.05061378e-02
-2.99141165e-02
-2.93218158e-02
-2.87292413e-02
-2.81363949e-02
-2.75432859e-02
-2.69499198e-02
-2.63562985e-02
-2.57624332e-02
-2.51683258e-02
-2.45739836e-02
-2.39794105e-02
-2.33846121e-02
-2.27895956e-02
-2.21943688e-02
-2.15989314e-02
-2.10032929e-02
-2.04074569e-02
-1.98114309e-02
-1.92152187e-02
-1.86188295e-02
-1.80222671e-02
-1.74255334e-02
-1.68286376e-02
-1.62315853e-02
-1.56343821e-02
-1.50370328e-02
-1.44395428e-02
-1.38419187e-02
-1.32441651e-02
-1.26462886e-02
-1.20482938e-02
-1.14501864e-02
-1.08519727e-02
-1.02536585e-02
-9.65525024e-03
-9.05675068e-03
-8.45816731e-03
-7.85950571e-03
-7.26077240e-03
-6.66197063e-03
-6.06310880e-03
-5.46418736e-03
-4.86522727e-03
-4.26618662e-03
-3.66722117e-03
-3.06785828e-03
-2.46962137e-03
-1.86766183e-03
-1.27684919e-03
-6.41440623e-04
5.96046448e-08
3.06951511e-03
