-1.79605989e-03
-5.98688493e-04
5.98688493e-04
1.79605989e-03
2.99341441e-03
4.19074064e-03
5.38802706e-03
6.58526272e-03
7.78243644e-03
8.97953752e-03
1.01765534e-02
1.13734743e-02
1.25702871e-02
1.37669826e-02
1.49635486e-02
1.61599722e-02
1.73562467e-02
1.85523555e-02
1.97482929e-02
2.09440440e-02
2.21396014e-02
2.33349483e-02
2.45300792e-02
2.57249791e-02
2.69196406e-02
2.81140469e-02
2.93081924e-02
3.05020623e-02
3.16956453e-02
3.28889303e-02
3.40819024e-02
3.52745540e-02
3.64668742e-02
3.76588479e-02
3.88504677e-02
4.00417186e-02
4.12325934e-02
4.24230769e-02
4.36131619e-02
4.48028371e-02
4.59920876e-02
4.71809022e-02
4.83692773e-02
4.95571904e-02
5.07446416e-02
5.19316122e-02
5.31180911e-02
5.43040708e-02
5.54895401e-02
5.66744842e-02
5.78588955e-02
5.90427592e-02
6.02260679e-02
6.14088066e-02
6.25909716e-02
6.37725368e-02
6.49535134e-02
6.61338791e-02
6.73136190e-02
6.84927329e-02
6.96711987e-02
7.08490163e-02
7.20261708e-02
7.32026398e-02
7.43784234e-02
7.55535141e-02
7.67278820e-02
7.79015422e-02
7.90744573e-02
8.02466348e-02
8.14180672e-02
8.25887248e-02
8.37586001e-02
8.49277005e-02
8.60959962e-02
8.72634798e-02
8.84301439e-02
8.95959809e-02
9.07609761e-02
9.19251144e-02
9.30883884e-02
9.42507833e-02
9.54122990e-02
9.65729058e-02
9.77326110e-02
9.88913998e-02
1.00049250e-01
1.01206169e-01
1.02362141e-01
1.03517145e-01
1.04671180e-01
1.05824225e-01
1.06976271e-01
1.08127318e-01
1.09277345e-01
1.10426344e-01
1.11574315e-01
1.12721227e-01
1.13867082e-01
1.15011871e-01
1.16155572e-01
1.17298186e-01
1.18439689e-01
1.19580075e-01
1.20719343e-01
1.21857472e-01
1.22994453e-01
1.24130286e-01
1.25264958e-01
1.26398444e-01
1.27530739e-01
1.28661841e-01
1.29791737e-01
1.30920425e-01
1.32047877e-01
1.33174092e-01
1.34299040e-01
1.35422722e-01
1.36545137e-01
1.37666255e-01
1.38786077e-01
1.39904603e-01
1.41021803e-01
1.42137676e-01
1.43252239e-01
1.44365430e-01
1.45477265e-01
1.46587744e-01
1.47696838e-01
1.48804545e-01
1.49910867e-01
1.51015773e-01
1.52119264e-01
1.53221309e-01
1.54321924e-01
1.55421078e-01
1.56518772e-01
1.57614976e-01
1.58709720e-01
1.59802943e-01
1.60894677e-01
1.61984891e-01
1.63073584e-01
1.64160728e-01
1.65246353e-01
1.66330412e-01
1.67412892e-01
1.68493822e-01
1.69573143e-01
1.70650885e-01
1.71727017e-01
1.72801539e-01
1.73874423e-01
1.74945697e-01
1.76015303e-01
1.77083269e-01
1.78149566e-01
1.79214194e-01
1.80277124e-01
1.81338385e-01
1.82397917e-01
1.83455735e-01
1.84511825e-01
1.85566157e-01
1.86618760e-01
1.87669590e-01
1.88718662e-01
1.89765960e-01
1.90811470e-01
1.91855177e-01
1.92897096e-01
1.93937197e-01
1.94975480e-01
1.96011916e-01
1.97046503e-01
1.98079243e-01
1.99110135e-01
2.00139150e-01
2.01166287e-01
2.02191517e-01
2.03214839e-01
2.04236254e-01
2.05255762e-01
2.06273332e-01
2.07288951e-01
2.08302617e-01
2.09314331e-01
2.10324064e-01
2.11331815e-01
2.12337598e-01
2.13341355e-01
2.14343116e-01
2.15342849e-01
2.16340572e-01
2.17336267e-01
2.18329906e-01
2.19321519e-01
2.20311046e-01
2.21298501e-01
2.22283885e-01
2.23267168e-01
2.24248350e-01
2.25227445e-01
2.26204395e-01
2.27179229e-01
2.28151917e-01
2.29122460e-01
2.30090842e-01
2.31057078e-01
2.32021138e-01
2.32983008e-01
2.33942688e-01
2.34900177e-01
2.35855445e-01
2.36808494e-01
2.37759337e-01
2.38707915e-01
2.39654258e-01
2.40598336e-01
2.41540164e-01
2.42479712e-01
2.43416980e-01
2.44351983e-01
2.45284662e-01
2.46215045e-01
2.47143105e-01
2.48068854e-01
2.48992264e-01
2.49913335e-01
2.50832051e-01
2.51748443e-01
2.52662480e-01
2.53574133e-01
2.54483372e-01
2.55390227e-01
2.56294638e-01
2.57196665e-01
2.58096248e-01
2.58993447e-01
2.59888202e-01
2.60780513e-01
2.61670321e-01
2.62557685e-01
2.63442546e-01
2.64324963e-01
2.65204877e-01
2.66082346e-01
2.66957313e-01
2.67829746e-01
2.68699646e-01
2.69567013e-01
2.70431846e-01
2.71294117e-01
2.72153884e-01
2.73011088e-01
2.73865730e-01
2.74717748e-01
2.75567204e-01
2.76414067e-01
2.77258337e-01
2.78100014e-01
2.78939098e-01
2.79775530e-01
2.80609310e-01
2.81440437e-01
2.82268912e-01
2.83094734e-01
2.83917904e-01
2.84738392e-01
2.85556257e-01
2.86371380e-01
2.87183821e-01
2.87993550e-01
2.88800567e-01
2.89604872e-01
2.90406466e-01
2.91205347e-01
2.92001486e-01
2.92794853e-01
2.93585449e-01
2.94373304e-01
2.95158356e-01
2.95940667e-01
2.96720177e-01
2.97496945e-01
2.98270911e-01
2.99042076e-01
2.99810380e-01
3.00575882e-01
3.01338524e-01
3.02098364e-01
3.02855343e-01
3.03609490e-01
3.04360807e-01
3.05109233e-01
3.05854768e-01
3.06597412e-01
3.07337195e-01
3.08074057e-01
3.08808059e-01
3.09539139e-01
3.10267359e-01
3.10992658e-01
3.11715037e-01
3.12434435e-01
3.13150913e-01
3.13864410e-01
3.14574987e-01
3.15282583e-01
3.15987229e-01
3.16688925e-01
3.17387640e-01
3.18083346e-01
3.18776041e-01
3.19465727e-01
3.20152402e-01
3.20836067e-01
3.21516752e-01
3.22194397e-01
3.22869062e-01
3.23540688e-01
3.24209273e-01
3.24874759e-01
3.25537205e-01
3.26196551e-01
3.26852828e-01
3.27506036e-01
3.28156173e-01
3.28803241e-01
3.29447240e-01
3.30088139e-01
3.30725908e-01
3.31360549e-01
3.31992060e-01
3.32620442e-01
3.33245695e-01
3.33867818e-01
3.34486812e-01
3.35102677e-01
3.35715443e-01
3.36325020e-01
3.36931437e-01
3.37534636e-01
3.38134646e-01
3.38731468e-01
3.39325100e-01
3.39915544e-01
3.40502799e-01
3.41086864e-01
3.41667742e-01
3.42245430e-01
3.42819899e-01
3.43391120e-01
3.43959063e-01
3.44523787e-01
3.45085233e-01
3.45643461e-01
3.46198410e-01
3.46750140e-01
3.47298592e-01
3.47843826e-01
3.48385781e-01
3.48924518e-01
3.49459916e-01
3.49992007e-01
3.50520790e-01
3.51046264e-01
3.51568431e-01
3.52087289e-01
3.52602839e-01
3.53115082e-01
3.53624016e-01
3.54129642e-01
3.54631960e-01
3.55130970e-01
3.55626613e-01
3.56118888e-01
3.56607795e-01
3.57093334e-01
3.57575506e-01
3.58054310e-01
3.58529747e-01
3.59001815e-01
3.59470516e-01
3.59935850e-01
3.60397816e-01
3.60856414e-01
3.61311674e-01
3.61763477e-01
3.62211883e-01
3.62656832e-01
3.63098383e-01
3.63536477e-01
3.63971174e-01
3.64402413e-01
3.64830256e-01
3.65254641e-01
3.65675628e-01
3.66093159e-01
3.66507262e-01
3.66917938e-01
3.67325187e-01
3.67729008e-01
3.68129343e-01
3.68526191e-01
3.68919551e-01
3.69309455e-01
3.69695842e-01
3.70078772e-01
3.70458186e-01
3.70834142e-01
3.71206582e-01
3.71575564e-01
3.71941030e-01
3.72303039e-01
3.72661531e-01
3.73016566e-01
3.73368084e-01
3.73716146e-01
3.74060690e-01
3.74401718e-01
3.74739170e-01
3.75073105e-01
3.75403464e-01
3.75730306e-01
3.76053572e-01
3.76373291e-01
3.76689464e-01
3.77002090e-01
3.77311170e-01
3.77616704e-01
3.77918690e-01
3.78217131e-01
3.78512025e-01
3.78803372e-01
3.79091173e-01
3.79375428e-01
3.79656136e-01
3.79933298e-01
3.80206913e-01
3.80476922e-01
3.80743325e-01
3.81006151e-01
3.81265342e-01
3.81520957e-01
3.81772935e-01
3.82021338e-01
3.82266104e-01
3.82507294e-01
3.82744849e-01
3.82978827e-01
3.83209169e-01
3.83435935e-01
3.83659065e-01
3.83878618e-01
3.84094536e-01
3.84306878e-01
3.84515584e-01
3.84720713e-01
3.84922206e-01
3.85120124e-01
3.85314405e-01
3.85505110e-01
3.85692179e-01
3.85875672e-01
3.86055529e-01
3.86231780e-01
3.86404335e-01
3.86573255e-01
3.86738479e-01
3.86900067e-01
3.87057960e-01
3.87212217e-01
3.87362778e-01
3.87509704e-01
3.87652934e-01
3.87792528e-01
3.87928456e-01
3.88060719e-01
3.88189316e-01
3.88314247e-01
3.88435513e-01
3.88553113e-01
3.88667047e-01
3.88777316e-01
3.88883919e-01
3.88986856e-01
3.89086127e-01
3.89181733e-01
3.89273673e-01
3.89361948e-01
3.89446557e-01
3.89527500e-01
3.89604777e-01
3.89678389e-01
3.89748335e-01
3.89814615e-01
3.89877230e-01
3.89936179e-01
3.89991462e-01
3.90043080e-01
3.90091032e-01
3.90135318e-01
3.90175939e-01
3.90212893e-01
3.90246183e-01
3.90275806e-01
3.90301764e-01
3.90324056e-01
3.90342683e-01
3.90357643e-01
3.90368909e-01
3.90376449e-01
3.90380263e-01
3.90380353e-01
3.90376717e-01
3.90369356e-01
3.90358269e-01
3.90343487e-01
3.90325040e-01
3.90302926e-01
3.90277177e-01
3.90247732e-01
3.90214652e-01
3.90177876e-01
3.90137464e-01
3.90093356e-01
3.90045613e-01
3.89994174e-01
3.89939100e-01
3.89880329e-01
3.89817923e-01
3.89751822e-01
3.89682084e-01
3.89608651e-01
3.89531583e-01
3.89450818e-01
3.89366418e-01
3.89278322e-01
3.89186591e-01
3.89091164e-01
3.88992101e-01
3.88889343e-01
3.88782948e-01
3.88672858e-01
3.88559133e-01
3.88441712e-01
3.88320655e-01
3.88195902e-01
3.88067514e-01
3.87935430e-01
3.87799710e-01
3.87660295e-01
3.87517244e-01
3.87370497e-01
3.87220114e-01
3.87066036e-01
3.86908323e-01
3.86746913e-01
3.86581868e-01
3.86413127e-01
3.86240751e-01
3.86064678e-01
3.85885000e-01
3.85701686e-01
3.85514796e-01
3.85324270e-01
3.85130167e-01
3.84932429e-01
3.84731114e-01
3.84526163e-01
3.84317636e-01
3.84105474e-01
3.83889735e-01
3.83670360e-01
3.83447409e-01
3.83220822e-01
3.82990658e-01
3.82756859e-01
3.82519484e-01
3.82278472e-01
3.82033885e-01
3.81785661e-01
3.81533861e-01
3.81278425e-01
3.81019413e-01
3.80756795e-01
3.80490571e-01
3.80220741e-01
3.79947305e-01
3.79670292e-01
3.79389763e-01
3.79105657e-01
3.78818035e-01
3.78526837e-01
3.78232121e-01
3.77933830e-01
3.77632022e-01
3.77326638e-01
3.77017736e-01
3.76705259e-01
3.76389265e-01
3.76069695e-01
3.75746608e-01
3.75419945e-01
3.75089765e-01
3.74756008e-01
3.74418736e-01
3.74077886e-01
3.73733521e-01
3.73385608e-01
3.73034239e-01
3.72679353e-01
3.72321010e-01
3.71959150e-01
3.71593833e-01
3.71225029e-01
3.70852739e-01
3.70476961e-01
3.70097697e-01
3.69714946e-01
3.69328707e-01
3.68938982e-01
3.68545771e-01
3.68149072e-01
3.67748886e-01
3.67345214e-01
3.66938084e-01
3.66527557e-01
3.66113573e-01
3.65696192e-01
3.65275353e-01
3.64851117e-01
3.64423424e-01
3.63992333e-01
3.63557786e-01
3.63119841e-01
3.62678438e-01
3.62233639e-01
3.61785382e-01
3.61333728e-01
3.60878617e-01
3.60420167e-01
3.59958321e-01
3.59493136e-01
3.59024554e-01
3.58552635e-01
3.58077317e-01
3.57598662e-01
3.57116610e-01
3.56631219e-01
3.56142431e-01
3.55650306e-01
3.55154783e-01
3.54655921e-01
3.54153723e-01
3.53648216e-01
3.53139400e-01
3.52627277e-01
3.52111846e-01
3.51593107e-01
3.51071060e-01
3.50545704e-01
3.50017041e-01
3.49485070e-01
3.48949790e-01
3.48411202e-01
3.47869337e-01
3.47324193e-01
3.46775830e-01
3.46224219e-01
3.45669359e-01
3.45111251e-01
3.44549894e-01
3.43985289e-01
3.43417436e-01
3.42846334e-01
3.42271984e-01
3.41694385e-01
3.41113597e-01
3.40529621e-01
3.39942455e-01
3.39352101e-01
3.38758558e-01
3.38161826e-01
3.37561905e-01
3.36958796e-01
3.36352497e-01
3.35743010e-01
3.35130364e-01
3.34514618e-01
3.33895713e-01
3.33273679e-01
3.32648516e-01
3.32020223e-01
3.31388801e-01
3.30754250e-01
3.30116570e-01
3.29475760e-01
3.28831851e-01
3.28184873e-01
3.27534825e-01
3.26881707e-01
3.26225519e-01
3.25566262e-01
3.24903935e-01
3.24238509e-01
3.23570043e-01
3.22898477e-01
3.22223902e-01
3.21546286e-01
3.20865691e-01
3.20182085e-01
3.19495469e-01
3.18805844e-01
3.18113208e-01
3.17417562e-01
3.16718906e-01
3.16017270e-01
3.15312684e-01
3.14605117e-01
3.13894629e-01
3.13181162e-01
3.12464774e-01
3.11745405e-01
3.11023116e-01
3.10297847e-01
3.09569716e-01
3.08838665e-01
3.08104724e-01
3.07367891e-01
3.06628168e-01
3.05885553e-01
3.05140048e-01
3.04391652e-01
3.03640366e-01
3.02886248e-01
3.02129298e-01
3.01369518e-01
3.00606906e-01
2.99841464e-01
2.99073189e-01
2.98302114e-01
2.97528177e-01
2.96751469e-01
2.95971990e-01
2.95189738e-01
2.94404715e-01
2.93616921e-01
2.92826355e-01
2.92033017e-01
2.91236907e-01
2.90438026e-01
2.89636433e-01
2.88832158e-01
2.88025141e-01
2.87215441e-01
2.86403000e-01
2.85587877e-01
2.84770012e-01
2.83949524e-01
2.83126354e-01
2.82300562e-01
2.81472087e-01
2.80640990e-01
2.79807210e-01
2.78970778e-01
2.78131694e-01
2.77290016e-01
2.76445776e-01
2.75598913e-01
2.74749488e-01
2.73897439e-01
2.73042828e-01
2.72185594e-01
2.71325856e-01
2.70463556e-01
2.69598752e-01
2.68731385e-01
2.67861515e-01
2.66989082e-01
2.66114116e-01
2.65236646e-01
2.64356703e-01
2.63474286e-01
2.62589395e-01
2.61702031e-01
2.60812163e-01
2.59919852e-01
2.59025037e-01
2.58127838e-01
2.57228225e-01
2.56326199e-01
2.55421758e-01
2.54514903e-01
2.53605634e-01
2.52693951e-01
2.51779914e-01
2.50863522e-01
2.49944746e-01
2.49023661e-01
2.48100221e-01
2.47174457e-01
2.46246353e-01
2.45315939e-01
2.44383216e-01
2.43448183e-01
2.42510870e-01
2.41571277e-01
2.40629405e-01
2.39685282e-01
2.38738909e-01
2.37790287e-01
2.36839414e-01
2.35886320e-01
2.34931007e-01
2.33973488e-01
2.33013764e-01
2.32051849e-01
2.31087744e-01
2.30121464e-01
2.29153037e-01
2.28182450e-01
2.27209702e-01
2.26234823e-01
2.25257814e-01
2.24278674e-01
2.23297432e-01
2.22314090e-01
2.21328646e-01
2.20341131e-01
2.19351545e-01
2.18359888e-01
2.17366174e-01
2.16370419e-01
2.15372622e-01
2.14372799e-01
2.13370964e-01
2.12367132e-01
2.11361274e-01
2.10353449e-01
2.09343627e-01
2.08331838e-01
2.07318097e-01
2.06302390e-01
2.05284745e-01
2.04265162e-01
2.03243673e-01
2.02220246e-01
2.01194942e-01
2.00167730e-01
1.99138641e-01
1.98107675e-01
1.97074860e-01
1.96040168e-01
1.95003644e-01
1.93965301e-01
1.92925110e-01
1.91883117e-01
1.90839306e-01
1.89793706e-01
1.88746318e-01
1.87697157e-01
1.86646238e-01
1.85593531e-01
1.84539095e-01
1.83482900e-01
1.82424977e-01
1.81365326e-01
1.80303976e-01
1.79240912e-01
1.78176180e-01
1.77109748e-01
1.76041663e-01
1.74971938e-01
1.73900545e-01
1.72827542e-01
1.71752900e-01
1.70676634e-01
1.69598773e-01
1.68519318e-01
1.67438284e-01
1.66355669e-01
1.65271491e-01
1.64185762e-01
1.63098484e-01
1.62009671e-01
1.60919324e-01
1.59827471e-01
1.58734113e-01
1.57639265e-01
1.56542927e-01
1.55445114e-01
1.54345840e-01
1.53245106e-01
1.52142927e-01
1.51039317e-01
1.49934292e-01
1.48827836e-01
1.47719994e-01
1.46610767e-01
1.45500153e-01
1.44388184e-01
1.43274844e-01
1.42160162e-01
1.41044140e-01
1.39926806e-01
1.38808146e-01
1.37688190e-01
1.36566937e-01
1.35444373e-01
1.34320557e-01
1.33195475e-01
1.32069126e-01
1.30941540e-01
1.29812717e-01
1.28682673e-01
1.27551422e-01
1.26418963e-01
1.25285327e-01
1.24150522e-01
1.23014547e-01
1.21877410e-01
1.20739132e-01
1.19599715e-01
1.18459173e-01
1.17317513e-01
1.16174743e-01
1.15030885e-01
1.13885947e-01
1.12739936e-01
1.11592866e-01
1.10444747e-01
1.09295592e-01
1.08145408e-01
1.06994204e-01
1.05841987e-01
1.04688786e-01
1.03534594e-01
1.02379419e-01
1.01223290e-01
1.00066215e-01
9.89081860e-02
9.77492332e-02
9.65893641e-02
9.54285860e-02
9.42669064e-02
9.31043476e-02
9.19409096e-02
9.07765999e-02
8.96114409e-02
8.84454325e-02
8.72785971e-02
8.61109495e-02
8.49424899e-02
8.37732330e-02
8.26031789e-02
8.14323425e-02
8.02607462e-02
7.90883899e-02
7.79152960e-02
7.67414719e-02
7.55669251e-02
7.43916631e-02
7.32157081e-02
7.20390603e-02
7.08617344e-02
6.96837455e-02
6.85051009e-02
6.73258156e-02
6.61458895e-02
6.49653524e-02
6.37841970e-02
6.26024380e-02
6.14200905e-02
6.02371655e-02
5.90536743e-02
5.78696243e-02
5.66850305e-02
5.54999039e-02
5.43142520e-02
5.31280860e-02
5.19414209e-02
5.07542677e-02
4.95666340e-02
4.83785346e-02
4.71899807e-02
4.60009798e-02
4.48115431e-02
4.36216891e-02
4.24314179e-02
4.12407517e-02
4.00496945e-02
3.88582572e-02
3.76664549e-02
3.64742987e-02
3.52817960e-02
3.40889618e-02
3.28958035e-02
3.17023359e-02
3.05085666e-02
2.93145087e-02
2.81201750e-02
2.69255787e-02
2.57307310e-02
2.45356411e-02
2.33403221e-02
2.21447852e-02
2.09490415e-02
1.97531004e-02
1.85569767e-02
1.73606779e-02
1.61642171e-02
1.49676036e-02
1.37708504e-02
1.25739668e-02
1.13769649e-02
1.01798568e-02
8.98265187e-03
7.78536266e-03
6.58800034e-03
5.39057655e-03
4.19310154e-03
2.99558672e-03
1.79804361e-03
6.00483676e-04
-5.97081904e-04
-1.79464195e-03
-2.99218507e-03
-4.18969989e-03
-5.38717443e-03
-6.58459868e-03
-7.78196100e-03
-8.97924975e-03
-1.01764547e-02
-1.13735637e-02
-1.25705646e-02
-1.37674483e-02
-1.49642024e-02
-1.61608141e-02
-1.73572768e-02
-1.85535736e-02
-1.97496992e-02
-2.09456403e-02
-2.21413840e-02
-2.33369209e-02
-2.45322399e-02
-2.57273298e-02
-2.69221775e-02
-2.81167738e-02
-2.93111075e-02
-3.05051655e-02
-3.16989347e-02
-3.28924023e-02
-3.40855606e-02
-3.52783948e-02
-3.64708975e-02
-3.76630537e-02
-3.88548560e-02
-4.00462933e-02
-4.12373506e-02
-4.24280167e-02
-4.36182879e-02
-4.48081419e-02
-4.59975787e-02
-4.71865796e-02
-4.83751334e-02
-4.95632328e-02
-5.07508665e-02
-5.19380197e-02
-5.31246848e-02
-5.43108471e-02
-5.54964989e-02
-5.66816255e-02
-5.78662232e-02
-5.90502694e-02
-6.02337644e-02
-6.14166893e-02
-6.25990331e-02
-6.37807921e-02
-6.49619475e-02
-6.61424920e-02
-6.73224106e-02
-6.85016960e-02
-6.96803406e-02
-7.08583370e-02
-7.20356628e-02
-7.32123107e-02
-7.43882731e-02
-7.55635276e-02
-7.67380744e-02
-7.79119059e-02
-7.90849924e-02
-8.02573413e-02
-8.14289451e-02
-8.25997740e-02
-8.37698281e-02
-8.49390849e-02
-8.61075521e-02
-8.72752070e-02
-8.84420425e-02
-8.96080509e-02
-9.07732099e-02
-9.19375122e-02
-9.31009501e-02
-9.42635164e-02
-9.54251960e-02
-9.65859666e-02
-9.77458432e-02
-9.89047959e-02
-1.00062817e-01
-1.01219900e-01
-1.02376036e-01
-1.03531204e-01
-1.04685403e-01
-1.05838612e-01
-1.06990822e-01
-1.08142033e-01
-1.09292224e-01
-1.10441379e-01
-1.11589506e-01
-1.12736575e-01
-1.13882586e-01
-1.15027532e-01
-1.16171390e-01
-1.17314160e-01
-1.18455820e-01
-1.19596370e-01
-1.20735794e-01
-1.21874079e-01
-1.23011217e-01
-1.24147199e-01
-1.25282019e-01
-1.26415655e-01
-1.27548113e-01
-1.28679365e-01
-1.29809409e-01
-1.30938247e-01
-1.32065833e-01
-1.33192196e-01
-1.34317279e-01
-1.35441110e-01
-1.36563659e-01
-1.37684926e-01
-1.38804883e-01
-1.39923558e-01
-1.41040891e-01
-1.42156914e-01
-1.43271595e-01
-1.44384935e-01
-1.45496905e-01
-1.46607518e-01
-1.47716761e-01
-1.48824602e-01
-1.49931058e-01
-1.51036099e-01
-1.52139723e-01
-1.53241903e-01
-1.54342636e-01
-1.55441925e-01
-1.56539738e-01
-1.57636076e-01
-1.58730939e-01
-1.59824297e-01
-1.60916150e-01
-1.62006497e-01
-1.63095310e-01
-1.64182588e-01
-1.65268332e-01
-1.66352510e-01
-1.67435125e-01
-1.68516174e-01
-1.69595629e-01
-1.70673490e-01
-1.71749756e-01
-1.72824398e-01
-1.73897415e-01
-1.74968809e-01
-1.76038548e-01
-1.77106634e-01
-1.78173065e-01
-1.79237813e-01
-1.80300876e-01
-1.81362227e-01
-1.82421878e-01
-1.83479801e-01
-1.84535995e-01
-1.85590446e-01
-1.86643153e-01
-1.87694088e-01
-1.88743249e-01
-1.89790636e-01
-1.90836251e-01
-1.91880062e-01
-1.92922056e-01
-1.93962246e-01
-1.95000604e-01
-1.96037129e-01
-1.97071820e-01
-1.98104650e-01
-1.99135602e-01
-2.00164706e-01
-2.01191902e-01
-2.02217221e-01
-2.03240648e-01
-2.04262152e-01
-2.05281720e-01
-2.06299379e-01
-2.07315072e-01
-2.08328828e-01
-2.09340617e-01
-2.10350439e-01
-2.11358279e-01
-2.12364122e-01
-2.13367969e-01
-2.14369804e-01
-2.15369627e-01
-2.16367424e-01
-2.17363164e-01
-2.18356878e-01
-2.19348535e-01
-2.20338136e-01
-2.21325651e-01
-2.22311094e-01
-2.23294437e-01
-2.24275693e-01
-2.25254834e-01
-2.26231858e-01
-2.27206737e-01
-2.28179500e-01
-2.29150102e-01
-2.30118528e-01
-2.31084809e-01
-2.32048914e-01
-2.33010843e-01
-2.33970568e-01
-2.34928116e-01
-2.35883430e-01
-2.36836538e-01
-2.37787411e-01
-2.38736048e-01
-2.39682421e-01
-2.40626559e-01
-2.41568446e-01
-2.42508054e-01
-2.43445367e-01
-2.44380414e-01
-2.45313138e-01
-2.46243566e-01
-2.47171685e-01
-2.48097464e-01
-2.49020904e-01
-2.49942005e-01
-2.50860751e-01
-2.51777172e-01
-2.52691239e-01
-2.53602922e-01
-2.54512191e-01
-2.55419046e-01
-2.56323516e-01
-2.57225543e-01
-2.58125186e-01
-2.59022385e-01
-2.59917200e-01
-2.60809511e-01
-2.61699378e-01
-2.62586743e-01
-2.63471663e-01
-2.64354080e-01
-2.65234053e-01
-2.66111523e-01
-2.66986489e-01
-2.67858922e-01
-2.68728822e-01
-2.69596189e-01
-2.70461023e-01
-2.71323323e-01
-2.72183061e-01
-2.73040295e-01
-2.73894906e-01
-2.74746954e-01
-2.75596410e-01
-2.76443273e-01
-2.77287543e-01
-2.78129220e-01
-2.78968304e-01
-2.79804736e-01
-2.80638516e-01
-2.81469643e-01
-2.82298118e-01
-2.83123940e-01
-2.83947110e-01
-2.84767598e-01
-2.85585463e-01
-2.86400586e-01
-2.87213027e-01
-2.88022757e-01
-2.88829774e-01
-2.89634079e-01
-2.90435672e-01
-2.91234553e-01
-2.92030662e-01
-2.92824000e-01
-2.93614566e-01
-2.94402391e-01
-2.95187414e-01
-2.95969695e-01
-2.96749175e-01
-2.97525913e-01
-2.98299849e-01
-2.99070984e-01
-2.99839258e-01
-3.00604701e-01
-3.01367313e-01
-3.02127093e-01
-3.02884042e-01
-3.03638160e-01
-3.04389447e-01
-3.05137843e-01
-3.05883348e-01
-3.06625962e-01
-3.07365686e-01
-3.08102518e-01
-3.08836490e-01
-3.09567541e-01
-3.10295731e-01
-3.11020970e-01
-3.11743289e-01
-3.12462628e-01
-3.13179046e-01
-3.13892484e-01
-3.14603001e-01
-3.15310568e-01
-3.16015184e-01
-3.16716850e-01
-3.17415506e-01
-3.18111151e-01
-3.18803817e-01
-3.19493443e-01
-3.20180088e-01
-3.20863694e-01
-3.21544319e-01
-3.22221905e-01
-3.22896510e-01
-3.23568046e-01
-3.24236542e-01
-3.24901938e-01
-3.25564295e-01
-3.26223552e-01
-3.26879770e-01
-3.27532887e-01
-3.28182966e-01
-3.28829944e-01
-3.29473853e-01
-3.30114663e-01
-3.30752343e-01
-3.31386894e-01
-3.32018316e-01
-3.32646608e-01
-3.33271772e-01
-3.33893806e-01
-3.34512711e-01
-3.35128486e-01
-3.35741132e-01
-3.36350650e-01
-3.36956948e-01
-3.37560087e-01
-3.38160008e-01
-3.38756740e-01
-3.39350283e-01
-3.39940637e-01
-3.40527803e-01
-3.41111779e-01
-3.41692567e-01
-3.42270166e-01
-3.42844516e-01
-3.43415618e-01
-3.43983471e-01
-3.44548076e-01
-3.45109433e-01
-3.45667571e-01
-3.46222430e-01
-3.46774071e-01
-3.47322434e-01
-3.47867578e-01
-3.48409444e-01
-3.48948061e-01
-3.49483341e-01
-3.50015342e-01
-3.50544006e-01
-3.51069361e-01
-3.51591408e-01
-3.52110147e-01
-3.52625579e-01
-3.53137702e-01
-3.53646517e-01
-3.54152024e-01
-3.54654223e-01
-3.55153114e-01
-3.55648637e-01
-3.56140792e-01
-3.56629580e-01
-3.57115000e-01
-3.57597053e-01
-3.58075738e-01
-3.58551055e-01
-3.59022975e-01
-3.59491557e-01
-3.59956741e-01
-3.60418588e-01
-3.60877037e-01
-3.61332148e-01
-3.61783803e-01
-3.62232059e-01
-3.62676859e-01
-3.63118261e-01
-3.63556206e-01
-3.63990754e-01
-3.64421874e-01
-3.64849567e-01
-3.65273833e-01
-3.65694672e-01
-3.66112083e-01
-3.66526067e-01
-3.66936624e-01
-3.67343754e-01
-3.67747426e-01
-3.68147612e-01
-3.68544340e-01
-3.68937552e-01
-3.69327307e-01
-3.69713545e-01
-3.70096326e-01
-3.70475590e-01
-3.70851398e-01
-3.71223688e-01
-3.71592522e-01
-3.71957839e-01
-3.72319698e-01
-3.72678041e-01
-3.73032928e-01
-3.73384297e-01
-3.73732209e-01
-3.74076575e-01
-3.74417424e-01
-3.74754697e-01
-3.75088453e-01
-3.75418633e-01
-3.75745296e-01
-3.76068383e-01
-3.76387954e-01
-3.76703948e-01
-3.77016425e-01
-3.77325356e-01
-3.77630740e-01
-3.77932578e-01
-3.78230870e-01
-3.78525615e-01
-3.78816813e-01
-3.79104465e-01
-3.79388571e-01
-3.79669130e-01
-3.79946142e-01
-3.80219609e-01
-3.80489469e-01
-3.80755723e-01
-3.81018370e-01
-3.81277412e-01
-3.81532848e-01
-3.81784678e-01
-3.82032901e-01
-3.82277519e-01
-3.82518530e-01
-3.82755905e-01
-3.82989705e-01
-3.83219868e-01
-3.83446455e-01
-3.83669406e-01
-3.83888781e-01
-3.84104520e-01
-3.84316683e-01
-3.84525210e-01
-3.84730160e-01
-3.84931475e-01
-3.85129213e-01
-3.85323316e-01
-3.85513842e-01
-3.85700732e-01
-3.85884047e-01
-3.86063725e-01
-3.86239797e-01
-3.86412174e-01
-3.86580914e-01
-3.86745960e-01
-3.86907369e-01
-3.87065083e-01
-3.87219161e-01
-3.87369573e-01
-3.87516320e-01
-3.87659401e-01
-3.87798816e-01
-3.87934566e-01
-3.88066649e-01
-3.88195068e-01
-3.88319820e-01
-3.88440907e-01
-3.88558328e-01
-3.88672084e-01
-3.88782173e-01
-3.88888597e-01
-3.88991356e-01
-3.89090449e-01
-3.89185876e-01
-3.89277637e-01
-3.89365733e-01
-3.89450163e-01
-3.89530927e-01
-3.89608026e-01
-3.89681458e-01
-3.89751226e-01
-3.89817327e-01
-3.89879763e-01
-3.89938533e-01
-3.89993638e-01
-3.90045077e-01
-3.90092850e-01
-3.90136957e-01
-3.90177399e-01
-3.90214175e-01
-3.90247285e-01
-3.90276730e-01
-3.90302509e-01
-3.90324622e-01
-3.90343070e-01
-3.90357852e-01
-3.90368938e-01
-3.90376300e-01
-3.90379936e-01
-3.90379846e-01
-3.90376031e-01
-3.90368491e-01
-3.90357226e-01
-3.90342265e-01
-3.90323639e-01
-3.90301347e-01
-3.90275389e-01
-3.90245765e-01
-3.90212476e-01
-3.90175521e-01
-3.90134901e-01
-3.90090615e-01
-3.90042663e-01
-3.89991045e-01
-3.89935762e-01
-3.89876813e-01
-3.89814198e-01
-3.89747918e-01
-3.89677972e-01
-3.89604360e-01
-3.89527082e-01
-3.89446139e-01
-3.89361531e-01
-3.89273256e-01
-3.89181316e-01
-3.89085710e-01
-3.88986439e-01
-3.88883501e-01
-3.88776898e-01
-3.88666660e-01
-3.88552725e-01
-3.88435155e-01
-3.88313890e-01
-3.88188988e-01
-3.88060391e-01
-3.87928158e-01
-3.87792230e-01
-3.87652665e-01
-3.87509406e-01
-3.87362510e-01
-3.87211919e-01
-3.87057692e-01
-3.86899769e-01
-3.86738211e-01
-3.86572957e-01
-3.86404067e-01
-3.86231482e-01
-3.86055261e-01
-3.85875374e-01
-3.85691911e-01
-3.85504812e-01
-3.85314137e-01
-3.85119826e-01
-3.84921938e-01
-3.84720415e-01
-3.84515315e-01
-3.84306580e-01
-3.84094268e-01
-3.83878320e-01
-3.83658797e-01
-3.83435637e-01
-3.83208901e-01
-3.82978559e-01
-3.82744610e-01
-3.82507056e-01
-3.82265896e-01
-3.82021129e-01
-3.81772757e-01
-3.81520778e-01
-3.81265193e-01
-3.81006002e-01
-3.80743206e-01
-3.80476803e-01
-3.80206794e-01
-3.79933178e-01
-3.79656017e-01
-3.79375309e-01
-3.79091054e-01
-3.78803253e-01
-3.78511906e-01
-3.78217012e-01
-3.77918571e-01
-3.77616584e-01
-3.77311051e-01
-3.77001971e-01
-3.76689345e-01
-3.76373172e-01
-3.76053452e-01
-3.75730187e-01
-3.75403374e-01
-3.75073016e-01
-3.74739110e-01
-3.74401659e-01
-3.74060661e-01
-3.73716146e-01
-3.73368084e-01
-3.73016566e-01
-3.72661531e-01
-3.72303039e-01
-3.71941030e-01
-3.71575564e-01
-3.71206582e-01
-3.70834142e-01
-3.70458215e-01
-3.70078802e-01
-3.69695902e-01
-3.69309515e-01
-3.68919641e-01
-3.68526280e-01
-3.68129432e-01
-3.67729098e-01
-3.67325276e-01
-3.66918027e-01
-3.66507351e-01
-3.66093248e-01
-3.65675718e-01
-3.65254760e-01
-3.64830375e-01
-3.64402562e-01
-3.63971323e-01
-3.63536656e-01
-3.63098562e-01
-3.62657040e-01
-3.62212062e-01
-3.61763686e-01
-3.61311853e-01
-3.60856652e-01
-3.60398054e-01
-3.59936118e-01
-3.59470785e-01
-3.59002084e-01
-3.58530015e-01
-3.58054578e-01
-3.57575774e-01
-3.57093602e-01
-3.56608063e-01
-3.56119156e-01
-3.55626881e-01
-3.55131239e-01
-3.54632229e-01
-3.54129910e-01
-3.53624284e-01
-3.53115350e-01
-3.52603108e-01
-3.52087557e-01
-3.51568699e-01
-3.51046532e-01
-3.50521058e-01
-3.49992305e-01
-3.49460214e-01
-3.48924845e-01
-3.48386139e-01
-3.47844183e-01
-3.47298950e-01
-3.46750498e-01
-3.46198767e-01
-3.45643818e-01
-3.45085591e-01
-3.44524145e-01
-3.43959421e-01
-3.43391478e-01
-3.42820257e-01
-3.42245817e-01
-3.41668129e-01
-3.41087252e-01
-3.40503186e-01
-3.39915931e-01
-3.39325488e-01
-3.38731825e-01
-3.38135004e-01
-3.37534964e-01
-3.36931765e-01
-3.36325347e-01
-3.35715771e-01
-3.35103035e-01
-3.34487200e-01
-3.33868206e-01
-3.33246112e-01
-3.32620859e-01
-3.31992507e-01
-3.31360996e-01
-3.30726355e-01
-3.30088586e-01
-3.29447687e-01
-3.28803688e-01
-3.28156620e-01
-3.27506483e-01
-3.26853275e-01
-3.26196998e-01
-3.25537652e-01
-3.24875236e-01
-3.24209750e-01
-3.23541164e-01
-3.22869539e-01
-3.22194874e-01
-3.21517229e-01
-3.20836574e-01
-3.20152909e-01
-3.19466233e-01
-3.18776548e-01
-3.18083853e-01
-3.17388147e-01
-3.16689432e-01
-3.15987736e-01
-3.15283090e-01
-3.14575493e-01
-3.13864946e-01
-3.13151449e-01
-3.12434971e-01
-3.11715573e-01
-3.10993195e-01
-3.10267895e-01
-3.09539676e-01
-3.08808595e-01
-3.08074594e-01
-3.07337731e-01
-3.06597978e-01
-3.05855334e-01
-3.05109799e-01
-3.04361373e-01
-3.03610057e-01
-3.02855909e-01
-3.02098930e-01
-3.01339120e-01
-3.00576478e-01
-2.99810976e-01
-2.99042672e-01
-2.98271507e-01
-2.97497541e-01
-2.96720773e-01
-2.95941263e-01
-2.95158952e-01
-2.94373900e-01
-2.93586075e-01
-2.92795479e-01
-2.92002112e-01
-2.91205972e-01
-2.90407091e-01
-2.89605498e-01
-2.88801193e-01
-2.87994206e-01
-2.87184477e-01
-2.86372066e-01
-2.85556912e-01
-2.84739077e-01
-2.83918560e-01
-2.83095419e-01
-2.82269597e-01
-2.81441152e-01
-2.80610025e-01
-2.79776245e-01
-2.78939813e-01
-2.78100729e-01
-2.77259052e-01
-2.76414782e-01
-2.75567949e-01
-2.74718493e-01
-2.73866475e-01
-2.73011833e-01
-2.72154629e-01
-2.71294862e-01
-2.70432591e-01
-2.69567758e-01
-2.68700421e-01
-2.67830521e-01
-2.66958088e-01
-2.66083121e-01
-2.65205681e-01
-2.64325768e-01
-2.63443351e-01
-2.62558490e-01
-2.61671126e-01
-2.60781318e-01
-2.59889007e-01
-2.58994251e-01
-2.58097053e-01
-2.57197469e-01
-2.56295443e-01
-2.55391032e-01
-2.54484206e-01
-2.53574967e-01
-2.52663314e-01
-2.51749307e-01
-2.50832915e-01
-2.49914184e-01
-2.48993114e-01
-2.48069718e-01
-2.47143969e-01
-2.46215910e-01
-2.45285541e-01
-2.44352862e-01
-2.43417859e-01
-2.42480591e-01
-2.41541043e-01
-2.40599230e-01
-2.39655152e-01
-2.38708824e-01
-2.37760231e-01
-2.36809403e-01
-2.35856354e-01
-2.34901085e-01
-2.33943611e-01
-2.32983932e-01
-2.32022062e-01
-2.31058002e-01
-2.30091780e-01
-2.29123399e-01
-2.28152856e-01
-2.27180168e-01
-2.26205349e-01
-2.25228384e-01
-2.24249303e-01
-2.23268107e-01
-2.22284824e-01
-2.21299455e-01
-2.20311999e-01
-2.19322458e-01
-2.18330860e-01
-2.17337206e-01
-2.16341525e-01
-2.15343803e-01
-2.14344054e-01
-2.13342309e-01
-2.12338537e-01
-2.11332768e-01
-2.10325003e-01
-2.09315270e-01
-2.08303556e-01
-2.07289875e-01
-2.06274256e-01
-2.05256671e-01
-2.04237178e-01
-2.03215748e-01
-2.02192426e-01
-2.01167181e-01
-2.00140059e-01
-1.99111030e-01
-1.98080152e-01
-1.97047397e-01
-1.96012810e-01
-1.94976360e-01
-1.93938091e-01
-1.92897975e-01
-1.91856071e-01
-1.90812349e-01
-1.89766839e-01
-1.88719541e-01
-1.87670469e-01
-1.86619639e-01
-1.85567036e-01
-1.84512690e-01
-1.83456600e-01
-1.82398781e-01
-1.81339234e-01
-1.80277988e-01
-1.79215044e-01
-1.78150430e-01
-1.77084118e-01
-1.76016152e-01
-1.74946547e-01
-1.73875272e-01
-1.72802389e-01
-1.71727866e-01
-1.70651719e-01
-1.69573978e-01
-1.68494657e-01
-1.67413726e-01
-1.66331246e-01
-1.65247187e-01
-1.64161563e-01
-1.63074404e-01
-1.61985710e-01
-1.60895497e-01
-1.59803763e-01
-1.58710524e-01
-1.57615796e-01
-1.56519577e-01
-1.55421898e-01
-1.54322729e-01
-1.53222129e-01
-1.52120069e-01
-1.51016578e-01
-1.49911672e-01
-1.48805350e-01
-1.47697628e-01
-1.46588534e-01
-1.45478055e-01
-1.44366220e-01
-1.43253028e-01
-1.42138466e-01
-1.41022593e-01
-1.39905393e-01
-1.38786867e-01
-1.37667045e-01
-1.36545911e-01
-1.35423496e-01
-1.34299815e-01
-1.33174866e-01
-1.32048652e-01
-1.30921200e-01
-1.29792511e-01
-1.28662601e-01
-1.27531499e-01
-1.26399204e-01
-1.25265718e-01
-1.24131046e-01
-1.22995213e-01
-1.21858224e-01
-1.20720096e-01
-1.19580820e-01
-1.18440427e-01
-1.17298916e-01
-1.16156302e-01
-1.15012594e-01
-1.13867804e-01
-1.12721950e-01
-1.11575030e-01
-1.10427059e-01
-1.09278053e-01
-1.08128026e-01
-1.06976971e-01
-1.05824918e-01
-1.04671866e-01
-1.03517830e-01
-1.02362812e-01
-1.01206839e-01
-1.00049913e-01
-9.88920555e-02
-9.77332592e-02
-9.65735465e-02
-9.54129249e-02
-9.42514017e-02
-9.30889994e-02
-9.19257179e-02
-9.07615721e-02
-8.95965695e-02
-8.84307250e-02
-8.72640535e-02
-8.60965624e-02
-8.49282593e-02
-8.37591588e-02
-8.25892761e-02
-8.14186111e-02
-8.02471712e-02
-7.90749863e-02
-7.79020637e-02
-7.67284036e-02
-7.55540207e-02
-7.43789300e-02
-7.32031390e-02
-7.20266551e-02
-7.08495006e-02
-6.96716756e-02
-6.84932023e-02
-6.73140883e-02
-6.61343336e-02
-6.49539679e-02
-6.37729838e-02
-6.25914037e-02
-6.14092350e-02
-6.02264851e-02
-5.90431690e-02
-5.78592941e-02
-5.66748753e-02
-5.54899238e-02
-5.43044470e-02
-5.31184599e-02
-5.19319698e-02
-5.07449917e-02
-4.95575331e-02
-4.83696088e-02
-4.71812300e-02
-4.59924042e-02
-4.48031425e-02
-4.36134636e-02
-4.24233675e-02
-4.12328765e-02
-4.00419943e-02
-3.88507321e-02
-3.76591049e-02
-3.64671238e-02
-3.52747962e-02
-3.40821370e-02
-3.28891538e-02
-3.16958614e-02
-3.05022690e-02
-2.93083917e-02
-2.81142388e-02
-2.69198231e-02
-2.57251561e-02
-2.45302469e-02
-2.33351085e-02
-2.21397523e-02
-2.09441874e-02
-1.97484288e-02
-1.85524821e-02
-1.73563641e-02
-1.61600821e-02
-1.49636501e-02
-1.37670757e-02
-1.25703728e-02
-1.13735516e-02
-1.01766223e-02
-8.97959806e-03
-7.78248906e-03
-6.58530695e-03
-5.38806338e-03
-4.19076858e-03
-2.99343443e-03
-1.79607212e-03
-5.98692568e-04
5.98692568e-04
1.79607212e-03
