-8.87227478e-04
-2.95743434e-04
2.95743434e-04
8.87227478e-04
1.47870334e-03
2.07016547e-03
2.66160816e-03
3.25302617e-03
3.84441344e-03
4.43576463e-03
5.02707437e-03
5.61833661e-03
6.20954670e-03
6.80069858e-03
7.39178667e-03
7.98280444e-03
8.57374817e-03
9.16460995e-03
9.75538604e-03
1.03460690e-02
1.09366560e-02
1.15271388e-02
1.21175135e-02
1.27077727e-02
1.32979136e-02
1.38879279e-02
1.44778118e-02
1.50675578e-02
1.56571623e-02
1.62466206e-02
1.68359224e-02
1.74250677e-02
1.80140473e-02
1.86028555e-02
1.91914886e-02
1.97799411e-02
2.03682091e-02
2.09562853e-02
2.15441640e-02
2.21318435e-02
2.27193125e-02
2.33065691e-02
2.38936059e-02
2.44804192e-02
2.50670034e-02
2.56533492e-02
2.62394566e-02
2.68253144e-02
2.74109207e-02
2.79962700e-02
2.85813548e-02
2.91661713e-02
2.97507141e-02
3.03349737e-02
3.09189502e-02
3.15026343e-02
3.20860259e-02
3.26691121e-02
3.32518928e-02
3.38343605e-02
3.44165117e-02
3.49983349e-02
3.55798304e-02
3.61609943e-02
3.67418155e-02
3.73222902e-02
3.79024148e-02
3.84821855e-02
3.90615910e-02
3.96406315e-02
4.02192958e-02
4.07975838e-02
4.13754880e-02
4.19530012e-02
4.25301231e-02
4.31068391e-02
4.36831564e-02
4.42590564e-02
4.48345430e-02
4.54096124e-02
4.59842496e-02
4.65584546e-02
4.71322238e-02
4.77055460e-02
4.82784212e-02
4.88508418e-02
4.94228005e-02
4.99942936e-02
5.05653210e-02
5.11358753e-02
5.17059453e-02
5.22755310e-02
5.28446250e-02
5.34132197e-02
5.39813116e-02
5.45488968e-02
5.51159680e-02
5.56825250e-02
5.62485531e-02
5.68140559e-02
5.73790185e-02
5.79434484e-02
5.85073270e-02
5.90706579e-02
5.96334375e-02
6.01956509e-02
6.07573017e-02
6.13183826e-02
6.18788823e-02
6.24388009e-02
6.29981384e-02
6.35568798e-02
6.41150177e-02
6.46725595e-02
6.52294904e-02
6.57858104e-02
6.63415045e-02
6.68965876e-02
6.74510300e-02
6.80048466e-02
6.85580224e-02
6.91105574e-02
6.96624368e-02
7.02136680e-02
7.07642362e-02
7.13141412e-02
7.18633756e-02
7.24119246e-02
7.29597956e-02
7.35069737e-02
7.40534589e-02
7.45992586e-02
7.51443431e-02
7.56887197e-02
7.62323886e-02
7.67753348e-02
7.73175657e-02
7.78590664e-02
7.83998370e-02
7.89398625e-02
7.94791505e-02
8.00176859e-02
8.05554688e-02
8.10925066e-02
8.16287696e-02
8.21642652e-02
8.26989934e-02
8.32329392e-02
8.37661102e-02
8.42984915e-02
8.48300755e-02
8.53608623e-02
8.58908519e-02
8.64200294e-02
8.69483948e-02
8.74759331e-02
8.80026519e-02
8.85285437e-02
8.90536010e-02
8.95778164e-02
9.01011899e-02
9.06237215e-02
9.11453888e-02
9.16662067e-02
9.21861604e-02
9.27052498e-02
9.32234600e-02
9.37408060e-02
9.42572579e-02
9.47728306e-02
9.52875018e-02
9.58012864e-02
9.63141620e-02
9.68261436e-02
9.73372012e-02
9.78473425e-02
9.83565673e-02
9.88648608e-02
9.93722305e-02
9.98786613e-02
1.00384153e-01
1.00888692e-01
1.01392291e-01
1.01894930e-01
1.02396607e-01
1.02897324e-01
1.03397071e-01
1.03895850e-01
1.04393646e-01
1.04890466e-01
1.05386294e-01
1.05881132e-01
1.06374986e-01
1.06867827e-01
1.07359670e-01
1.07850492e-01
1.08340308e-01
1.08829096e-01
1.09316871e-01
1.09803610e-01
1.10289313e-01
1.10773981e-01
1.11257605e-01
1.11740187e-01
1.12221718e-01
1.12702198e-01
1.13181613e-01
1.13659963e-01
1.14137247e-01
1.14613451e-01
1.15088575e-01
1.15562618e-01
1.16035581e-01
1.16507448e-01
1.16978221e-01
1.17447890e-01
1.17916457e-01
1.18383914e-01
1.18850261e-01
1.19315483e-01
1.19779579e-01
1.20242551e-01
1.20704398e-01
1.21165104e-01
1.21624671e-01
1.22083098e-01
1.22540370e-01
1.22996487e-01
1.23451449e-01
1.23905256e-01
1.24357894e-01
1.24809362e-01
1.25259653e-01
1.25708774e-01
1.26156718e-01
1.26603484e-01
1.27049059e-01
1.27493426e-01
1.27936587e-01
1.28378540e-01
1.28819302e-01
1.29258841e-01
1.29697189e-01
1.30134314e-01
1.30570218e-01
1.31004870e-01
1.31438300e-01
1.31870478e-01
1.32301420e-01
1.32731125e-01
1.33159593e-01
1.33586794e-01
1.34012729e-01
1.34437397e-01
1.34860799e-01
1.35282949e-01
1.35703817e-01
1.36123434e-01
1.36541754e-01
1.36958793e-01
1.37374520e-01
1.37788966e-01
1.38202101e-01
1.38613939e-01
1.39024481e-01
1.39433727e-01
1.39841661e-01
1.40248269e-01
1.40653551e-01
1.41057506e-01
1.41460136e-01
1.41861439e-01
1.42261431e-01
1.42660081e-01
1.43057391e-01
1.43453330e-01
1.43847927e-01
1.44241154e-01
1.44633025e-01
1.45023540e-01
1.45412698e-01
1.45800501e-01
1.46186918e-01
1.46571949e-01
1.46955594e-01
1.47337854e-01
1.47718728e-01
1.48098230e-01
1.48476332e-01
1.48853064e-01
1.49228394e-01
1.49602309e-01
1.49974808e-01
1.50345892e-01
1.50715560e-01
1.51083812e-01
1.51450649e-01
1.51816070e-01
1.52180076e-01
1.52542636e-01
1.52903751e-01
1.53263420e-01
1.53621644e-01
1.53978422e-01
1.54333755e-01
1.54687643e-01
1.55040085e-01
1.55391082e-01
1.55740619e-01
1.56088665e-01
1.56435236e-01
1.56780332e-01
1.57123953e-01
1.57466099e-01
1.57806769e-01
1.58145964e-01
1.58483684e-01
1.58819899e-01
1.59154609e-01
1.59487814e-01
1.59819514e-01
1.60149708e-01
1.60478398e-01
1.60805583e-01
1.61131263e-01
1.61455452e-01
1.61778107e-01
1.62099242e-01
1.62418827e-01
1.62736893e-01
1.63053423e-01
1.63368419e-01
1.63681880e-01
1.63993806e-01
1.64304197e-01
1.64613053e-01
1.64920375e-01
1.65226132e-01
1.65530324e-01
1.65832952e-01
1.66134015e-01
1.66433513e-01
1.66731447e-01
1.67027801e-01
1.67322606e-01
1.67615831e-01
1.67907506e-01
1.68197572e-01
1.68486059e-01
1.68772936e-01
1.69058233e-01
1.69341937e-01
1.69624045e-01
1.69904560e-01
1.70183480e-01
1.70460805e-01
1.70736536e-01
1.71010673e-01
1.71283200e-01
1.71554118e-01
1.71823397e-01
1.72091067e-01
1.72357097e-01
1.72621518e-01
1.72884300e-01
1.73145473e-01
1.73405007e-01
1.73662931e-01
1.73919216e-01
1.74173892e-01
1.74426928e-01
1.74678311e-01
1.74928039e-01
1.75176114e-01
1.75422534e-01
1.75667301e-01
1.75910413e-01
1.76151872e-01
1.76391676e-01
1.76629826e-01
1.76866323e-01
1.77101165e-01
1.77334353e-01
1.77565888e-01
1.77795738e-01
1.78023905e-01
1.78250387e-01
1.78475186e-01
1.78698301e-01
1.78919733e-01
1.79139480e-01
1.79357529e-01
1.79573908e-01
1.79788589e-01
1.80001602e-01
1.80212915e-01
1.80422559e-01
1.80630505e-01
1.80836767e-01
1.81041300e-01
1.81244135e-01
1.81445241e-01
1.81644633e-01
1.81842312e-01
1.82038277e-01
1.82232529e-01
1.82425067e-01
1.82615891e-01
1.82805002e-01
1.82992399e-01
1.83178082e-01
1.83362052e-01
1.83544308e-01
1.83724850e-01
1.83903664e-01
1.84080750e-01
1.84256077e-01
1.84429675e-01
1.84601516e-01
1.84771627e-01
1.84939981e-01
1.85106605e-01
1.85271472e-01
1.85434610e-01
1.85595989e-01
1.85755640e-01
1.85913533e-01
1.86069697e-01
1.86224103e-01
1.86376780e-01
1.86527699e-01
1.86676890e-01
1.86824322e-01
1.86970025e-01
1.87113941e-01
1.87256098e-01
1.87396467e-01
1.87535077e-01
1.87671900e-01
1.87806964e-01
1.87940240e-01
1.88071758e-01
1.88201487e-01
1.88329458e-01
1.88455656e-01
1.88580081e-01
1.88702732e-01
1.88823611e-01
1.88942716e-01
1.89060047e-01
1.89175606e-01
1.89289391e-01
1.89401403e-01
1.89511642e-01
1.89620107e-01
1.89726800e-01
1.89831719e-01
1.89934865e-01
1.90036237e-01
1.90135822e-01
1.90233603e-01
1.90329581e-01
1.90423757e-01
1.90516129e-01
1.90606698e-01
1.90695465e-01
1.90782428e-01
1.90867588e-01
1.90950945e-01
1.91032499e-01
1.91112250e-01
1.91190198e-01
1.91266343e-01
1.91340685e-01
1.91413224e-01
1.91483960e-01
1.91552892e-01
1.91620022e-01
1.91685349e-01
1.91748872e-01
1.91810593e-01
1.91870511e-01
1.91928625e-01
1.91984937e-01
1.92039445e-01
1.92092150e-01
1.92143038e-01
1.92192137e-01
1.92239419e-01
1.92284912e-01
1.92328587e-01
1.92370474e-01
1.92410544e-01
1.92448825e-01
1.92485288e-01
1.92519963e-01
1.92552820e-01
1.92583889e-01
1.92613140e-01
1.92640603e-01
1.92666247e-01
1.92690089e-01
1.92712083e-01
1.92732260e-01
1.92750588e-01
1.92767099e-01
1.92781761e-01
1.92794606e-01
1.92805603e-01
1.92814782e-01
1.92822114e-01
1.92827627e-01
1.92831293e-01
1.92833140e-01
1.92833140e-01
1.92831323e-01
1.92827657e-01
1.92822173e-01
1.92814842e-01
1.92805693e-01
1.92794695e-01
1.92781880e-01
1.92767218e-01
1.92750737e-01
1.92732409e-01
1.92712262e-01
1.92690268e-01
1.92666456e-01
1.92640811e-01
1.92613378e-01
1.92584127e-01
1.92553088e-01
1.92520231e-01
1.92485586e-01
1.92449123e-01
1.92410871e-01
1.92370802e-01
1.92328945e-01
1.92285269e-01
1.92239806e-01
1.92192525e-01
1.92143455e-01
1.92092568e-01
1.92039892e-01
1.91985399e-01
1.91929117e-01
1.91871017e-01
1.91811129e-01
1.91749424e-01
1.91685915e-01
1.91620603e-01
1.91553488e-01
1.91484571e-01
1.91413850e-01
1.91341326e-01
1.91266999e-01
1.91190869e-01
1.91112936e-01
1.91033199e-01
1.90951660e-01
1.90868318e-01
1.90783173e-01
1.90696225e-01
1.90607473e-01
1.90516919e-01
1.90424562e-01
1.90330401e-01
1.90234438e-01
1.90136671e-01
1.90037102e-01
1.89935744e-01
1.89832613e-01
1.89727709e-01
1.89621031e-01
1.89512581e-01
1.89402357e-01
1.89290360e-01
1.89176589e-01
1.89061046e-01
1.88943729e-01
1.88824639e-01
1.88703775e-01
1.88581139e-01
1.88456729e-01
1.88330561e-01
1.88202605e-01
1.88072890e-01
1.87941387e-01
1.87808126e-01
1.87673077e-01
1.87536269e-01
1.87397674e-01
1.87257320e-01
1.87115178e-01
1.86971277e-01
1.86825588e-01
1.86678171e-01
1.86528996e-01
1.86378092e-01
1.86225429e-01
1.86071038e-01
1.85914889e-01
1.85757011e-01
1.85597375e-01
1.85436010e-01
1.85272887e-01
1.85108036e-01
1.84941426e-01
1.84773088e-01
1.84602991e-01
1.84431165e-01
1.84257582e-01
1.84082270e-01
1.83905199e-01
1.83726400e-01
1.83545873e-01
1.83363631e-01
1.83179677e-01
1.82994008e-01
1.82806626e-01
1.82617530e-01
1.82426721e-01
1.82234198e-01
1.82039961e-01
1.81844011e-01
1.81646332e-01
1.81446955e-01
1.81245849e-01
1.81043044e-01
1.80838510e-01
1.80632278e-01
1.80424333e-01
1.80214718e-01
1.80003405e-01
1.79790422e-01
1.79575741e-01
1.79359376e-01
1.79141328e-01
1.78921595e-01
1.78700179e-01
1.78477079e-01
1.78252295e-01
1.78025827e-01
1.77797675e-01
1.77567840e-01
1.77336320e-01
1.77103147e-01
1.76868320e-01
1.76631838e-01
1.76393703e-01
1.76153913e-01
1.75912470e-01
1.75669357e-01
1.75424606e-01
1.75178185e-01
1.74930125e-01
1.74680397e-01
1.74429029e-01
1.74175993e-01
1.73921347e-01
1.73665062e-01
1.73407167e-01
1.73147634e-01
1.72886491e-01
1.72623709e-01
1.72359318e-01
1.72093287e-01
1.71825632e-01
1.71556354e-01
1.71285450e-01
1.71012923e-01
1.70738801e-01
1.70463085e-01
1.70185775e-01
1.69906870e-01
1.69626370e-01
1.69344276e-01
1.69060588e-01
1.68775305e-01
1.68488428e-01
1.68199942e-01
1.67909876e-01
1.67618215e-01
1.67324990e-01
1.67030200e-01
1.66733846e-01
1.66435927e-01
1.66136444e-01
1.65835395e-01
1.65532783e-01
1.65228605e-01
1.64922863e-01
1.64615557e-01
1.64306715e-01
1.63996339e-01
1.63684428e-01
1.63370982e-01
1.63056001e-01
1.62739486e-01
1.62421435e-01
1.62101850e-01
1.61780730e-01
1.61458075e-01
1.61133900e-01
1.60808235e-01
1.60481051e-01
1.60152361e-01
1.59822166e-01
1.59490466e-01
1.59157261e-01
1.58822551e-01
1.58486336e-01
1.58148617e-01
1.57809421e-01
1.57468766e-01
1.57126620e-01
1.56783015e-01
1.56437919e-01
1.56091362e-01
1.55743316e-01
1.55393809e-01
1.55042812e-01
1.54690385e-01
1.54336497e-01
1.53981179e-01
1.53624400e-01
1.53266191e-01
1.52906522e-01
1.52545422e-01
1.52182862e-01
1.51818871e-01
1.51453465e-01
1.51086628e-01
1.50718391e-01
1.50348723e-01
1.49977654e-01
1.49605155e-01
1.49231255e-01
1.48855925e-01
1.48479223e-01
1.48101121e-01
1.47721633e-01
1.47340760e-01
1.46958500e-01
1.46574855e-01
1.46189824e-01
1.45803407e-01
1.45415604e-01
1.45026445e-01
1.44635931e-01
1.44244060e-01
1.43850833e-01
1.43456265e-01
1.43060327e-01
1.42663047e-01
1.42264396e-01
1.41864434e-01
1.41463131e-01
1.41060516e-01
1.40656561e-01
1.40251279e-01
1.39844671e-01
1.39436737e-01
1.39027476e-01
1.38616920e-01
1.38205081e-01
1.37791932e-01
1.37377501e-01
1.36961758e-01
1.36544734e-01
1.36126399e-01
1.35706812e-01
1.35285944e-01
1.34863824e-01
1.34440422e-01
1.34015769e-01
1.33589834e-01
1.33162633e-01
1.32734165e-01
1.32304460e-01
1.31873518e-01
1.31441355e-01
1.31007940e-01
1.30573303e-01
1.30137414e-01
1.29700303e-01
1.29261971e-01
1.28822446e-01
1.28381699e-01
1.27939761e-01
1.27496600e-01
1.27052233e-01
1.26606658e-01
1.26159891e-01
1.25711948e-01
1.25262827e-01
1.24812536e-01
1.24361075e-01
1.23908438e-01
1.23454630e-01
1.22999668e-01
1.22543551e-01
1.22086279e-01
1.21627852e-01
1.21168286e-01
1.20707579e-01
1.20245732e-01
1.19782761e-01
1.19318664e-01
1.18853442e-01
1.18387103e-01
1.17919646e-01
1.17451079e-01
1.16981402e-01
1.16510630e-01
1.16038762e-01
1.15565799e-01
1.15091756e-01
1.14616632e-01
1.14140429e-01
1.13663144e-01
1.13184795e-01
1.12705380e-01
1.12224899e-01
1.11743368e-01
1.11260787e-01
1.10777162e-01
1.10292494e-01
1.09806791e-01
1.09320045e-01
1.08832277e-01
1.08343482e-01
1.07853666e-01
1.07362837e-01
1.06871001e-01
1.06378153e-01
1.05884306e-01
1.05389461e-01
1.04893632e-01
1.04396805e-01
1.03899010e-01
1.03400230e-01
1.02900483e-01
1.02399759e-01
1.01898082e-01
1.01395436e-01
1.00891836e-01
1.00387290e-01
9.98817980e-02
9.93753672e-02
9.88679975e-02
9.83596966e-02
9.78504643e-02
9.73403156e-02
9.68292505e-02
9.63172764e-02
9.58043933e-02
9.52906087e-02
9.47759226e-02
9.42603499e-02
9.37438980e-02
9.32265520e-02
9.27083418e-02
9.21892524e-02
9.16692913e-02
9.11484733e-02
9.06267986e-02
9.01042670e-02
8.95808861e-02
8.90566632e-02
8.85315984e-02
8.80057067e-02
8.74789879e-02
8.69514421e-02
8.64230692e-02
8.58938843e-02
8.53638873e-02
8.48330930e-02
8.43015015e-02
8.37691203e-02
8.32359493e-02
8.27019960e-02
8.21672603e-02
8.16317573e-02
8.10954869e-02
8.05584490e-02
8.00206512e-02
7.94821084e-02
7.89428204e-02
7.84027874e-02
7.78620094e-02
7.73205012e-02
7.67782703e-02
7.62353167e-02
7.56916404e-02
7.51472563e-02
7.46021643e-02
7.40563646e-02
7.35098720e-02
7.29626864e-02
7.24148080e-02
7.18662515e-02
7.13170171e-02
7.07671046e-02
7.02165291e-02
6.96652904e-02
6.91134036e-02
6.85608611e-02
6.80076778e-02
6.74538538e-02
6.68994039e-02
6.63443208e-02
6.57886192e-02
6.52322918e-02
6.46753535e-02
6.41178042e-02
6.35596588e-02
6.30009025e-02
6.24415651e-02
6.18816391e-02
6.13211282e-02
6.07600436e-02
6.01983853e-02
5.96361607e-02
5.90733774e-02
5.85100353e-02
5.79461455e-02
5.73817119e-02
5.68167381e-02
5.62512279e-02
5.56851886e-02
5.51186241e-02
5.45515418e-02
5.39839491e-02
5.34158461e-02
5.28472401e-02
5.22781387e-02
5.17085455e-02
5.11384644e-02
5.05679026e-02
4.99968678e-02
4.94253598e-02
4.88533899e-02
4.82809581e-02
4.77080718e-02
4.71347384e-02
4.65609618e-02
4.59867455e-02
4.54120934e-02
4.48370166e-02
4.42615151e-02
4.36856039e-02
4.31092754e-02
4.25325483e-02
4.19554152e-02
4.13778946e-02
4.07999791e-02
4.02216837e-02
3.96430083e-02
3.90639566e-02
3.84845398e-02
3.79047580e-02
3.73246223e-02
3.67441364e-02
3.61633040e-02
3.55821326e-02
3.50006260e-02
3.44187878e-02
3.38366292e-02
3.32541503e-02
3.26713584e-02
3.20882611e-02
3.15048583e-02
3.09211630e-02
3.03371754e-02
2.97529008e-02
2.91683488e-02
2.85835210e-02
2.79984251e-02
2.74130646e-02
2.68274471e-02
2.62415763e-02
2.56554577e-02
2.50691008e-02
2.44825054e-02
2.38956809e-02
2.33086310e-02
2.27213651e-02
2.21338831e-02
2.15461943e-02
2.09583025e-02
2.03702152e-02
1.97819360e-02
1.91934705e-02
1.86048262e-02
1.80160031e-02
1.74270123e-02
1.68378558e-02
1.62485391e-02
1.56590696e-02
1.50694540e-02
1.44796949e-02
1.38897989e-02
1.32997725e-02
1.27096204e-02
1.21193482e-02
1.15289614e-02
1.09384665e-02
1.03478683e-02
9.75717232e-03
9.16638412e-03
8.57551023e-03
7.98455533e-03
7.39352452e-03
6.80242432e-03
6.21126080e-03
5.62003860e-03
5.02876425e-03
4.43744240e-03
3.84607865e-03
3.25467903e-03
2.66324892e-03
2.07179366e-03
1.48031930e-03
8.88831215e-04
2.97334802e-04
-2.94164376e-04
-8.85660760e-04
-1.47714897e-03
-2.06862320e-03
-2.66007823e-03
-3.25150858e-03
-3.84290819e-03
-4.43427172e-03
-5.02559356e-03
-5.61686791e-03
-6.20809011e-03
-6.79925410e-03
-7.39035429e-03
-7.98138417e-03
-8.57234001e-03
-9.16321389e-03
-9.75400209e-03
-1.03446972e-02
-1.09352963e-02
-1.15257911e-02
-1.21161779e-02
-1.27064493e-02
-1.32966023e-02
-1.38866287e-02
-1.44765237e-02
-1.50662828e-02
-1.56558994e-02
-1.62453689e-02
-1.68346856e-02
-1.74238421e-02
-1.80128329e-02
-1.86016560e-02
-1.91903003e-02
-1.97787657e-02
-2.03670450e-02
-2.09551323e-02
-2.15430241e-02
-2.21307129e-02
-2.27181949e-02
-2.33054608e-02
-2.38925107e-02
-2.44793352e-02
-2.50659306e-02
-2.56522875e-02
-2.62384061e-02
-2.68242769e-02
-2.74098944e-02
-2.79952548e-02
-2.85803508e-02
-2.91651785e-02
-2.97497325e-02
-3.03340051e-02
-3.09179928e-02
-3.15016881e-02
-3.20850909e-02
-3.26681882e-02
-3.32509801e-02
-3.38334590e-02
-3.44156213e-02
-3.49974595e-02
-3.55789661e-02
-3.61601375e-02
-3.67409699e-02
-3.73214595e-02
-3.79015952e-02
-3.84813733e-02
-3.90607938e-02
-3.96398455e-02
-4.02185209e-02
-4.07968201e-02
-4.13747355e-02
-4.19522598e-02
-4.25293893e-02
-4.31061238e-02
-4.36824486e-02
-4.42583635e-02
-4.48338613e-02
-4.54089381e-02
-4.59835902e-02
-4.65578064e-02
-4.71315831e-02
-4.77049202e-02
-4.82778028e-02
-4.88502346e-02
-4.94222082e-02
-4.99937125e-02
-5.05647510e-02
-5.11353165e-02
-5.17053977e-02
-5.22749946e-02
-5.28440997e-02
-5.34127057e-02
-5.39808124e-02
-5.45484088e-02
-5.51154912e-02
-5.56820557e-02
-5.62480949e-02
-5.68136051e-02
-5.73785827e-02
-5.79430237e-02
-5.85069135e-02
-5.90702556e-02
-5.96330464e-02
-6.01952709e-02
-6.07569329e-02
-6.13180213e-02
-6.18785359e-02
-6.24384619e-02
-6.29978031e-02
-6.35565594e-02
-6.41147122e-02
-6.46722615e-02
-6.52291998e-02
-6.57855272e-02
-6.63412362e-02
-6.68963268e-02
-6.74507841e-02
-6.80046082e-02
-6.85577914e-02
-6.91103339e-02
-6.96622282e-02
-7.02134669e-02
-7.07640424e-02
-7.13139623e-02
-7.18631968e-02
-7.24117607e-02
-7.29596391e-02
-7.35068247e-02
-7.40533248e-02
-7.45991245e-02
-7.51442239e-02
-7.56886080e-02
-7.62322918e-02
-7.67752454e-02
-7.73174837e-02
-7.78589919e-02
-7.83997700e-02
-7.89398029e-02
-7.94791058e-02
-8.00176486e-02
-8.05554464e-02
-8.10924843e-02
-8.16287622e-02
-8.21642652e-02
-8.26990008e-02
-8.32329616e-02
-8.37661326e-02
-8.42985287e-02
-8.48301202e-02
-8.53609145e-02
-8.58909115e-02
-8.64200965e-02
-8.69484693e-02
-8.74760225e-02
-8.80027413e-02
-8.85286406e-02
-8.90537053e-02
-8.95779356e-02
-9.01013166e-02
-9.06238556e-02
-9.11455303e-02
-9.16663483e-02
-9.21863094e-02
-9.27053988e-02
-9.32236239e-02
-9.37409699e-02
-9.42574292e-02
-9.47730020e-02
-9.52876881e-02
-9.58014727e-02
-9.63143557e-02
-9.68263447e-02
-9.73374099e-02
-9.78475586e-02
-9.83567908e-02
-9.88650918e-02
-9.93724614e-02
-9.98789072e-02
-1.00384399e-01
-1.00888953e-01
-1.01392552e-01
-1.01895191e-01
-1.02396876e-01
-1.02897592e-01
-1.03397354e-01
-1.03896134e-01
-1.04393937e-01
-1.04890764e-01
-1.05386600e-01
-1.05881445e-01
-1.06375307e-01
-1.06868155e-01
-1.07359998e-01
-1.07850835e-01
-1.08340651e-01
-1.08829454e-01
-1.09317228e-01
-1.09803975e-01
-1.10289678e-01
-1.10774353e-01
-1.11257993e-01
-1.11740582e-01
-1.12222113e-01
-1.12702601e-01
-1.13182016e-01
-1.13660373e-01
-1.14137664e-01
-1.14613876e-01
-1.15089007e-01
-1.15563050e-01
-1.16036020e-01
-1.16507888e-01
-1.16978668e-01
-1.17448345e-01
-1.17916912e-01
-1.18384376e-01
-1.18850723e-01
-1.19315952e-01
-1.19780049e-01
-1.20243028e-01
-1.20704882e-01
-1.21165588e-01
-1.21625163e-01
-1.22083589e-01
-1.22540869e-01
-1.22996986e-01
-1.23451956e-01
-1.23905763e-01
-1.24358408e-01
-1.24809876e-01
-1.25260189e-01
-1.25709310e-01
-1.26157254e-01
-1.26604021e-01
-1.27049595e-01
-1.27493963e-01
-1.27937123e-01
-1.28379077e-01
-1.28819823e-01
-1.29259363e-01
-1.29697695e-01
-1.30134821e-01
-1.30570710e-01
-1.31005362e-01
-1.31438777e-01
-1.31870955e-01
-1.32301897e-01
-1.32731602e-01
-1.33160070e-01
-1.33587271e-01
-1.34013206e-01
-1.34437874e-01
-1.34861276e-01
-1.35283411e-01
-1.35704279e-01
-1.36123881e-01
-1.36542231e-01
-1.36959270e-01
-1.37375012e-01
-1.37789458e-01
-1.38202608e-01
-1.38614461e-01
-1.39025018e-01
-1.39434278e-01
-1.39842212e-01
-1.40248820e-01
-1.40654102e-01
-1.41058058e-01
-1.41460687e-01
-1.41861990e-01
-1.42261967e-01
-1.42660633e-01
-1.43057927e-01
-1.43453881e-01
-1.43848464e-01
-1.44241691e-01
-1.44633561e-01
-1.45024076e-01
-1.45413235e-01
-1.45801038e-01
-1.46187454e-01
-1.46572486e-01
-1.46956131e-01
-1.47338390e-01
-1.47719264e-01
-1.48098767e-01
-1.48476869e-01
-1.48853600e-01
-1.49228916e-01
-1.49602830e-01
-1.49975330e-01
-1.50346413e-01
-1.50716081e-01
-1.51084334e-01
-1.51451170e-01
-1.51816592e-01
-1.52180597e-01
-1.52543157e-01
-1.52904272e-01
-1.53263941e-01
-1.53622165e-01
-1.53978944e-01
-1.54334277e-01
-1.54688165e-01
-1.55040607e-01
-1.55391589e-01
-1.55741110e-01
-1.56089157e-01
-1.56435728e-01
-1.56780824e-01
-1.57124445e-01
-1.57466590e-01
-1.57807261e-01
-1.58146456e-01
-1.58484176e-01
-1.58820391e-01
-1.59155101e-01
-1.59488305e-01
-1.59820005e-01
-1.60150200e-01
-1.60478905e-01
-1.60806090e-01
-1.61131784e-01
-1.61455959e-01
-1.61778629e-01
-1.62099749e-01
-1.62419349e-01
-1.62737399e-01
-1.63053930e-01
-1.63368911e-01
-1.63682371e-01
-1.63994282e-01
-1.64304659e-01
-1.64613500e-01
-1.64920807e-01
-1.65226549e-01
-1.65530726e-01
-1.65833339e-01
-1.66134402e-01
-1.66433886e-01
-1.66731820e-01
-1.67028174e-01
-1.67322978e-01
-1.67616203e-01
-1.67907879e-01
-1.68197945e-01
-1.68486431e-01
-1.68773308e-01
-1.69058606e-01
-1.69342294e-01
-1.69624403e-01
-1.69904903e-01
-1.70183823e-01
-1.70461133e-01
-1.70736864e-01
-1.71010986e-01
-1.71283513e-01
-1.71554416e-01
-1.71823695e-01
-1.72091350e-01
-1.72357380e-01
-1.72621787e-01
-1.72884569e-01
-1.73145726e-01
-1.73405260e-01
-1.73663169e-01
-1.73919469e-01
-1.74174130e-01
-1.74427167e-01
-1.74678534e-01
-1.74928263e-01
-1.75176322e-01
-1.75422743e-01
-1.75667495e-01
-1.75910607e-01
-1.76152050e-01
-1.76391855e-01
-1.76630005e-01
-1.76866502e-01
-1.77101344e-01
-1.77334532e-01
-1.77566051e-01
-1.77795887e-01
-1.78024039e-01
-1.78250507e-01
-1.78475291e-01
-1.78698391e-01
-1.78919807e-01
-1.79139540e-01
-1.79357603e-01
-1.79573968e-01
-1.79788664e-01
-1.80001661e-01
-1.80212989e-01
-1.80422619e-01
-1.80630580e-01
-1.80836812e-01
-1.81041345e-01
-1.81244150e-01
-1.81445256e-01
-1.81644633e-01
-1.81842312e-01
-1.82038262e-01
-1.82232514e-01
-1.82425037e-01
-1.82615861e-01
-1.82804957e-01
-1.82992354e-01
-1.83178023e-01
-1.83361992e-01
-1.83544248e-01
-1.83724791e-01
-1.83903605e-01
-1.84080675e-01
-1.84256002e-01
-1.84429586e-01
-1.84601426e-01
-1.84771523e-01
-1.84939876e-01
-1.85106486e-01
-1.85271353e-01
-1.85434476e-01
-1.85595855e-01
-1.85755491e-01
-1.85913384e-01
-1.86069533e-01
-1.86223939e-01
-1.86376587e-01
-1.86527506e-01
-1.86676666e-01
-1.86824098e-01
-1.86969772e-01
-1.87113702e-01
-1.87255844e-01
-1.87396228e-01
-1.87534824e-01
-1.87671661e-01
-1.87806711e-01
-1.87939987e-01
-1.88071489e-01
-1.88201219e-01
-1.88329175e-01
-1.88455358e-01
-1.88579768e-01
-1.88702404e-01
-1.88823268e-01
-1.88942358e-01
-1.89059675e-01
-1.89175218e-01
-1.89288989e-01
-1.89400986e-01
-1.89511210e-01
-1.89619660e-01
-1.89726338e-01
-1.89831242e-01
-1.89934373e-01
-1.90035731e-01
-1.90135300e-01
-1.90233067e-01
-1.90329030e-01
-1.90423191e-01
-1.90515548e-01
-1.90606102e-01
-1.90694854e-01
-1.90781802e-01
-1.90866947e-01
-1.90950289e-01
-1.91031829e-01
-1.91111565e-01
-1.91189498e-01
-1.91265628e-01
-1.91339955e-01
-1.91412479e-01
-1.91483200e-01
-1.91552117e-01
-1.91619232e-01
-1.91684544e-01
-1.91748053e-01
-1.91809759e-01
-1.91869661e-01
-1.91927761e-01
-1.91984057e-01
-1.92038551e-01
-1.92091241e-01
-1.92142129e-01
-1.92191213e-01
-1.92238495e-01
-1.92283973e-01
-1.92327648e-01
-1.92369521e-01
-1.92409590e-01
-1.92447856e-01
-1.92484319e-01
-1.92518979e-01
-1.92551836e-01
-1.92582890e-01
-1.92612141e-01
-1.92639589e-01
-1.92665234e-01
-1.92689046e-01
-1.92711040e-01
-1.92731187e-01
-1.92749515e-01
-1.92765996e-01
-1.92780659e-01
-1.92793474e-01
-1.92804471e-01
-1.92813620e-01
-1.92820951e-01
-1.92826435e-01
-1.92830101e-01
-1.92831919e-01
-1.92831919e-01
-1.92830071e-01
-1.92826405e-01
-1.92820892e-01
-1.92813560e-01
-1.92804381e-01
-1.92793384e-01
-1.92780539e-01
-1.92765877e-01
-1.92749366e-01
-1.92731038e-01
-1.92710862e-01
-1.92688867e-01
-1.92665026e-01
-1.92639381e-01
-1.92611918e-01
-1.92582667e-01
-1.92551598e-01
-1.92518741e-01
-1.92484066e-01
-1.92447603e-01
-1.92409322e-01
-1.92369252e-01
-1.92327365e-01
-1.92283690e-01
-1.92238197e-01
-1.92190915e-01
-1.92141816e-01
-1.92090929e-01
-1.92038238e-01
-1.91983745e-01
-1.91927448e-01
-1.91869348e-01
-1.91809446e-01
-1.91747740e-01
-1.91684231e-01
-1.91618919e-01
-1.91551805e-01
-1.91482887e-01
-1.91412166e-01
-1.91339642e-01
-1.91265315e-01
-1.91189185e-01
-1.91111252e-01
-1.91031516e-01
-1.90949976e-01
-1.90866634e-01
-1.90781489e-01
-1.90694541e-01
-1.90605789e-01
-1.90515235e-01
-1.90422878e-01
-1.90328717e-01
-1.90232754e-01
-1.90134987e-01
-1.90035418e-01
-1.89934060e-01
-1.89830929e-01
-1.89726025e-01
-1.89619347e-01
-1.89510897e-01
-1.89400673e-01
-1.89288676e-01
-1.89174905e-01
-1.89059362e-01
-1.88942030e-01
-1.88822940e-01
-1.88702062e-01
-1.88579425e-01
-1.88455001e-01
-1.88328817e-01
-1.88200846e-01
-1.88071117e-01
-1.87939599e-01
-1.87806323e-01
-1.87671259e-01
-1.87534437e-01
-1.87395826e-01
-1.87255457e-01
-1.87113300e-01
-1.86969385e-01
-1.86823681e-01
-1.86676249e-01
-1.86527058e-01
-1.86376140e-01
-1.86223477e-01
-1.86069071e-01
-1.85912922e-01
-1.85755029e-01
-1.85595393e-01
-1.85434014e-01
-1.85270891e-01
-1.85106024e-01
-1.84939414e-01
-1.84771061e-01
-1.84600964e-01
-1.84429124e-01
-1.84255540e-01
-1.84080213e-01
-1.83903143e-01
-1.83724329e-01
-1.83543786e-01
-1.83361530e-01
-1.83177561e-01
-1.82991877e-01
-1.82804480e-01
-1.82615370e-01
-1.82424545e-01
-1.82232007e-01
-1.82037756e-01
-1.81841791e-01
-1.81644127e-01
-1.81444734e-01
-1.81243643e-01
-1.81040823e-01
-1.80836305e-01
-1.80630058e-01
-1.80422112e-01
-1.80212468e-01
-1.80001155e-01
-1.79788142e-01
-1.79573461e-01
-1.79357082e-01
-1.79139033e-01
-1.78919286e-01
-1.78697869e-01
-1.78474754e-01
-1.78249970e-01
-1.78023487e-01
-1.77795336e-01
-1.77565500e-01
-1.77333981e-01
-1.77100793e-01
-1.76865950e-01
-1.76629454e-01
-1.76391304e-01
-1.76151499e-01
-1.75910041e-01
-1.75666928e-01
-1.75422162e-01
-1.75175756e-01
-1.74927682e-01
-1.74677968e-01
-1.74426585e-01
-1.74173564e-01
-1.73918888e-01
-1.73662603e-01
-1.73404679e-01
-1.73145145e-01
-1.72883987e-01
-1.72621205e-01
-1.72356799e-01
-1.72090769e-01
-1.71823114e-01
-1.71553835e-01
-1.71282932e-01
-1.71010405e-01
-1.70736268e-01
-1.70460537e-01
-1.70183226e-01
-1.69904307e-01
-1.69623807e-01
-1.69341698e-01
-1.69058010e-01
-1.68772712e-01
-1.68485835e-01
-1.68197349e-01
-1.67907283e-01
-1.67615607e-01
-1.67322382e-01
-1.67027578e-01
-1.66731223e-01
-1.66433290e-01
-1.66133806e-01
-1.65832743e-01
-1.65530130e-01
-1.65225938e-01
-1.64920196e-01
-1.64612874e-01
-1.64304018e-01
-1.63993627e-01
-1.63681716e-01
-1.63368255e-01
-1.63053274e-01
-1.62736744e-01
-1.62418693e-01
-1.62099093e-01
-1.61777973e-01
-1.61455303e-01
-1.61131144e-01
-1.60805464e-01
-1.60478279e-01
-1.60149589e-01
-1.59819394e-01
-1.59487695e-01
-1.59154490e-01
-1.58819780e-01
-1.58483565e-01
-1.58145845e-01
-1.57806650e-01
-1.57465979e-01
-1.57123834e-01
-1.56780213e-01
-1.56435117e-01
-1.56088561e-01
-1.55740514e-01
-1.55391008e-01
-1.55040011e-01
-1.54687583e-01
-1.54333696e-01
-1.53978378e-01
-1.53621599e-01
-1.53263375e-01
-1.52903706e-01
-1.52542591e-01
-1.52180031e-01
-1.51816025e-01
-1.51450604e-01
-1.51083767e-01
-1.50715515e-01
-1.50345847e-01
-1.49974778e-01
-1.49602279e-01
-1.49228379e-01
-1.48853049e-01
-1.48476332e-01
-1.48098230e-01
-1.47718742e-01
-1.47337869e-01
-1.46955609e-01
-1.46571964e-01
-1.46186933e-01
-1.45800516e-01
-1.45412713e-01
-1.45023555e-01
-1.44633040e-01
-1.44241169e-01
-1.43847942e-01
-1.43453360e-01
-1.43057421e-01
-1.42660141e-01
-1.42261490e-01
-1.41861528e-01
-1.41460225e-01
-1.41057596e-01
-1.40653640e-01
-1.40248358e-01
-1.39841750e-01
-1.39433816e-01
-1.39024571e-01
-1.38614029e-01
-1.38202190e-01
-1.37789056e-01
-1.37374625e-01
-1.36958897e-01
-1.36541873e-01
-1.36123538e-01
-1.35703936e-01
-1.35283068e-01
-1.34860933e-01
-1.34437531e-01
-1.34012863e-01
-1.33586928e-01
-1.33159727e-01
-1.32731259e-01
-1.32301554e-01
-1.31870613e-01
-1.31438434e-01
-1.31005019e-01
-1.30570367e-01
-1.30134478e-01
-1.29697338e-01
-1.29259005e-01
-1.28819466e-01
-1.28378719e-01
-1.27936766e-01
-1.27493605e-01
-1.27049237e-01
-1.26603663e-01
-1.26156896e-01
-1.25708953e-01
-1.25259846e-01
-1.24809548e-01
-1.24358088e-01
-1.23905450e-01
-1.23451650e-01
-1.22996688e-01
-1.22540571e-01
-1.22083306e-01
-1.21624880e-01
-1.21165320e-01
-1.20704614e-01
-1.20242774e-01
-1.19779803e-01
-1.19315706e-01
-1.18850492e-01
-1.18384145e-01
-1.17916696e-01
-1.17448129e-01
-1.16978452e-01
-1.16507687e-01
-1.16035819e-01
-1.15562864e-01
-1.15088820e-01
-1.14613704e-01
-1.14137501e-01
-1.13660216e-01
-1.13181874e-01
-1.12702459e-01
-1.12221986e-01
-1.11740455e-01
-1.11257881e-01
-1.10774249e-01
-1.10289581e-01
-1.09803878e-01
-1.09317146e-01
-1.08829372e-01
-1.08340584e-01
-1.07850775e-01
-1.07359946e-01
-1.06868111e-01
-1.06375270e-01
-1.05881423e-01
-1.05386585e-01
-1.04890756e-01
-1.04393937e-01
-1.03896141e-01
-1.03397369e-01
-1.02897614e-01
-1.02396898e-01
-1.01895221e-01
-1.01392582e-01
-1.00888982e-01
-1.00384444e-01
-9.98789519e-02
-9.93725210e-02
-9.88651514e-02
-9.83568579e-02
-9.78476331e-02
-9.73374918e-02
-9.68264341e-02
-9.63144526e-02
-9.58015770e-02
-9.52877924e-02
-9.47731212e-02
-9.42575485e-02
-9.37410966e-02
-9.32237506e-02
-9.27055404e-02
-9.21864584e-02
-9.16665047e-02
-9.11456868e-02
-9.06240195e-02
-9.01014879e-02
-8.95781144e-02
-8.90538916e-02
-8.85288343e-02
-8.80029500e-02
-8.74762312e-02
-8.69486928e-02
-8.64203274e-02
-8.58911499e-02
-8.53611603e-02
-8.48303735e-02
-8.42987895e-02
-8.37664083e-02
-8.32332373e-02
-8.26992914e-02
-8.21645707e-02
-8.16290751e-02
-8.10928047e-02
-8.05557743e-02
-8.00179839e-02
-7.94794485e-02
-7.89401606e-02
-7.84001350e-02
-7.78593719e-02
-7.73178637e-02
-7.67756402e-02
-7.62326941e-02
-7.56890252e-02
-7.51446486e-02
-7.45995566e-02
-7.40537643e-02
-7.35072717e-02
-7.29600936e-02
-7.24122301e-02
-7.18636811e-02
-7.13144466e-02
-7.07645416e-02
-7.02139735e-02
-6.96627423e-02
-6.91108629e-02
-6.85583279e-02
-6.80051520e-02
-6.74513355e-02
-6.68968931e-02
-6.63418099e-02
-6.57861084e-02
-6.52297959e-02
-6.46728575e-02
-6.41153231e-02
-6.35571778e-02
-6.29984364e-02
-6.24391027e-02
-6.18791841e-02
-6.13186806e-02
-6.07575998e-02
-6.01959489e-02
-5.96337318e-02
-5.90709522e-02
-5.85076213e-02
-5.79437390e-02
-5.73793091e-02
-5.68143390e-02
-5.62488399e-02
-5.56828044e-02
-5.51162511e-02
-5.45491725e-02
-5.39815873e-02
-5.34134917e-02
-5.28448895e-02
-5.22757955e-02
-5.17062061e-02
-5.11361323e-02
-5.05655780e-02
-4.99945506e-02
-4.94230501e-02
-4.88510840e-02
-4.82786596e-02
-4.77057844e-02
-4.71324548e-02
-4.65586856e-02
-4.59844768e-02
-4.54098359e-02
-4.48347628e-02
-4.42592725e-02
-4.36833650e-02
-4.31070514e-02
-4.25303280e-02
-4.19532061e-02
-4.13756892e-02
-4.07977812e-02
-4.02194932e-02
-3.96408252e-02
-3.90617847e-02
-3.84823717e-02
-3.79026011e-02
-3.73224765e-02
-3.67419943e-02
-3.61611731e-02
-3.55800055e-02
-3.49985063e-02
-3.44166793e-02
-3.38345245e-02
-3.32520530e-02
-3.26692723e-02
-3.20861787e-02
-3.15027870e-02
-3.09191011e-02
-3.03351227e-02
-2.97508575e-02
-2.91663129e-02
-2.85814945e-02
-2.79964060e-02
-2.74110567e-02
-2.68254466e-02
-2.62395851e-02
-2.56534759e-02
-2.50671264e-02
-2.44805403e-02
-2.38937251e-02
-2.33066846e-02
-2.27194261e-02
-2.21319534e-02
-2.15442739e-02
-2.09563915e-02
-2.03683116e-02
-1.97800416e-02
-1.91915855e-02
-1.86029505e-02
-1.80141367e-02
-1.74251553e-02
-1.68360081e-02
-1.62467007e-02
-1.56572405e-02
-1.50676332e-02
-1.44778835e-02
-1.38879968e-02
-1.32979788e-02
-1.27078360e-02
-1.21175731e-02
-1.15271956e-02
-1.09367101e-02
-1.03461202e-02
-9.75543447e-03
-9.16465558e-03
-8.57379101e-03
-7.98284449e-03
-7.39182392e-03
-6.80073304e-03
-6.20957837e-03
-5.61836548e-03
-5.02710044e-03
-4.43578791e-03
-3.84443370e-03
-3.25304340e-03
-2.66162236e-03
-2.07017642e-03
-1.47871126e-03
-8.87232251e-04
-2.95745005e-04
2.95745005e-04
8.87232251e-04
