-5.54401951e-04
-1.84801218e-04
1.84801218e-04
5.54401951e-04
9.23997432e-04
1.29358424e-03
1.66315888e-03
2.03271769e-03
2.40225741e-03
2.77177454e-03
3.14126560e-03
3.51072708e-03
3.88015551e-03
4.24954761e-03
4.61889943e-03
4.98820841e-03
5.35747036e-03
5.72668202e-03
6.09583966e-03
6.46494003e-03
6.83397893e-03
7.20295403e-03
7.57186115e-03
7.94069748e-03
8.30945745e-03
8.67814012e-03
9.04674176e-03
9.41525865e-03
9.78368800e-03
1.01520242e-02
1.05202654e-02
1.08884061e-02
1.12564452e-02
1.16243782e-02
1.19922031e-02
1.23599153e-02
1.27275111e-02
1.30949868e-02
1.34623386e-02
1.38295647e-02
1.41966613e-02
1.45636247e-02
1.49304513e-02
1.52971372e-02
1.56636778e-02
1.60300732e-02
1.63963176e-02
1.67624056e-02
1.71283390e-02
1.74941085e-02
1.78597122e-02
1.82251483e-02
1.85904130e-02
1.89555008e-02
1.93204116e-02
1.96851399e-02
2.00496856e-02
2.04140414e-02
2.07782071e-02
2.11421773e-02
2.15059463e-02
2.18695160e-02
2.22328771e-02
2.25960277e-02
2.29589678e-02
2.33216919e-02
2.36841980e-02
2.40464825e-02
2.44085398e-02
2.47703698e-02
2.51319651e-02
2.54933257e-02
2.58544460e-02
2.62153205e-02
2.65759509e-02
2.69363280e-02
2.72964519e-02
2.76563186e-02
2.80159265e-02
2.83752717e-02
2.87343506e-02
2.90931575e-02
2.94516925e-02
2.98099481e-02
3.01679242e-02
3.05256154e-02
3.08830198e-02
3.12401336e-02
3.15969549e-02
3.19534801e-02
3.23097035e-02
3.26656252e-02
3.30212414e-02
3.33765447e-02
3.37315314e-02
3.40862051e-02
3.44405510e-02
3.47945765e-02
3.51482742e-02
3.55016440e-02
3.58546786e-02
3.62073779e-02
3.65597345e-02
3.69117446e-02
3.72634120e-02
3.76147218e-02
3.79656814e-02
3.83162871e-02
3.86665277e-02
3.90164107e-02
3.93659212e-02
3.97150666e-02
4.00638357e-02
4.04122248e-02
4.07602340e-02
4.11078595e-02
4.14551012e-02
4.18019518e-02
4.21484075e-02
4.24944684e-02
4.28401269e-02
4.31853831e-02
4.35302332e-02
4.38746773e-02
4.42187041e-02
4.45623137e-02
4.49055061e-02
4.52482812e-02
4.55906242e-02
4.59325388e-02
4.62740213e-02
4.66150716e-02
4.69556823e-02
4.72958535e-02
4.76355739e-02
4.79748510e-02
4.83136736e-02
4.86520417e-02
4.89899516e-02
4.93274033e-02
4.96643893e-02
5.00009060e-02
5.03369533e-02
5.06725274e-02
5.10076284e-02
5.13422452e-02
5.16763851e-02
5.20100333e-02
5.23431972e-02
5.26758656e-02
5.30080386e-02
5.33397123e-02
5.36708869e-02
5.40015586e-02
5.43317199e-02
5.46613708e-02
5.49905077e-02
5.53191267e-02
5.56472242e-02
5.59748001e-02
5.63018508e-02
5.66283688e-02
5.69543540e-02
5.72798066e-02
5.76047190e-02
5.79290912e-02
5.82529195e-02
5.85761964e-02
5.88989221e-02
5.92210963e-02
5.95427193e-02
5.98637760e-02
6.01842701e-02
6.05042018e-02
6.08235598e-02
6.11423515e-02
6.14605621e-02
6.17781989e-02
6.20952509e-02
6.24117143e-02
6.27275929e-02
6.30428866e-02
6.33575916e-02
6.36716932e-02
6.39851913e-02
6.42980859e-02
6.46103770e-02
6.49220571e-02
6.52331337e-02
6.55435845e-02
6.58534244e-02
6.61626458e-02
6.64712489e-02
6.67792335e-02
6.70865849e-02
6.73933029e-02
6.76993802e-02
6.80048317e-02
6.83096424e-02
6.86138123e-02
6.89173266e-02
6.92202002e-02
6.95224255e-02
6.98240027e-02
7.01249167e-02
7.04251677e-02
7.07247481e-02
7.10236728e-02
7.13219270e-02
7.16195181e-02
7.19164237e-02
7.22126514e-02
7.25082010e-02
7.28030726e-02
7.30972588e-02
7.33907595e-02
7.36835673e-02
7.39756823e-02
7.42671043e-02
7.45578408e-02
7.48478621e-02
7.51371756e-02
7.54257813e-02
7.57136792e-02
7.60008693e-02
7.62873515e-02
7.65731037e-02
7.68581405e-02
7.71424472e-02
7.74260387e-02
7.77089000e-02
7.79910311e-02
7.82724172e-02
7.85530731e-02
7.88329840e-02
7.91121647e-02
7.93906078e-02
7.96682984e-02
7.99452290e-02
8.02214146e-02
8.04968402e-02
8.07715207e-02
8.10454339e-02
8.13185871e-02
8.15909654e-02
8.18625838e-02
8.21334273e-02
8.24035108e-02
8.26728195e-02
8.29413384e-02
8.32090825e-02
8.34760368e-02
8.37422162e-02
8.40076059e-02
8.42722058e-02
8.45360011e-02
8.47990066e-02
8.50612074e-02
8.53226185e-02
8.55832323e-02
8.58430341e-02
8.61020237e-02
8.63601938e-02
8.66175592e-02
8.68741050e-02
8.71298462e-02
8.73847604e-02
8.76388550e-02
8.78921151e-02
8.81445557e-02
8.83961692e-02
8.86469558e-02
8.88969153e-02
8.91460329e-02
8.93943086e-02
8.96417350e-02
8.98883268e-02
9.01340693e-02
9.03789774e-02
9.06230211e-02
9.08662155e-02
9.11085457e-02
9.13500264e-02
9.15906504e-02
9.18304175e-02
9.20693278e-02
9.23073664e-02
9.25445333e-02
9.27808285e-02
9.30162445e-02
9.32507962e-02
9.34844688e-02
9.37172696e-02
9.39491764e-02
9.41801965e-02
9.44103301e-02
9.46395770e-02
9.48679373e-02
9.50954109e-02
9.53219831e-02
9.55476537e-02
9.57724229e-02
9.59962904e-02
9.62192565e-02
9.64413211e-02
9.66624916e-02
9.68827382e-02
9.71020758e-02
9.73204896e-02
9.75379869e-02
9.77545679e-02
9.79702324e-02
9.81849805e-02
9.83988121e-02
9.86117125e-02
9.88236815e-02
9.90347192e-02
9.92448255e-02
9.94540006e-02
9.96622443e-02
9.98695567e-02
1.00075930e-01
1.00281350e-01
1.00485824e-01
1.00689352e-01
1.00891933e-01
1.01093568e-01
1.01294257e-01
1.01493999e-01
1.01692781e-01
1.01890601e-01
1.02087460e-01
1.02283359e-01
1.02478296e-01
1.02672271e-01
1.02865294e-01
1.03057347e-01
1.03248432e-01
1.03438534e-01
1.03627667e-01
1.03815816e-01
1.04002990e-01
1.04189187e-01
1.04374409e-01
1.04558654e-01
1.04741916e-01
1.04924187e-01
1.05105467e-01
1.05285756e-01
1.05465055e-01
1.05643362e-01
1.05820678e-01
1.05997004e-01
1.06172331e-01
1.06346659e-01
1.06519982e-01
1.06692299e-01
1.06863610e-01
1.07033916e-01
1.07203215e-01
1.07371509e-01
1.07538797e-01
1.07705079e-01
1.07870348e-01
1.08034596e-01
1.08197823e-01
1.08360030e-01
1.08521216e-01
1.08681388e-01
1.08840533e-01
1.08998664e-01
1.09155767e-01
1.09311856e-01
1.09466903e-01
1.09620921e-01
1.09773897e-01
1.09925844e-01
1.10076748e-01
1.10226624e-01
1.10375457e-01
1.10523254e-01
1.10670015e-01
1.10815741e-01
1.10960431e-01
1.11104071e-01
1.11246660e-01
1.11388199e-01
1.11528687e-01
1.11668125e-01
1.11806512e-01
1.11943856e-01
1.12080142e-01
1.12215385e-01
1.12349570e-01
1.12482712e-01
1.12614781e-01
1.12745792e-01
1.12875730e-01
1.13004610e-01
1.13132417e-01
1.13259166e-01
1.13384843e-01
1.13509454e-01
1.13632999e-01
1.13755479e-01
1.13876894e-01
1.13997243e-01
1.14116527e-01
1.14234731e-01
1.14351854e-01
1.14467897e-01
1.14582859e-01
1.14696741e-01
1.14809535e-01
1.14921257e-01
1.15031891e-01
1.15141451e-01
1.15249924e-01
1.15357324e-01
1.15463637e-01
1.15568876e-01
1.15673028e-01
1.15776092e-01
1.15878053e-01
1.15978926e-01
1.16078697e-01
1.16177380e-01
1.16274960e-01
1.16371453e-01
1.16466843e-01
1.16561137e-01
1.16654336e-01
1.16746441e-01
1.16837449e-01
1.16927363e-01
1.17016181e-01
1.17103904e-01
1.17190532e-01
1.17276058e-01
1.17360473e-01
1.17443778e-01
1.17525972e-01
1.17607057e-01
1.17687032e-01
1.17765896e-01
1.17843650e-01
1.17920294e-01
1.17995828e-01
1.18070252e-01
1.18143566e-01
1.18215770e-01
1.18286863e-01
1.18356846e-01
1.18425719e-01
1.18493475e-01
1.18560128e-01
1.18625663e-01
1.18690096e-01
1.18753411e-01
1.18815616e-01
1.18876688e-01
1.18936643e-01
1.18995465e-01
1.19053170e-01
1.19109742e-01
1.19165197e-01
1.19219519e-01
1.19272724e-01
1.19324796e-01
1.19375750e-01
1.19425572e-01
1.19474277e-01
1.19521849e-01
1.19568303e-01
1.19613625e-01
1.19657829e-01
1.19700901e-01
1.19742855e-01
1.19783677e-01
1.19823381e-01
1.19861953e-01
1.19899407e-01
1.19935736e-01
1.19970940e-01
1.20005019e-01
1.20037973e-01
1.20069802e-01
1.20100506e-01
1.20130084e-01
1.20158538e-01
1.20185867e-01
1.20212071e-01
1.20237149e-01
1.20261088e-01
1.20283887e-01
1.20305546e-01
1.20326065e-01
1.20345443e-01
1.20363683e-01
1.20380782e-01
1.20396741e-01
1.20411560e-01
1.20425239e-01
1.20437779e-01
1.20449178e-01
1.20459437e-01
1.20468557e-01
1.20476536e-01
1.20483376e-01
1.20489076e-01
1.20493636e-01
1.20497055e-01
1.20499335e-01
1.20500475e-01
1.20500475e-01
1.20499335e-01
1.20497055e-01
1.20493636e-01
1.20489076e-01
1.20483384e-01
1.20476551e-01
1.20468579e-01
1.20459467e-01
1.20449215e-01
1.20437823e-01
1.20425291e-01
1.20411620e-01
1.20396808e-01
1.20380856e-01
1.20363764e-01
1.20345533e-01
1.20326161e-01
1.20305650e-01
1.20283999e-01
1.20261207e-01
1.20237276e-01
1.20212205e-01
1.20186009e-01
1.20158687e-01
1.20130241e-01
1.20100670e-01
1.20069973e-01
1.20038152e-01
1.20005205e-01
1.19971134e-01
1.19935937e-01
1.19899616e-01
1.19862169e-01
1.19823597e-01
1.19783901e-01
1.19743079e-01
1.19701132e-01
1.19658060e-01
1.19613864e-01
1.19568549e-01
1.19522102e-01
1.19474538e-01
1.19425841e-01
1.19376026e-01
1.19325079e-01
1.19273014e-01
1.19219817e-01
1.19165502e-01
1.19110055e-01
1.19053490e-01
1.18995793e-01
1.18936978e-01
1.18877031e-01
1.18815966e-01
1.18753769e-01
1.18690453e-01
1.18626028e-01
1.18560493e-01
1.18493848e-01
1.18426092e-01
1.18357226e-01
1.18287250e-01
1.18216164e-01
1.18143968e-01
1.18070662e-01
1.17996246e-01
1.17920719e-01
1.17844082e-01
1.17766336e-01
1.17687479e-01
1.17607512e-01
1.17526434e-01
1.17444247e-01
1.17360950e-01
1.17276542e-01
1.17191024e-01
1.17104404e-01
1.17016688e-01
1.16927870e-01
1.16837963e-01
1.16746955e-01
1.16654858e-01
1.16561659e-01
1.16467372e-01
1.16371982e-01
1.16275504e-01
1.16177924e-01
1.16079256e-01
1.15979485e-01
1.15878627e-01
1.15776666e-01
1.15673617e-01
1.15569465e-01
1.15464240e-01
1.15357928e-01
1.15250543e-01
1.15142070e-01
1.15032516e-01
1.14921883e-01
1.14810169e-01
1.14697374e-01
1.14583500e-01
1.14468545e-01
1.14352509e-01
1.14235394e-01
1.14117198e-01
1.13997921e-01
1.13877572e-01
1.13756165e-01
1.13633685e-01
1.13510147e-01
1.13385536e-01
1.13259867e-01
1.13133125e-01
1.13005325e-01
1.12876453e-01
1.12746522e-01
1.12615518e-01
1.12483457e-01
1.12350322e-01
1.12216145e-01
1.12080909e-01
1.11944631e-01
1.11807294e-01
1.11668915e-01
1.11529477e-01
1.11388996e-01
1.11247458e-01
1.11104876e-01
1.10961236e-01
1.10816553e-01
1.10670827e-01
1.10524066e-01
1.10376269e-01
1.10227443e-01
1.10077575e-01
1.09926678e-01
1.09774739e-01
1.09621771e-01
1.09467760e-01
1.09312721e-01
1.09156638e-01
1.08999543e-01
1.08841419e-01
1.08682282e-01
1.08522117e-01
1.08360939e-01
1.08198732e-01
1.08035512e-01
1.07871264e-01
1.07705995e-01
1.07539721e-01
1.07372440e-01
1.07204154e-01
1.07034862e-01
1.06864564e-01
1.06693260e-01
1.06520943e-01
1.06347628e-01
1.06173299e-01
1.05997972e-01
1.05821647e-01
1.05644338e-01
1.05466038e-01
1.05286747e-01
1.05106466e-01
1.04925193e-01
1.04742929e-01
1.04559675e-01
1.04375429e-01
1.04190208e-01
1.04004011e-01
1.03816845e-01
1.03628695e-01
1.03439577e-01
1.03249475e-01
1.03058405e-01
1.02866352e-01
1.02673344e-01
1.02479368e-01
1.02284439e-01
1.02088541e-01
1.01891682e-01
1.01693861e-01
1.01495080e-01
1.01295345e-01
1.01094656e-01
1.00893021e-01
1.00690439e-01
1.00486912e-01
1.00282446e-01
1.00077026e-01
9.98706669e-02
9.96633545e-02
9.94551182e-02
9.92459431e-02
9.90358442e-02
9.88248065e-02
9.86128375e-02
9.83999372e-02
9.81861129e-02
9.79713649e-02
9.77557003e-02
9.75391194e-02
9.73216295e-02
9.71032158e-02
9.68838930e-02
9.66636464e-02
9.64424908e-02
9.62204263e-02
9.59974676e-02
9.57736000e-02
9.55488384e-02
9.53231677e-02
9.50966030e-02
9.48691368e-02
9.46407840e-02
9.44115371e-02
9.41814110e-02
9.39503908e-02
9.37184915e-02
9.34856981e-02
9.32520255e-02
9.30174738e-02
9.27820578e-02
9.25457701e-02
9.23086107e-02
9.20705795e-02
9.18316767e-02
9.15919170e-02
9.13513005e-02
9.11098272e-02
9.08674970e-02
9.06243026e-02
9.03802589e-02
9.01353508e-02
8.98896083e-02
8.96430239e-02
8.93955976e-02
8.91473293e-02
8.88982192e-02
8.86482671e-02
8.83974880e-02
8.81458819e-02
8.78934488e-02
8.76401886e-02
8.73861015e-02
8.71311799e-02
8.68754461e-02
8.66189003e-02
8.63615423e-02
8.61033723e-02
8.58443901e-02
8.55845958e-02
8.53239894e-02
8.50625858e-02
8.48003849e-02
8.45373869e-02
8.42735916e-02
8.40089992e-02
8.37436095e-02
8.34774375e-02
8.32104832e-02
8.29427466e-02
8.26742277e-02
8.24049264e-02
8.21348503e-02
8.18640068e-02
8.15923959e-02
8.13200101e-02
8.10468644e-02
8.07729438e-02
8.04982707e-02
8.02228376e-02
7.99466595e-02
7.96697214e-02
7.93920383e-02
7.91136101e-02
7.88344368e-02
7.85545185e-02
7.82738701e-02
7.79924765e-02
7.77103528e-02
7.74274841e-02
7.71439001e-02
7.68595859e-02
7.65745565e-02
7.62888044e-02
7.60023296e-02
7.57151470e-02
7.54272491e-02
7.51386508e-02
7.48493373e-02
7.45593235e-02
7.42685944e-02
7.39771798e-02
7.36850649e-02
7.33922645e-02
7.30987638e-02
7.28045776e-02
7.25097135e-02
7.22141638e-02
7.19179437e-02
7.16210380e-02
7.13234618e-02
7.10252002e-02
7.07262829e-02
7.04267025e-02
7.01264590e-02
6.98255524e-02
6.95239827e-02
6.92217648e-02
6.89188987e-02
6.86153844e-02
6.83112144e-02
6.80064037e-02
6.77009523e-02
6.73948750e-02
6.70881644e-02
6.67808205e-02
6.64728433e-02
6.61642477e-02
6.58550337e-02
6.55451939e-02
6.52347431e-02
6.49236664e-02
6.46119863e-02
6.42996952e-02
6.39868081e-02
6.36733174e-02
6.33592233e-02
6.30445257e-02
6.27292395e-02
6.24133646e-02
6.20969050e-02
6.17798567e-02
6.14622273e-02
6.11440167e-02
6.08252324e-02
6.05058707e-02
6.01859428e-02
5.98654486e-02
5.95443919e-02
5.92227690e-02
5.89005947e-02
5.85778691e-02
5.82545921e-02
5.79307638e-02
5.76063916e-02
5.72814792e-02
5.69560267e-02
5.66300415e-02
5.63035235e-02
5.59764728e-02
5.56488968e-02
5.53207956e-02
5.49921766e-02
5.46630397e-02
5.43333888e-02
5.40032275e-02
5.36725596e-02
5.33413850e-02
5.30097075e-02
5.26775308e-02
5.23448624e-02
5.20117022e-02
5.16780503e-02
5.13439067e-02
5.10092862e-02
5.06741852e-02
5.03386110e-02
5.00025600e-02
4.96660396e-02
4.93290536e-02
4.89916019e-02
4.86536920e-02
4.83153202e-02
4.79764938e-02
4.76372167e-02
4.72974926e-02
4.69573215e-02
4.66167070e-02
4.62756567e-02
4.59341705e-02
4.55922522e-02
4.52499092e-02
4.49071340e-02
4.45639417e-02
4.42203283e-02
4.38763015e-02
4.35318574e-02
4.31870073e-02
4.28417474e-02
4.24960852e-02
4.21500243e-02
4.18035649e-02
4.14567143e-02
4.11094725e-02
4.07618470e-02
4.04138342e-02
4.00654413e-02
3.97166722e-02
3.93675268e-02
3.90180126e-02
3.86681333e-02
3.83178890e-02
3.79672833e-02
3.76163237e-02
3.72650102e-02
3.69133428e-02
3.65613289e-02
3.62089686e-02
3.58562693e-02
3.55032347e-02
3.51498649e-02
3.47961634e-02
3.44421379e-02
3.40877883e-02
3.37331183e-02
3.33781280e-02
3.30228209e-02
3.26672047e-02
3.23112831e-02
3.19550559e-02
3.15985270e-02
3.12417056e-02
3.08845900e-02
3.05271856e-02
3.01694926e-02
2.98115145e-02
2.94532552e-02
2.90947203e-02
2.87359096e-02
2.83768307e-02
2.80174837e-02
2.76578739e-02
2.72980053e-02
2.69378796e-02
2.65775006e-02
2.62168683e-02
2.58559920e-02
2.54948698e-02
2.51335073e-02
2.47719102e-02
2.44100783e-02
2.40480192e-02
2.36857329e-02
2.33232249e-02
2.29604989e-02
2.25975588e-02
2.22344045e-02
2.18710396e-02
2.15074699e-02
2.11436972e-02
2.07797270e-02
2.04155594e-02
2.00511999e-02
1.96866542e-02
1.93219222e-02
1.89570095e-02
1.85919181e-02
1.82266533e-02
1.78612154e-02
1.74956098e-02
1.71298385e-02
1.67639032e-02
1.63978133e-02
1.60315670e-02
1.56651698e-02
1.52986273e-02
1.49319395e-02
1.45651121e-02
1.41981468e-02
1.38310483e-02
1.34638203e-02
1.30964667e-02
1.27289891e-02
1.23613914e-02
1.19936774e-02
1.16258506e-02
1.12579148e-02
1.08898738e-02
1.05217313e-02
1.01534883e-02
9.78515018e-03
9.41671897e-03
9.04820021e-03
8.67959578e-03
8.31091125e-03
7.94214848e-03
7.57331029e-03
7.20440131e-03
6.83542434e-03
6.46638311e-03
6.09728042e-03
5.72812092e-03
5.35890786e-03
4.98964405e-03
4.62033320e-03
4.25097859e-03
3.88158462e-03
3.51215410e-03
3.14269052e-03
2.77319760e-03
2.40367861e-03
2.03413679e-03
1.66457600e-03
1.29499938e-03
9.25410481e-04
5.55812963e-04
1.86210207e-04
-1.83394281e-04
-5.52996993e-04
-9.22594569e-04
-1.29218341e-03
-1.66176003e-03
-2.03132094e-03
-2.40086275e-03
-2.77038175e-03
-3.13987467e-03
-3.50933825e-03
-3.87876853e-03
-4.24816273e-03
-4.61751688e-03
-4.98682773e-03
-5.35609154e-03
-5.72530506e-03
-6.09446457e-03
-6.46356679e-03
-6.83260802e-03
-7.20158499e-03
-7.57049397e-03
-7.93933216e-03
-8.30809493e-03
-8.67677946e-03
-9.04538389e-03
-9.41390265e-03
-9.78233386e-03
-1.01506719e-02
-1.05189150e-02
-1.08870575e-02
-1.12550985e-02
-1.16230343e-02
-1.19908610e-02
-1.23585751e-02
-1.27261728e-02
-1.30936503e-02
-1.34610040e-02
-1.38282320e-02
-1.41953304e-02
-1.45622957e-02
-1.49291232e-02
-1.52958110e-02
-1.56623535e-02
-1.60287507e-02
-1.63949970e-02
-1.67610869e-02
-1.71270221e-02
-1.74927935e-02
-1.78583991e-02
-1.82238370e-02
-1.85891017e-02
-1.89541932e-02
-1.93191059e-02
-1.96838379e-02
-2.00483836e-02
-2.04127431e-02
-2.07769107e-02
-2.11408809e-02
-2.15046536e-02
-2.18682233e-02
-2.22315881e-02
-2.25947425e-02
-2.29576826e-02
-2.33204085e-02
-2.36829165e-02
-2.40452029e-02
-2.44072620e-02
-2.47690938e-02
-2.51306910e-02
-2.54920535e-02
-2.58531757e-02
-2.62140520e-02
-2.65746843e-02
-2.69350633e-02
-2.72951890e-02
-2.76550576e-02
-2.80146673e-02
-2.83740144e-02
-2.87330933e-02
-2.90919039e-02
-2.94504389e-02
-2.98086982e-02
-3.01666763e-02
-3.05243693e-02
-3.08817737e-02
-3.12388893e-02
-3.15957107e-02
-3.19522396e-02
-3.23084667e-02
-3.26643884e-02
-3.30200046e-02
-3.33753116e-02
-3.37303020e-02
-3.40849720e-02
-3.44393216e-02
-3.47933471e-02
-3.51470485e-02
-3.55004184e-02
-3.58534567e-02
-3.62061560e-02
-3.65585126e-02
-3.69105265e-02
-3.72621939e-02
-3.76135074e-02
-3.79644670e-02
-3.83150727e-02
-3.86653170e-02
-3.90152000e-02
-3.93647142e-02
-3.97138596e-02
-4.00626287e-02
-4.04110216e-02
-4.07590307e-02
-4.11066562e-02
-4.14538980e-02
-4.18007486e-02
-4.21472117e-02
-4.24932726e-02
-4.28389348e-02
-4.31841910e-02
-4.35290448e-02
-4.38734852e-02
-4.42175157e-02
-4.45611291e-02
-4.49043214e-02
-4.52470966e-02
-4.55894396e-02
-4.59313579e-02
-4.62728441e-02
-4.66138944e-02
-4.69545051e-02
-4.72946763e-02
-4.76344042e-02
-4.79736812e-02
-4.83125038e-02
-4.86508757e-02
-4.89887856e-02
-4.93262336e-02
-4.96632196e-02
-4.99997437e-02
-5.03357910e-02
-5.06713651e-02
-5.10064662e-02
-5.13410866e-02
-5.16752303e-02
-5.20088822e-02
-5.23420461e-02
-5.26747145e-02
-5.30068912e-02
-5.33385687e-02
-5.36697432e-02
-5.40004149e-02
-5.43305762e-02
-5.46602309e-02
-5.49893677e-02
-5.53179905e-02
-5.56460880e-02
-5.59736677e-02
-5.63007183e-02
-5.66272400e-02
-5.69532253e-02
-5.72786778e-02
-5.76035939e-02
-5.79279661e-02
-5.82517944e-02
-5.85750714e-02
-5.88978045e-02
-5.92199787e-02
-5.95416017e-02
-5.98626584e-02
-6.01831563e-02
-6.05030879e-02
-6.08224459e-02
-6.11412376e-02
-6.14594482e-02
-6.17770851e-02
-6.20941371e-02
-6.24106042e-02
-6.27264827e-02
-6.30417764e-02
-6.33564815e-02
-6.36705831e-02
-6.39840811e-02
-6.42969757e-02
-6.46092668e-02
-6.49209544e-02
-6.52320310e-02
-6.55424893e-02
-6.58523291e-02
-6.61615506e-02
-6.64701536e-02
-6.67781383e-02
-6.70854896e-02
-6.73922077e-02
-6.76982924e-02
-6.80037439e-02
-6.83085546e-02
-6.86127245e-02
-6.89162463e-02
-6.92191198e-02
-6.95213452e-02
-6.98229149e-02
-7.01238289e-02
-7.04240799e-02
-7.07236677e-02
-7.10225925e-02
-7.13208541e-02
-7.16184378e-02
-7.19153509e-02
-7.22115785e-02
-7.25071281e-02
-7.28019997e-02
-7.30961859e-02
-7.33896866e-02
-7.36824945e-02
-7.39746094e-02
-7.42660388e-02
-7.45567679e-02
-7.48467967e-02
-7.51361102e-02
-7.54247159e-02
-7.57126138e-02
-7.59998038e-02
-7.62862861e-02
-7.65720457e-02
-7.68570825e-02
-7.71413893e-02
-7.74249807e-02
-7.77078420e-02
-7.79899731e-02
-7.82713592e-02
-7.85520151e-02
-7.88319334e-02
-7.91111141e-02
-7.93895498e-02
-7.96672404e-02
-7.99441785e-02
-8.02203640e-02
-8.04957896e-02
-8.07704702e-02
-8.10443833e-02
-8.13175365e-02
-8.15899149e-02
-8.18615332e-02
-8.21323842e-02
-8.24024677e-02
-8.26717764e-02
-8.29402953e-02
-8.32080394e-02
-8.34749937e-02
-8.37411731e-02
-8.40065628e-02
-8.42711627e-02
-8.45349580e-02
-8.47979635e-02
-8.50601643e-02
-8.53215754e-02
-8.55821893e-02
-8.58419910e-02
-8.61009806e-02
-8.63591507e-02
-8.66165161e-02
-8.68730620e-02
-8.71288031e-02
-8.73837173e-02
-8.76378119e-02
-8.78910720e-02
-8.81435126e-02
-8.83951262e-02
-8.86459127e-02
-8.88958722e-02
-8.91449898e-02
-8.93932655e-02
-8.96406993e-02
-8.98872837e-02
-9.01330337e-02
-9.03779343e-02
-9.06219855e-02
-9.08651724e-02
-9.11075100e-02
-9.13489908e-02
-9.15896147e-02
-9.18293819e-02
-9.20682922e-02
-9.23063308e-02
-9.25434977e-02
-9.27797928e-02
-9.30152163e-02
-9.32497606e-02
-9.34834406e-02
-9.37162340e-02
-9.39481482e-02
-9.41791683e-02
-9.44093019e-02
-9.46385488e-02
-9.48669091e-02
-9.50943828e-02
-9.53209549e-02
-9.55466256e-02
-9.57713947e-02
-9.59952623e-02
-9.62182283e-02
-9.64403003e-02
-9.66614634e-02
-9.68817174e-02
-9.71010476e-02
-9.73194689e-02
-9.75369662e-02
-9.77535471e-02
-9.79692116e-02
-9.81839597e-02
-9.83977914e-02
-9.86106917e-02
-9.88226607e-02
-9.90336984e-02
-9.92438048e-02
-9.94529799e-02
-9.96612236e-02
-9.98685434e-02
-1.00074910e-01
-1.00280330e-01
-1.00484803e-01
-1.00688331e-01
-1.00890912e-01
-1.01092547e-01
-1.01293236e-01
-1.01492979e-01
-1.01691760e-01
-1.01889580e-01
-1.02086440e-01
-1.02282338e-01
-1.02477275e-01
-1.02671251e-01
-1.02864273e-01
-1.03056327e-01
-1.03247412e-01
-1.03437513e-01
-1.03626646e-01
-1.03814796e-01
-1.04001969e-01
-1.04188167e-01
-1.04373388e-01
-1.04557633e-01
-1.04740895e-01
-1.04923166e-01
-1.05104446e-01
-1.05284736e-01
-1.05464034e-01
-1.05642341e-01
-1.05819657e-01
-1.05995983e-01
-1.06171310e-01
-1.06345639e-01
-1.06518961e-01
-1.06691279e-01
-1.06862590e-01
-1.07032895e-01
-1.07202195e-01
-1.07370488e-01
-1.07537776e-01
-1.07704058e-01
-1.07869327e-01
-1.08033575e-01
-1.08196802e-01
-1.08359009e-01
-1.08520195e-01
-1.08680360e-01
-1.08839512e-01
-1.08997636e-01
-1.09154746e-01
-1.09310828e-01
-1.09465882e-01
-1.09619893e-01
-1.09772876e-01
-1.09924816e-01
-1.10075727e-01
-1.10225596e-01
-1.10374428e-01
-1.10522225e-01
-1.10668987e-01
-1.10814713e-01
-1.10959403e-01
-1.11103043e-01
-1.11245632e-01
-1.11387171e-01
-1.11527659e-01
-1.11667097e-01
-1.11805484e-01
-1.11942820e-01
-1.12079106e-01
-1.12214342e-01
-1.12348534e-01
-1.12481669e-01
-1.12613745e-01
-1.12744749e-01
-1.12874694e-01
-1.13003567e-01
-1.13131374e-01
-1.13258116e-01
-1.13383792e-01
-1.13508403e-01
-1.13631949e-01
-1.13754429e-01
-1.13875844e-01
-1.13996193e-01
-1.14115477e-01
-1.14233680e-01
-1.14350803e-01
-1.14466839e-01
-1.14581801e-01
-1.14695676e-01
-1.14808477e-01
-1.14920191e-01
-1.15030833e-01
-1.15140386e-01
-1.15248866e-01
-1.15356259e-01
-1.15462579e-01
-1.15567811e-01
-1.15671970e-01
-1.15775026e-01
-1.15876995e-01
-1.15977861e-01
-1.16077639e-01
-1.16176315e-01
-1.16273902e-01
-1.16370387e-01
-1.16465777e-01
-1.16560072e-01
-1.16653271e-01
-1.16745375e-01
-1.16836384e-01
-1.16926298e-01
-1.17015116e-01
-1.17102839e-01
-1.17189467e-01
-1.17274992e-01
-1.17359407e-01
-1.17442712e-01
-1.17524907e-01
-1.17605992e-01
-1.17685966e-01
-1.17764831e-01
-1.17842585e-01
-1.17919229e-01
-1.17994763e-01
-1.18069187e-01
-1.18142493e-01
-1.18214697e-01
-1.18285783e-01
-1.18355766e-01
-1.18424632e-01
-1.18492395e-01
-1.18559040e-01
-1.18624583e-01
-1.18689008e-01
-1.18752331e-01
-1.18814528e-01
-1.18875608e-01
-1.18935555e-01
-1.18994385e-01
-1.19052082e-01
-1.19108662e-01
-1.19164109e-01
-1.19218439e-01
-1.19271636e-01
-1.19323716e-01
-1.19374663e-01
-1.19424492e-01
-1.19473189e-01
-1.19520769e-01
-1.19567215e-01
-1.19612545e-01
-1.19656742e-01
-1.19699821e-01
-1.19741768e-01
-1.19782597e-01
-1.19822294e-01
-1.19860873e-01
-1.19898319e-01
-1.19934648e-01
-1.19969845e-01
-1.20003924e-01
-1.20036870e-01
-1.20068699e-01
-1.20099396e-01
-1.20128974e-01
-1.20157421e-01
-1.20184749e-01
-1.20210946e-01
-1.20236024e-01
-1.20259963e-01
-1.20282762e-01
-1.20304421e-01
-1.20324939e-01
-1.20344318e-01
-1.20362557e-01
-1.20379657e-01
-1.20395616e-01
-1.20410435e-01
-1.20424114e-01
-1.20436653e-01
-1.20448053e-01
-1.20458312e-01
-1.20467432e-01
-1.20475411e-01
-1.20482251e-01
-1.20487951e-01
-1.20492510e-01
-1.20495930e-01
-1.20498210e-01
-1.20499350e-01
-1.20499350e-01
-1.20498210e-01
-1.20495930e-01
-1.20492510e-01
-1.20487951e-01
-1.20482251e-01
-1.20475411e-01
-1.20467432e-01
-1.20458312e-01
-1.20448053e-01
-1.20436653e-01
-1.20424114e-01
-1.20410435e-01
-1.20395616e-01
-1.20379657e-01
-1.20362557e-01
-1.20344318e-01
-1.20324939e-01
-1.20304421e-01
-1.20282762e-01
-1.20259963e-01
-1.20236024e-01
-1.20210953e-01
-1.20184757e-01
-1.20157436e-01
-1.20128989e-01
-1.20099418e-01
-1.20068721e-01
-1.20036900e-01
-1.20003954e-01
-1.19969882e-01
-1.19934686e-01
-1.19898364e-01
-1.19860917e-01
-1.19822346e-01
-1.19782649e-01
-1.19741827e-01
-1.19699880e-01
-1.19656809e-01
-1.19612612e-01
-1.19567290e-01
-1.19520843e-01
-1.19473271e-01
-1.19424574e-01
-1.19374752e-01
-1.19323805e-01
-1.19271733e-01
-1.19218536e-01
-1.19164214e-01
-1.19108766e-01
-1.19052194e-01
-1.18994497e-01
-1.18935674e-01
-1.18875735e-01
-1.18814662e-01
-1.18752472e-01
-1.18689150e-01
-1.18624724e-01
-1.18559182e-01
-1.18492536e-01
-1.18424773e-01
-1.18355907e-01
-1.18285924e-01
-1.18214838e-01
-1.18142635e-01
-1.18069328e-01
-1.17994905e-01
-1.17919378e-01
-1.17842741e-01
-1.17764995e-01
-1.17686138e-01
-1.17606170e-01
-1.17525093e-01
-1.17442906e-01
-1.17359608e-01
-1.17275201e-01
-1.17189683e-01
-1.17103055e-01
-1.17015332e-01
-1.16926514e-01
-1.16836600e-01
-1.16745591e-01
-1.16653487e-01
-1.16560295e-01
-1.16466001e-01
-1.16370618e-01
-1.16274133e-01
-1.16176561e-01
-1.16077885e-01
-1.15978122e-01
-1.15877256e-01
-1.15775302e-01
-1.15672246e-01
-1.15568101e-01
-1.15462862e-01
-1.15356550e-01
-1.15249150e-01
-1.15140676e-01
-1.15031123e-01
-1.14920489e-01
-1.14808775e-01
-1.14695981e-01
-1.14582106e-01
-1.14467151e-01
-1.14351116e-01
-1.14234000e-01
-1.14115804e-01
-1.13996528e-01
-1.13876179e-01
-1.13754764e-01
-1.13632284e-01
-1.13508739e-01
-1.13384135e-01
-1.13258459e-01
-1.13131724e-01
-1.13003917e-01
-1.12875052e-01
-1.12745114e-01
-1.12614118e-01
-1.12482049e-01
-1.12348922e-01
-1.12214737e-01
-1.12079509e-01
-1.11943223e-01
-1.11805893e-01
-1.11667506e-01
-1.11528076e-01
-1.11387588e-01
-1.11246057e-01
-1.11103468e-01
-1.10959828e-01
-1.10815138e-01
-1.10669412e-01
-1.10522650e-01
-1.10374853e-01
-1.10226020e-01
-1.10076152e-01
-1.09925248e-01
-1.09773308e-01
-1.09620340e-01
-1.09466329e-01
-1.09311290e-01
-1.09155208e-01
-1.08998112e-01
-1.08839989e-01
-1.08680852e-01
-1.08520687e-01
-1.08359501e-01
-1.08197294e-01
-1.08034067e-01
-1.07869819e-01
-1.07704550e-01
-1.07538268e-01
-1.07370988e-01
-1.07202694e-01
-1.07033402e-01
-1.06863096e-01
-1.06691793e-01
-1.06519476e-01
-1.06346160e-01
-1.06171831e-01
-1.05996504e-01
-1.05820179e-01
-1.05642870e-01
-1.05464563e-01
-1.05285272e-01
-1.05104983e-01
-1.04923710e-01
-1.04741439e-01
-1.04558185e-01
-1.04373939e-01
-1.04188718e-01
-1.04002520e-01
-1.03815347e-01
-1.03627205e-01
-1.03438079e-01
-1.03247985e-01
-1.03056908e-01
-1.02864861e-01
-1.02671847e-01
-1.02477878e-01
-1.02282941e-01
-1.02087051e-01
-1.01890191e-01
-1.01692371e-01
-1.01493590e-01
-1.01293847e-01
-1.01093158e-01
-1.00891523e-01
-1.00688949e-01
-1.00485422e-01
-1.00280955e-01
-1.00075535e-01
-9.98691767e-02
-9.96618643e-02
-9.94536281e-02
-9.92444530e-02
-9.90343541e-02
-9.88233164e-02
-9.86113548e-02
-9.83984545e-02
-9.81846228e-02
-9.79698747e-02
-9.77542102e-02
-9.75376293e-02
-9.73201320e-02
-9.71017256e-02
-9.68823954e-02
-9.66621563e-02
-9.64409932e-02
-9.62189361e-02
-9.59959701e-02
-9.57721099e-02
-9.55473408e-02
-9.53216702e-02
-9.50950980e-02
-9.48676243e-02
-9.46392640e-02
-9.44100171e-02
-9.41798910e-02
-9.39488709e-02
-9.37169716e-02
-9.34841782e-02
-9.32505056e-02
-9.30159539e-02
-9.27805379e-02
-9.25442427e-02
-9.23070833e-02
-9.20690522e-02
-9.18301567e-02
-9.15903971e-02
-9.13497806e-02
-9.11082998e-02
-9.08659697e-02
-9.06227753e-02
-9.03787315e-02
-9.01338235e-02
-8.98880810e-02
-8.96414891e-02
-8.93940628e-02
-8.91457945e-02
-8.88966843e-02
-8.86467323e-02
-8.83959532e-02
-8.81443471e-02
-8.78919140e-02
-8.76386538e-02
-8.73845592e-02
-8.71296450e-02
-8.68739039e-02
-8.66173580e-02
-8.63600001e-02
-8.61018300e-02
-8.58428478e-02
-8.55830535e-02
-8.53224471e-02
-8.50610435e-02
-8.47988427e-02
-8.45358446e-02
-8.42720494e-02
-8.40074494e-02
-8.37420598e-02
-8.34758878e-02
-8.32089335e-02
-8.29411969e-02
-8.26726779e-02
-8.24033767e-02
-8.21333006e-02
-8.18624571e-02
-8.15908387e-02
-8.13184604e-02
-8.10453072e-02
-8.07713941e-02
-8.04967135e-02
-8.02212879e-02
-7.99451023e-02
-7.96681717e-02
-7.93904886e-02
-7.91120529e-02
-7.88328797e-02
-7.85529688e-02
-7.82723129e-02
-7.79909268e-02
-7.77087957e-02
-7.74259344e-02
-7.71423429e-02
-7.68580362e-02
-7.65729994e-02
-7.62872472e-02
-7.60007724e-02
-7.57135898e-02
-7.54256919e-02
-7.51370937e-02
-7.48477802e-02
-7.45577663e-02
-7.42670372e-02
-7.39756227e-02
-7.36835077e-02
-7.33907074e-02
-7.30972067e-02
-7.28030205e-02
-7.25081563e-02
-7.22126067e-02
-7.19163865e-02
-7.16194808e-02
-7.13219047e-02
-7.10236430e-02
-7.07247257e-02
-7.04251453e-02
-7.01249018e-02
-6.98239952e-02
-6.95224255e-02
-6.92202076e-02
-6.89173415e-02
-6.86138272e-02
-6.83096573e-02
-6.80048466e-02
-6.76993951e-02
-6.73933178e-02
-6.70866072e-02
-6.67792633e-02
-6.64712861e-02
-6.61626905e-02
-6.58534691e-02
-6.55436367e-02
-6.52331784e-02
-6.49221092e-02
-6.46104217e-02
-6.42981380e-02
-6.39852434e-02
-6.36717528e-02
-6.33576587e-02
-6.30429611e-02
-6.27276748e-02
-6.24118000e-02
-6.20953366e-02
-6.17782883e-02
-6.14606552e-02
-6.11424483e-02
-6.08236603e-02
-6.05043024e-02
-6.01843707e-02
-5.98638766e-02
-5.95428199e-02
-5.92212006e-02
-5.88990264e-02
-5.85762970e-02
-5.82530200e-02
-5.79291955e-02
-5.76048233e-02
-5.72799109e-02
-5.69544621e-02
-5.66284768e-02
-5.63019589e-02
-5.59749082e-02
-5.56473322e-02
-5.53192310e-02
-5.49906120e-02
-5.46614751e-02
-5.43318279e-02
-5.40016666e-02
-5.36709949e-02
-5.33398204e-02
-5.30081466e-02
-5.26759736e-02
-5.23433052e-02
-5.20101413e-02
-5.16764894e-02
-5.13423495e-02
-5.10077290e-02
-5.06726280e-02
-5.03370538e-02
-5.00010066e-02
-4.96644825e-02
-4.93274964e-02
-4.89900485e-02
-4.86521386e-02
-4.83137667e-02
-4.79749441e-02
-4.76356670e-02
-4.72959392e-02
-4.69557680e-02
-4.66151573e-02
-4.62741069e-02
-4.59326208e-02
-4.55907062e-02
-4.52483594e-02
-4.49055880e-02
-4.45623919e-02
-4.42187823e-02
-4.38747518e-02
-4.35303114e-02
-4.31854576e-02
-4.28402014e-02
-4.24945392e-02
-4.21484783e-02
-4.18020189e-02
-4.14551683e-02
-4.11079265e-02
-4.07603011e-02
-4.04122919e-02
-4.00639027e-02
-3.97151336e-02
-3.93659882e-02
-3.90164740e-02
-3.86665948e-02
-3.83163504e-02
-3.79657447e-02
-3.76147851e-02
-3.72634716e-02
-3.69118080e-02
-3.65597941e-02
-3.62074338e-02
-3.58547382e-02
-3.55016999e-02
-3.51483338e-02
-3.47946323e-02
-3.44406068e-02
-3.40862609e-02
-3.37315872e-02
-3.33766006e-02
-3.30212936e-02
-3.26656811e-02
-3.23097557e-02
-3.19535322e-02
-3.15970033e-02
-3.12401820e-02
-3.08830682e-02
-3.05256639e-02
-3.01679727e-02
-2.98099965e-02
-2.94517372e-02
-2.90932041e-02
-2.87343953e-02
-2.83753164e-02
-2.80159712e-02
-2.76563633e-02
-2.72964947e-02
-2.69363709e-02
-2.65759919e-02
-2.62153633e-02
-2.58544870e-02
-2.54933666e-02
-2.51320060e-02
-2.47704089e-02
-2.44085789e-02
-2.40465198e-02
-2.36842372e-02
-2.33217292e-02
-2.29590051e-02
-2.25960650e-02
-2.22329125e-02
-2.18695495e-02
-2.15059817e-02
-2.11422108e-02
-2.07782388e-02
-2.04140749e-02
-2.00497173e-02
-1.96851715e-02
-1.93204414e-02
-1.89555287e-02
-1.85904391e-02
-1.82251763e-02
-1.78597402e-02
-1.74941346e-02
-1.71283633e-02
-1.67624317e-02
-1.63963418e-02
-1.60300974e-02
-1.56637020e-02
-1.52971596e-02
-1.49304736e-02
-1.45636462e-02
-1.41966827e-02
-1.38295861e-02
-1.34623600e-02
-1.30950073e-02
-1.27275316e-02
-1.23599349e-02
-1.19922226e-02
-1.16243968e-02
-1.12564629e-02
-1.08884228e-02
-1.05202813e-02
-1.01520400e-02
-9.78370290e-03
-9.41527355e-03
-9.04675573e-03
-8.67815316e-03
-8.30946956e-03
-7.94070866e-03
-7.57187232e-03
-7.20296474e-03
-6.83398917e-03
-6.46494934e-03
-6.09584851e-03
-5.72669040e-03
-5.35747875e-03
-4.98821633e-03
-4.61890688e-03
-4.24955413e-03
-3.88016133e-03
-3.51073220e-03
-3.14127025e-03
-2.77177873e-03
-2.40226113e-03
-2.03272095e-03
-1.66316144e-03
-1.29358633e-03
-9.23998887e-04
-5.54402824e-04
-1.84801509e-04
1.84801509e-04
5.54402824e-04
