-3.85487732e-03
-1.27006974e-03
1.27006974e-03
3.85487732e-03
6.55355398e-03
9.38862748e-03
1.23383366e-02
1.53603805e-02
1.84164364e-02
2.14835554e-02
2.45524570e-02
2.76209787e-02
3.06890681e-02
3.37568521e-02
3.68243270e-02
3.98914590e-02
4.29582112e-02
4.60245572e-02
4.90904711e-02
5.21559194e-02
5.52208759e-02
5.82853146e-02
6.13492057e-02
6.44125193e-02
6.74752221e-02
7.05372989e-02
7.35987052e-02
7.66594261e-02
7.97194168e-02
8.27786550e-02
8.58371109e-02
8.88947546e-02
9.19515640e-02
9.50075090e-02
9.80625600e-02
1.01116680e-01
1.04169853e-01
1.07222043e-01
1.10273227e-01
1.13323368e-01
1.16372444e-01
1.19420424e-01
1.22467279e-01
1.25512972e-01
1.28557488e-01
1.31600812e-01
1.34642869e-01
1.37683675e-01
1.40723184e-01
1.43761367e-01
1.46798179e-01
1.49833634e-01
1.52867660e-01
1.55900240e-01
1.58931360e-01
1.61960974e-01
1.64989069e-01
1.68015614e-01
1.71040565e-01
1.74063906e-01
1.77085608e-01
1.80105641e-01
1.83123976e-01
1.86140582e-01
1.89155445e-01
1.92168519e-01
1.95179790e-01
1.98189214e-01
2.01196790e-01
2.04202443e-01
2.07206205e-01
2.10207984e-01
2.13207811e-01
2.16205612e-01
2.19201371e-01
2.22195074e-01
2.25186676e-01
2.28176162e-01
2.31163487e-01
2.34148636e-01
2.37131581e-01
2.40112305e-01
2.43090749e-01
2.46066913e-01
2.49040753e-01
2.52012253e-01
2.54981399e-01
2.57948101e-01
2.60912418e-01
2.63874233e-01
2.66833603e-01
2.69790441e-01
2.72744715e-01
2.75696427e-01
2.78645545e-01
2.81592041e-01
2.84535885e-01
2.87477046e-01
2.90415496e-01
2.93351233e-01
2.96284169e-01
2.99214363e-01
3.02141696e-01
3.05066198e-01
3.07987809e-01
3.10906559e-01
3.13822329e-01
3.16735178e-01
3.19645017e-01
3.22551876e-01
3.25455666e-01
3.28356415e-01
3.31254065e-01
3.34148586e-01
3.37039948e-01
3.39928150e-01
3.42813164e-01
3.45694929e-01
3.48573446e-01
3.51448655e-01
3.54320556e-01
3.57189149e-01
3.60054374e-01
3.62916172e-01
3.65774572e-01
3.68629515e-01
3.71481001e-01
3.74328971e-01
3.77173424e-01
3.80014330e-01
3.82851660e-01
3.85685354e-01
3.88515443e-01
3.91341835e-01
3.94164562e-01
3.96983594e-01
3.99798870e-01
4.02610391e-01
4.05418098e-01
4.08221990e-01
4.11022037e-01
4.13818210e-01
4.16610479e-01
4.19398844e-01
4.22183245e-01
4.24963713e-01
4.27740127e-01
4.30512518e-01
4.33280826e-01
4.36045080e-01
4.38805223e-01
4.41561222e-01
4.44313079e-01
4.47060734e-01
4.49804187e-01
4.52543408e-01
4.55278367e-01
4.58009034e-01
4.60735381e-01
4.63457376e-01
4.66175020e-01
4.68888283e-01
4.71597105e-01
4.74301487e-01
4.77001429e-01
4.79696840e-01
4.82387722e-01
4.85074073e-01
4.87755895e-01
4.90433067e-01
4.93105620e-01
4.95773554e-01
4.98436809e-01
5.01095355e-01
5.03749192e-01
5.06398320e-01
5.09042680e-01
5.11682212e-01
5.14316857e-01
5.16946733e-01
5.19571722e-01
5.22191823e-01
5.24806976e-01
5.27417183e-01
5.30022442e-01
5.32622755e-01
5.35218000e-01
5.37808180e-01
5.40393293e-01
5.42973340e-01
5.45548320e-01
5.48118114e-01
5.50682724e-01
5.53242147e-01
5.55796385e-01
5.58345437e-01
5.60889125e-01
5.63427567e-01
5.65960646e-01
5.68488479e-01
5.71010947e-01
5.73528051e-01
5.76039672e-01
5.78545868e-01
5.81046641e-01
5.83541989e-01
5.86031795e-01
5.88516057e-01
5.90994775e-01
5.93467951e-01
5.95935643e-01
5.98397613e-01
6.00853980e-01
6.03304625e-01
6.05749607e-01
6.08188927e-01
6.10622466e-01
6.13050282e-01
6.15472257e-01
6.17888510e-01
6.20298922e-01
6.22703552e-01
6.25102222e-01
6.27494991e-01
6.29881859e-01
6.32262826e-01
6.34637833e-01
6.37006819e-01
6.39369845e-01
6.41726792e-01
6.44077778e-01
6.46422684e-01
6.48761511e-01
6.51094139e-01
6.53420687e-01
6.55741036e-01
6.58055305e-01
6.60363317e-01
6.62665069e-01
6.64960623e-01
6.67249858e-01
6.69532895e-01
6.71809614e-01
6.74080014e-01
6.76343977e-01
6.78601623e-01
6.80852830e-01
6.83097661e-01
6.85336053e-01
6.87568009e-01
6.89793408e-01
6.92012370e-01
6.94224775e-01
6.96430743e-01
6.98630095e-01
7.00822830e-01
7.03008950e-01
7.05188453e-01
7.07361341e-01
7.09527612e-01
7.11687148e-01
7.13839948e-01
7.15986013e-01
7.18125343e-01
7.20257998e-01
7.22383797e-01
7.24502802e-01
7.26614952e-01
7.28720248e-01
7.30818689e-01
7.32910275e-01
7.34995008e-01
7.37072766e-01
7.39143550e-01
7.41207361e-01
7.43264198e-01
7.45314062e-01
7.47356892e-01
7.49392748e-01
7.51421452e-01
7.53443062e-01
7.55457580e-01
7.57465005e-01
7.59465337e-01
7.61458516e-01
7.63444483e-01
7.65423238e-01
7.67394781e-01
7.69359052e-01
7.71316171e-01
7.73266017e-01
7.75208592e-01
7.77143776e-01
7.79071689e-01
7.80992210e-01
7.82905400e-01
7.84811258e-01
7.86709726e-01
7.88600743e-01
7.90484309e-01
7.92360425e-01
7.94229090e-01
7.96090305e-01
7.97944009e-01
7.99790263e-01
8.01628888e-01
8.03459942e-01
8.05283427e-01
8.07099342e-01
8.08907688e-01
8.10708463e-01
8.12501550e-01
8.14286947e-01
8.16064656e-01
8.17834675e-01
8.19597006e-01
8.21351647e-01
8.23098600e-01
8.24837744e-01
8.26569140e-01
8.28292668e-01
8.30008447e-01
8.31716359e-01
8.33416462e-01
8.35108757e-01
8.36793184e-01
8.38469684e-01
8.40138257e-01
8.41798902e-01
8.43451679e-01
8.45096469e-01
8.46733391e-01
8.48362267e-01
8.49983215e-01
8.51596057e-01
8.53200912e-01
8.54797661e-01
8.56386423e-01
8.57967138e-01
8.59539747e-01
8.61104310e-01
8.62660766e-01
8.64209056e-01
8.65749180e-01
8.67281079e-01
8.68804872e-01
8.70320439e-01
8.71827900e-01
8.73327136e-01
8.74818146e-01
8.76300871e-01
8.77775371e-01
8.79241526e-01
8.80699456e-01
8.82149041e-01
8.83590341e-01
8.85023355e-01
8.86448026e-01
8.87864351e-01
8.89272273e-01
8.90671790e-01
8.92062902e-01
8.93445671e-01
8.94819975e-01
8.96185935e-01
8.97543371e-01
8.98892462e-01
9.00233030e-01
9.01565135e-01
9.02888656e-01
9.04203713e-01
9.05510187e-01
9.06808197e-01
9.08097625e-01
9.09378529e-01
9.10650909e-01
9.11914706e-01
9.13169920e-01
9.14416492e-01
9.15654421e-01
9.16883707e-01
9.18104351e-01
9.19316351e-01
9.20519710e-01
9.21714485e-01
9.22900498e-01
9.24077868e-01
9.25246537e-01
9.26406443e-01
9.27557647e-01
9.28700030e-01
9.29833710e-01
9.30958569e-01
9.32074726e-01
9.33182061e-01
9.34280634e-01
9.35370445e-01
9.36451435e-01
9.37523603e-01
9.38586891e-01
9.39641356e-01
9.40686941e-01
9.41723645e-01
9.42751467e-01
9.43770468e-01
9.44780529e-01
9.45781767e-01
9.46774065e-01
9.47757483e-01
9.48731959e-01
9.49697495e-01
9.50654030e-01
9.51601684e-01
9.52540278e-01
9.53469932e-01
9.54390526e-01
9.55302179e-01
9.56204832e-01
9.57098484e-01
9.57983136e-01
9.58858788e-01
9.59725440e-01
9.60582972e-01
9.61431503e-01
9.62270975e-01
9.63101387e-01
9.63922679e-01
9.64734912e-01
9.65538085e-01
9.66332138e-01
9.67117012e-01
9.67892826e-01
9.68659461e-01
9.69417036e-01
9.70165431e-01
9.70904768e-01
9.71634924e-01
9.72355902e-01
9.73067760e-01
9.73770440e-01
9.74463999e-01
9.75148320e-01
9.75823462e-01
9.76489425e-01
9.77146149e-01
9.77793694e-01
9.78432000e-01
9.79061127e-01
9.79680955e-01
9.80291605e-01
9.80892956e-01
9.81485128e-01
9.82068002e-01
9.82641637e-01
9.83206034e-01
9.83761191e-01
9.84307051e-01
9.84843671e-01
9.85370994e-01
9.85889077e-01
9.86397803e-01
9.86897290e-01
9.87387478e-01
9.87868309e-01
9.88339901e-01
9.88802135e-01
9.89255071e-01
9.89698648e-01
9.90132928e-01
9.90557909e-01
9.90973532e-01
9.91379797e-01
9.91776764e-01
9.92164314e-01
9.92542565e-01
9.92911398e-01
9.93270934e-01
9.93621051e-01
9.93961871e-01
9.94293272e-01
9.94615376e-01
9.94928062e-01
9.95231450e-01
9.95525420e-01
9.95810032e-01
9.96085227e-01
9.96351063e-01
9.96607482e-01
9.96854544e-01
9.97092187e-01
9.97320473e-01
9.97539282e-01
9.97748792e-01
9.97948825e-01
9.98139501e-01
9.98320758e-01
9.98492599e-01
9.98655081e-01
9.98808086e-01
9.98951733e-01
9.99085963e-01
9.99210775e-01
9.99326169e-01
9.99432087e-01
9.99528646e-01
9.99615788e-01
9.99693573e-01
9.99761879e-01
9.99820769e-01
9.99870181e-01
9.99910235e-01
9.99940813e-01
9.99962032e-01
9.99973774e-01
9.99976158e-01
9.99969125e-01
9.99952614e-01
9.99926686e-01
9.99891341e-01
9.99846637e-01
9.99792457e-01
9.99728918e-01
9.99655843e-01
9.99573410e-01
9.99481499e-01
9.99380291e-01
9.99269605e-01
9.99149561e-01
9.99020040e-01
9.98881102e-01
9.98732746e-01
9.98575032e-01
9.98407841e-01
9.98231292e-01
9.98045325e-01
9.97850001e-01
9.97645199e-01
9.97431040e-01
9.97207522e-01
9.96974528e-01
9.96732175e-01
9.96480465e-01
9.96219277e-01
9.95948792e-01
9.95668888e-01
9.95379627e-01
9.95080948e-01
9.94772911e-01
9.94455516e-01
9.94128764e-01
9.93792653e-01
9.93447185e-01
9.93092358e-01
9.92728174e-01
9.92354631e-01
9.91971731e-01
9.91579473e-01
9.91177857e-01
9.90766883e-01
9.90346611e-01
9.89916980e-01
9.89478052e-01
9.89029765e-01
9.88572180e-01
9.88105297e-01
9.87629056e-01
9.87143517e-01
9.86648738e-01
9.86144602e-01
9.85631168e-01
9.85108495e-01
9.84576523e-01
9.84035254e-01
9.83484745e-01
9.82924938e-01
9.82355893e-01
9.81777608e-01
9.81190085e-01
9.80593324e-01
9.79987323e-01
9.79372144e-01
9.78747666e-01
9.78114009e-01
9.77471054e-01
9.76818919e-01
9.76157606e-01
9.75487053e-01
9.74807322e-01
9.74118352e-01
9.73420262e-01
9.72712994e-01
9.71996546e-01
9.71270978e-01
9.70536232e-01
9.69792366e-01
9.69039381e-01
9.68277276e-01
9.67506051e-01
9.66725707e-01
9.65936244e-01
9.65137661e-01
9.64329958e-01
9.63513196e-01
9.62687314e-01
9.61852372e-01
9.61008370e-01
9.60155368e-01
9.59293246e-01
9.58422124e-01
9.57542002e-01
9.56652880e-01
9.55754757e-01
9.54847574e-01
9.53931451e-01
9.53006268e-01
9.52072144e-01
9.51128960e-01
9.50176895e-01
9.49215829e-01
9.48245823e-01
9.47266877e-01
9.46279049e-01
9.45282280e-01
9.44276690e-01
9.43262160e-01
9.42238808e-01
9.41206515e-01
9.40165341e-01
9.39115286e-01
9.38056350e-01
9.36988592e-01
9.35912013e-01
9.34826612e-01
9.33732450e-01
9.32629466e-01
9.31517720e-01
9.30397213e-01
9.29267943e-01
9.28129911e-01
9.26983118e-01
9.25827563e-01
9.24663305e-01
9.23490286e-01
9.22308624e-01
9.21118200e-01
9.19919193e-01
9.18711483e-01
9.17495191e-01
9.16270196e-01
9.15036559e-01
9.13794279e-01
9.12543416e-01
9.11283910e-01
9.10015821e-01
9.08739150e-01
9.07453954e-01
9.06160235e-01
9.04857993e-01
9.03547227e-01
9.02227938e-01
9.00900126e-01
8.99563849e-01
8.98218989e-01
8.96865726e-01
8.95503998e-01
8.94133925e-01
8.92755389e-01
8.91368508e-01
8.89973164e-01
8.88569415e-01
8.87157261e-01
8.85736763e-01
8.84307861e-01
8.82870674e-01
8.81425202e-01
8.79971445e-01
8.78509462e-01
8.77039135e-01
8.75560582e-01
8.74073684e-01
8.72578561e-01
8.71075213e-01
8.69563639e-01
8.68043959e-01
8.66516113e-01
8.64980102e-01
8.63435924e-01
8.61883581e-01
8.60323071e-01
8.58754456e-01
8.57177794e-01
8.55593085e-01
8.54000330e-01
8.52399528e-01
8.50790679e-01
8.49173784e-01
8.47548842e-01
8.45915973e-01
8.44275117e-01
8.42626393e-01
8.40969682e-01
8.39305043e-01
8.37632477e-01
8.35951984e-01
8.34263623e-01
8.32567394e-01
8.30863357e-01
8.29151511e-01
8.27431858e-01
8.25704396e-01
8.23969185e-01
8.22226107e-01
8.20475340e-01
8.18716824e-01
8.16950679e-01
8.15176785e-01
8.13395262e-01
8.11605990e-01
8.09809029e-01
8.08004498e-01
8.06192338e-01
8.04372609e-01
8.02545369e-01
8.00710499e-01
7.98868120e-01
7.97018111e-01
7.95160651e-01
7.93295681e-01
7.91423321e-01
7.89543450e-01
7.87656188e-01
7.85761416e-01
7.83859253e-01
7.81949699e-01
7.80032814e-01
7.78108597e-01
7.76177049e-01
7.74238169e-01
7.72292018e-01
7.70338476e-01
7.68377781e-01
7.66409814e-01
7.64434695e-01
7.62452364e-01
7.60462821e-01
7.58466065e-01
7.56462157e-01
7.54451215e-01
7.52433121e-01
7.50407994e-01
7.48375714e-01
7.46336401e-01
7.44289994e-01
7.42236674e-01
7.40176320e-01
7.38109052e-01
7.36034751e-01
7.33953536e-01
7.31865406e-01
7.29770362e-01
7.27668524e-01
7.25559771e-01
7.23444223e-01
7.21321762e-01
7.19192564e-01
7.17056572e-01
7.14913905e-01
7.12764442e-01
7.10608244e-01
7.08445311e-01
7.06275761e-01
7.04099536e-01
7.01916754e-01
6.99727297e-01
6.97531283e-01
6.95328593e-01
6.93119407e-01
6.90903723e-01
6.88681543e-01
6.86452866e-01
6.84217691e-01
6.81976020e-01
6.79727972e-01
6.77473545e-01
6.75212741e-01
6.72945559e-01
6.70672059e-01
6.68392181e-01
6.66106105e-01
6.63813710e-01
6.61515057e-01
6.59210145e-01
6.56898975e-01
6.54581666e-01
6.52258217e-01
6.49928629e-01
6.47592902e-01
6.45251036e-01
6.42903090e-01
6.40549123e-01
6.38189137e-01
6.35823131e-01
6.33451104e-01
6.31073058e-01
6.28689110e-01
6.26299322e-01
6.23903573e-01
6.21501982e-01
6.19094431e-01
6.16681099e-01
6.14261985e-01
6.11837089e-01
6.09406412e-01
6.06969953e-01
6.04527771e-01
6.02079988e-01
5.99626482e-01
5.97167373e-01
5.94702542e-01
5.92232168e-01
5.89756191e-01
5.87274730e-01
5.84787667e-01
5.82295060e-01
5.79796970e-01
5.77293456e-01
5.74784517e-01
5.72270155e-01
5.69750428e-01
5.67225218e-01
5.64694762e-01
5.62159002e-01
5.59617937e-01
5.57071567e-01
5.54519951e-01
5.51963151e-01
5.49401104e-01
5.46833932e-01
5.44261515e-01
5.41684031e-01
5.39101422e-01
5.36513805e-01
5.33921063e-01
5.31323254e-01
5.28720438e-01
5.26112676e-01
5.23500025e-01
5.20882368e-01
5.18259823e-01
5.15632391e-01
5.13000131e-01
5.10363042e-01
5.07721126e-01
5.05074382e-01
5.02422869e-01
4.99766678e-01
4.97105777e-01
4.94440198e-01
4.91769940e-01
4.89095062e-01
4.86415565e-01
4.83731478e-01
4.81042862e-01
4.78349686e-01
4.75652039e-01
4.72949862e-01
4.70243275e-01
4.67532218e-01
4.64816779e-01
4.62096959e-01
4.59372759e-01
4.56644267e-01
4.53911453e-01
4.51174349e-01
4.48433012e-01
4.45687443e-01
4.42937702e-01
4.40183759e-01
4.37425703e-01
4.34663475e-01
4.31897193e-01
4.29126829e-01
4.26352412e-01
4.23574001e-01
4.20791566e-01
4.18005198e-01
4.15214866e-01
4.12420660e-01
4.09622520e-01
4.06820565e-01
4.04014736e-01
4.01205122e-01
3.98391724e-01
3.95574570e-01
3.92753720e-01
3.89929146e-01
3.87100905e-01
3.84268969e-01
3.81433457e-01
3.78594339e-01
3.75751674e-01
3.72905463e-01
3.70055705e-01
3.67202491e-01
3.64345819e-01
3.61485720e-01
3.58622193e-01
3.55755299e-01
3.52885038e-01
3.50011468e-01
3.47134590e-01
3.44254464e-01
3.41371089e-01
3.38484496e-01
3.35594684e-01
3.32701743e-01
3.29805672e-01
3.26906472e-01
3.24004203e-01
3.21098864e-01
3.18190515e-01
3.15279156e-01
3.12364846e-01
3.09447587e-01
3.06527406e-01
3.03604335e-01
3.00678432e-01
2.97749668e-01
2.94818103e-01
2.91883767e-01
2.88946658e-01
2.86006838e-01
2.83064336e-01
2.80119151e-01
2.77171314e-01
2.74220884e-01
2.71267891e-01
2.68312335e-01
2.65354246e-01
2.62393653e-01
2.59430587e-01
2.56465077e-01
2.53497154e-01
2.50526845e-01
2.47554153e-01
2.44579166e-01
2.41601840e-01
2.38622263e-01
2.35640422e-01
2.32656360e-01
2.29670107e-01
2.26681694e-01
2.23691151e-01
2.20698491e-01
2.17703760e-01
2.14706972e-01
2.11708158e-01
2.08707362e-01
2.05704600e-01
2.02699900e-01
1.99693292e-01
1.96684793e-01
1.93674445e-01
1.90662265e-01
1.87648281e-01
1.84632540e-01
1.81615055e-01
1.78595871e-01
1.75574988e-01
1.72552451e-01
1.69528291e-01
1.66502535e-01
1.63475215e-01
1.60446361e-01
1.57415986e-01
1.54384136e-01
1.51350826e-01
1.48316085e-01
1.45279959e-01
1.42242461e-01
1.39203623e-01
1.36163473e-01
1.33122042e-01
1.30079359e-01
1.27035439e-01
1.23990320e-01
1.20944038e-01
1.17896609e-01
1.14848077e-01
1.11798458e-01
1.08747795e-01
1.05696104e-01
1.02643423e-01
9.95897651e-02
9.65351760e-02
9.34796780e-02
9.04233009e-02
8.73660669e-02
8.43080133e-02
8.12491551e-02
7.81895369e-02
7.51291737e-02
7.20681101e-02
6.90063611e-02
6.59439713e-02
6.28809631e-02
5.98173589e-02
5.67531921e-02
5.36884926e-02
5.06232828e-02
4.75575998e-02
4.44914661e-02
4.14249115e-02
3.83579656e-02
3.52906585e-02
3.22230235e-02
2.91550830e-02
2.60868687e-02
2.30184086e-02
1.99497305e-02
1.68808624e-02
1.38118379e-02
1.07426820e-02
7.67342513e-03
4.60409606e-03
1.53472333e-03
-1.53466372e-03
-4.60403645e-03
-7.67336553e-03
-1.07426224e-02
-1.38117783e-02
-1.68808028e-02
-1.99496709e-02
-2.30183490e-02
-2.60868091e-02
-2.91550234e-02
-3.22229639e-02
-3.52905989e-02
-3.83579060e-02
-4.14248519e-02
-4.44914065e-02
-4.75575402e-02
-5.06232232e-02
-5.36884330e-02
-5.67531325e-02
-5.98172992e-02
-6.28809035e-02
-6.59439117e-02
-6.90063015e-02
-7.20680505e-02
-7.51291141e-02
-7.81894773e-02
-8.12490955e-02
-8.43079537e-02
-8.73660073e-02
-9.04232413e-02
-9.34796184e-02
-9.65351164e-02
-9.95897055e-02
-1.02643363e-01
-1.05696045e-01
-1.08747736e-01
-1.11798398e-01
-1.14848018e-01
-1.17896549e-01
-1.20943978e-01
-1.23990260e-01
-1.27035379e-01
-1.30079299e-01
-1.33121982e-01
-1.36163414e-01
-1.39203563e-01
-1.42242402e-01
-1.45279899e-01
-1.48316026e-01
-1.51350766e-01
-1.54384077e-01
-1.57415926e-01
-1.60446301e-01
-1.63475156e-01
-1.66502476e-01
-1.69528231e-01
-1.72552392e-01
-1.75574929e-01
-1.78595811e-01
-1.81614995e-01
-1.84632480e-01
-1.87648222e-01
-1.90662205e-01
-1.93674386e-01
-1.96684733e-01
-1.99693233e-01
-2.02699840e-01
-2.05704540e-01
-2.08707303e-01
-2.11708099e-01
-2.14706913e-01
-2.17703700e-01
-2.20698431e-01
-2.23691091e-01
-2.26681635e-01
-2.29670048e-01
-2.32656300e-01
-2.35640362e-01
-2.38622203e-01
-2.41601795e-01
-2.44579107e-01
-2.47554094e-01
-2.50526786e-01
-2.53497094e-01
-2.56465018e-01
-2.59430528e-01
-2.62393594e-01
-2.65354186e-01
-2.68312275e-01
-2.71267831e-01
-2.74220824e-01
-2.77171254e-01
-2.80119091e-01
-2.83064276e-01
-2.86006778e-01
-2.88946599e-01
-2.91883707e-01
-2.94818044e-01
-2.97749609e-01
-3.00678372e-01
-3.03604275e-01
-3.06527346e-01
-3.09447527e-01
-3.12364787e-01
-3.15279096e-01
-3.18190455e-01
-3.21098804e-01
-3.24004143e-01
-3.26906413e-01
-3.29805613e-01
-3.32701683e-01
-3.35594624e-01
-3.38484436e-01
-3.41371030e-01
-3.44254404e-01
-3.47134531e-01
-3.50011408e-01
-3.52884978e-01
-3.55755240e-01
-3.58622134e-01
-3.61485660e-01
-3.64345789e-01
-3.67202461e-01
-3.70055676e-01
-3.72905374e-01
-3.75751615e-01
-3.78594279e-01
-3.81433398e-01
-3.84268910e-01
-3.87100846e-01
-3.89929086e-01
-3.92753661e-01
-3.95574510e-01
-3.98391664e-01
-4.01205063e-01
-4.04014677e-01
-4.06820506e-01
-4.09622490e-01
-4.12420601e-01
-4.15214837e-01
-4.18005168e-01
-4.20791537e-01
-4.23573941e-01
-4.26352352e-01
-4.29126769e-01
-4.31897163e-01
-4.34663445e-01
-4.37425673e-01
-4.40183729e-01
-4.42937672e-01
-4.45687413e-01
-4.48432982e-01
-4.51174319e-01
-4.53911394e-01
-4.56644207e-01
-4.59372699e-01
-4.62096900e-01
-4.64816719e-01
-4.67532158e-01
-4.70243216e-01
-4.72949833e-01
-4.75651979e-01
-4.78349656e-01
-4.81042832e-01
-4.83731449e-01
-4.86415505e-01
-4.89095032e-01
-4.91769910e-01
-4.94440138e-01
-4.97105718e-01
-4.99766618e-01
-5.02422810e-01
-5.05074322e-01
-5.07721066e-01
-5.10362983e-01
-5.13000071e-01
-5.15632331e-01
-5.18259764e-01
-5.20882308e-01
-5.23499966e-01
-5.26112616e-01
-5.28720379e-01
-5.31323195e-01
-5.33921003e-01
-5.36513746e-01
-5.39101362e-01
-5.41683972e-01
-5.44261456e-01
-5.46833873e-01
-5.49401045e-01
-5.51963091e-01
-5.54519892e-01
-5.57071507e-01
-5.59617877e-01
-5.62158942e-01
-5.64694703e-01
-5.67225158e-01
-5.69750369e-01
-5.72270095e-01
-5.74784458e-01
-5.77293396e-01
-5.79796910e-01
-5.82295001e-01
-5.84787607e-01
-5.87274671e-01
-5.89756191e-01
-5.92232108e-01
-5.94702542e-01
-5.97167313e-01
-5.99626482e-01
-6.02079928e-01
-6.04527771e-01
-6.06969953e-01
-6.09406412e-01
-6.11837089e-01
-6.14261985e-01
-6.16681039e-01
-6.19094372e-01
-6.21501863e-01
-6.23903513e-01
-6.26299202e-01
-6.28689051e-01
-6.31072998e-01
-6.33451045e-01
-6.35823071e-01
-6.38189077e-01
-6.40549064e-01
-6.42903030e-01
-6.45250976e-01
-6.47592843e-01
-6.49928570e-01
-6.52258158e-01
-6.54581606e-01
-6.56898916e-01
-6.59210086e-01
-6.61514997e-01
-6.63813651e-01
-6.66106045e-01
-6.68392181e-01
-6.70672059e-01
-6.72945559e-01
-6.75212741e-01
-6.77473545e-01
-6.79727972e-01
-6.81976020e-01
-6.84217691e-01
-6.86452866e-01
-6.88681543e-01
-6.90903723e-01
-6.93119407e-01
-6.95328593e-01
-6.97531223e-01
-6.99727297e-01
-7.01916695e-01
-7.04099536e-01
-7.06275702e-01
-7.08445311e-01
-7.10608184e-01
-7.12764382e-01
-7.14913845e-01
-7.17056513e-01
-7.19192505e-01
-7.21321702e-01
-7.23444164e-01
-7.25559711e-01
-7.27668464e-01
-7.29770303e-01
-7.31865346e-01
-7.33953476e-01
-7.36034751e-01
-7.38108993e-01
-7.40176320e-01
-7.42236614e-01
-7.44289994e-01
-7.46336341e-01
-7.48375714e-01
-7.50407934e-01
-7.52433121e-01
-7.54451156e-01
-7.56462157e-01
-7.58466065e-01
-7.60462821e-01
-7.62452364e-01
-7.64434695e-01
-7.66409814e-01
-7.68377781e-01
-7.70338476e-01
-7.72292018e-01
-7.74238169e-01
-7.76177049e-01
-7.78108597e-01
-7.80032814e-01
-7.81949699e-01
-7.83859253e-01
-7.85761416e-01
-7.87656128e-01
-7.89543450e-01
-7.91423261e-01
-7.93295681e-01
-7.95160592e-01
-7.97018111e-01
-7.98868060e-01
-8.00710499e-01
-8.02545309e-01
-8.04372609e-01
-8.06192279e-01
-8.08004439e-01
-8.09809029e-01
-8.11605930e-01
-8.13395202e-01
-8.15176785e-01
-8.16950619e-01
-8.18716824e-01
-8.20475280e-01
-8.22226107e-01
-8.23969126e-01
-8.25704396e-01
-8.27431798e-01
-8.29151452e-01
-8.30863297e-01
-8.32567334e-01
-8.34263563e-01
-8.35951924e-01
-8.37632418e-01
-8.39304984e-01
-8.40969622e-01
-8.42626333e-01
-8.44275117e-01
-8.45915914e-01
-8.47548842e-01
-8.49173725e-01
-8.50790679e-01
-8.52399528e-01
-8.54000330e-01
-8.55593085e-01
-8.57177794e-01
-8.58754456e-01
-8.60323071e-01
-8.61883521e-01
-8.63435864e-01
-8.64980042e-01
-8.66516054e-01
-8.68043900e-01
-8.69563639e-01
-8.71075153e-01
-8.72578502e-01
-8.74073625e-01
-8.75560522e-01
-8.77039075e-01
-8.78509402e-01
-8.79971445e-01
-8.81425202e-01
-8.82870674e-01
-8.84307861e-01
-8.85736704e-01
-8.87157202e-01
-8.88569355e-01
-8.89973104e-01
-8.91368449e-01
-8.92755389e-01
-8.94133925e-01
-8.95504057e-01
-8.96865726e-01
-8.98219049e-01
-8.99563789e-01
-9.00900126e-01
-9.02227938e-01
-9.03547227e-01
-9.04857993e-01
-9.06160235e-01
-9.07453954e-01
-9.08739150e-01
-9.10015821e-01
-9.11283910e-01
-9.12543356e-01
-9.13794279e-01
-9.15036559e-01
-9.16270196e-01
-9.17495131e-01
-9.18711483e-01
-9.19919133e-01
-9.21118200e-01
-9.22308564e-01
-9.23490286e-01
-9.24663246e-01
-9.25827563e-01
-9.26983058e-01
-9.28129852e-01
-9.29267883e-01
-9.30397153e-01
-9.31517661e-01
-9.32629406e-01
-9.33732390e-01
-9.34826612e-01
-9.35912013e-01
-9.36988592e-01
-9.38056350e-01
-9.39115226e-01
-9.40165281e-01
-9.41206455e-01
-9.42238748e-01
-9.43262160e-01
-9.44276690e-01
-9.45282280e-01
-9.46279049e-01
-9.47266877e-01
-9.48245823e-01
-9.49215770e-01
-9.50176835e-01
-9.51128960e-01
-9.52072084e-01
-9.53006268e-01
-9.53931391e-01
-9.54847574e-01
-9.55754697e-01
-9.56652880e-01
-9.57542002e-01
-9.58422124e-01
-9.59293246e-01
-9.60155308e-01
-9.61008370e-01
-9.61852372e-01
-9.62687314e-01
-9.63513196e-01
-9.64329958e-01
-9.65137661e-01
-9.65936244e-01
-9.66725707e-01
-9.67506051e-01
-9.68277276e-01
-9.69039381e-01
-9.69792366e-01
-9.70536232e-01
-9.71270978e-01
-9.71996546e-01
-9.72712994e-01
-9.73420203e-01
-9.74118352e-01
-9.74807262e-01
-9.75487053e-01
-9.76157546e-01
-9.76818919e-01
-9.77471054e-01
-9.78114009e-01
-9.78747666e-01
-9.79372144e-01
-9.79987323e-01
-9.80593324e-01
-9.81190085e-01
-9.81777608e-01
-9.82355893e-01
-9.82924938e-01
-9.83484745e-01
-9.84035254e-01
-9.84576523e-01
-9.85108495e-01
-9.85631168e-01
-9.86144602e-01
-9.86648738e-01
-9.87143517e-01
-9.87629056e-01
-9.88105237e-01
-9.88572180e-01
-9.89029765e-01
-9.89478052e-01
-9.89916980e-01
-9.90346611e-01
-9.90766883e-01
-9.91177857e-01
-9.91579473e-01
-9.91971731e-01
-9.92354631e-01
-9.92728174e-01
-9.93092358e-01
-9.93447185e-01
-9.93792653e-01
-9.94128764e-01
-9.94455516e-01
-9.94772911e-01
-9.95080948e-01
-9.95379567e-01
-9.95668888e-01
-9.95948792e-01
-9.96219277e-01
-9.96480405e-01
-9.96732175e-01
-9.96974528e-01
-9.97207463e-01
-9.97431040e-01
-9.97645199e-01
-9.97850001e-01
-9.98045325e-01
-9.98231292e-01
-9.98407841e-01
-9.98575032e-01
-9.98732805e-01
-9.98881102e-01
-9.99020040e-01
-9.99149501e-01
-9.99269605e-01
-9.99380291e-01
-9.99481559e-01
-9.99573410e-01
-9.99655783e-01
-9.99728858e-01
-9.99792457e-01
-9.99846637e-01
-9.99891341e-01
-9.99926686e-01
-9.99952614e-01
-9.99969125e-01
-9.99976158e-01
-9.99973774e-01
-9.99962032e-01
-9.99940813e-01
-9.99910235e-01
-9.99870181e-01
-9.99820769e-01
-9.99761879e-01
-9.99693573e-01
-9.99615788e-01
-9.99528646e-01
-9.99432087e-01
-9.99326169e-01
-9.99210775e-01
-9.99085963e-01
-9.98951733e-01
-9.98808146e-01
-9.98655081e-01
-9.98492658e-01
-9.98320758e-01
-9.98139501e-01
-9.97948825e-01
-9.97748792e-01
-9.97539282e-01
-9.97320473e-01
-9.97092187e-01
-9.96854544e-01
-9.96607482e-01
-9.96351063e-01
-9.96085227e-01
-9.95810032e-01
-9.95525420e-01
-9.95231450e-01
-9.94928122e-01
-9.94615376e-01
-9.94293332e-01
-9.93961871e-01
-9.93621111e-01
-9.93270934e-01
-9.92911458e-01
-9.92542565e-01
-9.92164373e-01
-9.91776764e-01
-9.91379797e-01
-9.90973532e-01
-9.90557909e-01
-9.90132987e-01
-9.89698708e-01
-9.89255071e-01
-9.88802135e-01
-9.88339901e-01
-9.87868309e-01
-9.87387478e-01
-9.86897290e-01
-9.86397803e-01
-9.85889077e-01
-9.85370994e-01
-9.84843671e-01
-9.84307051e-01
-9.83761191e-01
-9.83206034e-01
-9.82641637e-01
-9.82068002e-01
-9.81485128e-01
-9.80893016e-01
-9.80291605e-01
-9.79681015e-01
-9.79061127e-01
-9.78432059e-01
-9.77793694e-01
-9.77146149e-01
-9.76489425e-01
-9.75823462e-01
-9.75148380e-01
-9.74463999e-01
-9.73770499e-01
-9.73067760e-01
-9.72355962e-01
-9.71634924e-01
-9.70904768e-01
-9.70165431e-01
-9.69417036e-01
-9.68659461e-01
-9.67892826e-01
-9.67117012e-01
-9.66332138e-01
-9.65538085e-01
-9.64734972e-01
-9.63922739e-01
-9.63101387e-01
-9.62270975e-01
-9.61431563e-01
-9.60583031e-01
-9.59725440e-01
-9.58858848e-01
-9.57983196e-01
-9.57098544e-01
-9.56204891e-01
-9.55302238e-01
-9.54390585e-01
-9.53469932e-01
-9.52540278e-01
-9.51601684e-01
-9.50654030e-01
-9.49697495e-01
-9.48731959e-01
-9.47757483e-01
-9.46774125e-01
-9.45781767e-01
-9.44780588e-01
-9.43770468e-01
-9.42751527e-01
-9.41723704e-01
-9.40687001e-01
-9.39641416e-01
-9.38586950e-01
-9.37523603e-01
-9.36451435e-01
-9.35370445e-01
-9.34280634e-01
-9.33182061e-01
-9.32074726e-01
-9.30958569e-01
-9.29833710e-01
-9.28700030e-01
-9.27557647e-01
-9.26406443e-01
-9.25246537e-01
-9.24077868e-01
-9.22900558e-01
-9.21714485e-01
-9.20519769e-01
-9.19316351e-01
-9.18104351e-01
-9.16883707e-01
-9.15654421e-01
-9.14416492e-01
-9.13169920e-01
-9.11914766e-01
-9.10650969e-01
-9.09378588e-01
-9.08097625e-01
-9.06808197e-01
-9.05510187e-01
-9.04203713e-01
-9.02888656e-01
-9.01565135e-01
-9.00233030e-01
-8.98892462e-01
-8.97543371e-01
-8.96185935e-01
-8.94819975e-01
-8.93445671e-01
-8.92062902e-01
-8.90671790e-01
-8.89272273e-01
-8.87864351e-01
-8.86448026e-01
-8.85023355e-01
-8.83590341e-01
-8.82149041e-01
-8.80699456e-01
-8.79241586e-01
-8.77775371e-01
-8.76300931e-01
-8.74818146e-01
-8.73327136e-01
-8.71827900e-01
-8.70320439e-01
-8.68804872e-01
-8.67281079e-01
-8.65749180e-01
-8.64209056e-01
-8.62660766e-01
-8.61104369e-01
-8.59539807e-01
-8.57967138e-01
-8.56386483e-01
-8.54797721e-01
-8.53200972e-01
-8.51596117e-01
-8.49983275e-01
-8.48362327e-01
-8.46733451e-01
-8.45096529e-01
-8.43451738e-01
-8.41798961e-01
-8.40138316e-01
-8.38469744e-01
-8.36793244e-01
-8.35108817e-01
-8.33416522e-01
-8.31716418e-01
-8.30008447e-01
-8.28292727e-01
-8.26569140e-01
-8.24837804e-01
-8.23098600e-01
-8.21351707e-01
-8.19597006e-01
-8.17834675e-01
-8.16064656e-01
-8.14286947e-01
-8.12501550e-01
-8.10708463e-01
-8.08907747e-01
-8.07099402e-01
-8.05283487e-01
-8.03460002e-01
-8.01628947e-01
-7.99790263e-01
-7.97944069e-01
-7.96090305e-01
-7.94229150e-01
-7.92360485e-01
-7.90484369e-01
-7.88600802e-01
-7.86709785e-01
-7.84811318e-01
-7.82905459e-01
-7.80992270e-01
-7.79071748e-01
-7.77143836e-01
-7.75208652e-01
-7.73266077e-01
-7.71316230e-01
-7.69359112e-01
-7.67394841e-01
-7.65423298e-01
-7.63444543e-01
-7.61458576e-01
-7.59465396e-01
-7.57465065e-01
-7.55457640e-01
-7.53443122e-01
-7.51421511e-01
-7.49392748e-01
-7.47356951e-01
-7.45314062e-01
-7.43264258e-01
-7.41207421e-01
-7.39143610e-01
-7.37072825e-01
-7.34995067e-01
-7.32910335e-01
-7.30818748e-01
-7.28720307e-01
-7.26615012e-01
-7.24502861e-01
-7.22383857e-01
-7.20257998e-01
-7.18125403e-01
-7.15986073e-01
-7.13840008e-01
-7.11687207e-01
-7.09527671e-01
-7.07361400e-01
-7.05188513e-01
-7.03009009e-01
-7.00822890e-01
-6.98630154e-01
-6.96430802e-01
-6.94224834e-01
-6.92012429e-01
-6.89793468e-01
-6.87568069e-01
-6.85336113e-01
-6.83097720e-01
-6.80852890e-01
-6.78601682e-01
-6.76344037e-01
-6.74080074e-01
-6.71809673e-01
-6.69532955e-01
-6.67249918e-01
-6.64960682e-01
-6.62665129e-01
-6.60363376e-01
-6.58055365e-01
-6.55741096e-01
-6.53420746e-01
-6.51094198e-01
-6.48761570e-01
-6.46422744e-01
-6.44077837e-01
-6.41726851e-01
-6.39369905e-01
-6.37006879e-01
-6.34637892e-01
-6.32262826e-01
-6.29881859e-01
-6.27494991e-01
-6.25102222e-01
-6.22703552e-01
-6.20298982e-01
-6.17888510e-01
-6.15472317e-01
-6.13050282e-01
-6.10622525e-01
-6.08188927e-01
-6.05749607e-01
-6.03304625e-01
-6.00853980e-01
-5.98397672e-01
-5.95935702e-01
-5.93468070e-01
-5.90994895e-01
-5.88516116e-01
-5.86031854e-01
-5.83542049e-01
-5.81046700e-01
-5.78545928e-01
-5.76039732e-01
-5.73528111e-01
-5.71011007e-01
-5.68488538e-01
-5.65960705e-01
-5.63427627e-01
-5.60889184e-01
-5.58345437e-01
-5.55796385e-01
-5.53242147e-01
-5.50682724e-01
-5.48118114e-01
-5.45548320e-01
-5.42973399e-01
-5.40393353e-01
-5.37808239e-01
-5.35218060e-01
-5.32622814e-01
-5.30022502e-01
-5.27417243e-01
-5.24807036e-01
-5.22191882e-01
-5.19571781e-01
-5.16946793e-01
-5.14316916e-01
-5.11682272e-01
-5.09042740e-01
-5.06398380e-01
-5.03749251e-01
-5.01095414e-01
-4.98436838e-01
-4.95773584e-01
-4.93105680e-01
-4.90433127e-01
-4.87755924e-01
-4.85074133e-01
-4.82387781e-01
-4.79696870e-01
-4.77001458e-01
-4.74301517e-01
-4.71597165e-01
-4.68888342e-01
-4.66175079e-01
-4.63457435e-01
-4.60735440e-01
-4.58009094e-01
-4.55278426e-01
-4.52543497e-01
-4.49804276e-01
-4.47060823e-01
-4.44313139e-01
-4.41561282e-01
-4.38805282e-01
-4.36045110e-01
-4.33280885e-01
-4.30512547e-01
-4.27740157e-01
-4.24963742e-01
-4.22183305e-01
-4.19398904e-01
-4.16610539e-01
-4.13818270e-01
-4.11022097e-01
-4.08222049e-01
-4.05418158e-01
-4.02610451e-01
-3.99798930e-01
-3.96983653e-01
-3.94164622e-01
-3.91341895e-01
-3.88515502e-01
-3.85685414e-01
-3.82851720e-01
-3.80014390e-01
-3.77173483e-01
-3.74329031e-01
-3.71481061e-01
-3.68629575e-01
-3.65774632e-01
-3.62916231e-01
-3.60054433e-01
-3.57189208e-01
-3.54320616e-01
-3.51448715e-01
-3.48573506e-01
-3.45694989e-01
-3.42813224e-01
-3.39928210e-01
-3.37040007e-01
-3.34148645e-01
-3.31254125e-01
-3.28356475e-01
-3.25455725e-01
-3.22551936e-01
-3.19645077e-01
-3.16735238e-01
-3.13822389e-01
-3.10906619e-01
-3.07987869e-01
-3.05066258e-01
-3.02141756e-01
-2.99214423e-01
-2.96284229e-01
-2.93351293e-01
-2.90415555e-01
-2.87477106e-01
-2.84535944e-01
-2.81592101e-01
-2.78645605e-01
-2.75696486e-01
-2.72744775e-01
-2.69790500e-01
-2.66833663e-01
-2.63874292e-01
-2.60912448e-01
-2.57948160e-01
-2.54981428e-01
-2.52012283e-01
-2.49040797e-01
-2.46066958e-01
-2.43090808e-01
-2.40112349e-01
-2.37131640e-01
-2.34148696e-01
-2.31163546e-01
-2.28176221e-01
-2.25186735e-01
-2.22195134e-01
-2.19201431e-01
-2.16205671e-01
-2.13207856e-01
-2.10208043e-01
-2.07206249e-01
-2.04202503e-01
-2.01196834e-01
-1.98189273e-01
-1.95179850e-01
-1.92168579e-01
-1.89155504e-01
-1.86140656e-01
-1.83124036e-01
-1.80105686e-01
-1.77085653e-01
-1.74063951e-01
-1.71040609e-01
-1.68015659e-01
-1.64989129e-01
-1.61961034e-01
-1.58931419e-01
-1.55900300e-01
-1.52867720e-01
-1.49833694e-01
-1.46798238e-01
-1.43761426e-01
-1.40723243e-01
-1.37683734e-01
-1.34642929e-01
-1.31600857e-01
-1.28557548e-01
-1.25513032e-01
-1.22467332e-01
-1.19420476e-01
-1.16372503e-01
-1.13323428e-01
-1.10273287e-01
-1.07222103e-01
-1.04169913e-01
-1.01116739e-01
-9.80626196e-02
-9.50075686e-02
-9.19516236e-02
-8.88948143e-02
-8.58371705e-02
-8.27787146e-02
-7.97194764e-02
-7.66594857e-02
-7.35987648e-02
-7.05373585e-02
-6.74752817e-02
-6.44125789e-02
-6.13492653e-02
-5.82853742e-02
-5.52209355e-02
-5.21559790e-02
-4.90905307e-02
-4.60246168e-02
-4.29582708e-02
-3.98915187e-02
-3.68243866e-02
-3.37569118e-02
-3.06891277e-02
-2.76210383e-02
-2.45525166e-02
-2.14836150e-02
-1.84164960e-02
-1.53604392e-02
-1.23383934e-02
-9.38867964e-03
-6.55359728e-03
-3.85490642e-03
-1.27008010e-03
1.27008010e-03
3.85490642e-03
