-7.01325596e-04
-2.33775951e-04
2.33775951e-04
7.01325596e-04
1.16886874e-03
1.63640082e-03
2.10391753e-03
2.57141422e-03
3.03888717e-03
3.50633124e-03
3.97374248e-03
4.44111554e-03
4.90844762e-03
5.37573313e-03
5.84296836e-03
6.31014816e-03
6.77726883e-03
7.24432571e-03
7.71131460e-03
8.17823038e-03
8.64506979e-03
9.11182817e-03
9.57849994e-03
1.00450814e-02
1.05115697e-02
1.09779574e-02
1.14442427e-02
1.19104190e-02
1.23764845e-02
1.28424326e-02
1.33082615e-02
1.37739638e-02
1.42395375e-02
1.47049772e-02
1.51702780e-02
1.56354364e-02
1.61004495e-02
1.65653098e-02
1.70300156e-02
1.74945630e-02
1.79589447e-02
1.84231550e-02
1.88871957e-02
1.93510558e-02
1.98147353e-02
2.02782266e-02
2.07415279e-02
2.12046318e-02
2.16675382e-02
2.21302416e-02
2.25927364e-02
2.30550189e-02
2.35170834e-02
2.39789262e-02
2.44405456e-02
2.49019340e-02
2.53630895e-02
2.58240048e-02
2.62846779e-02
2.67451014e-02
2.72052754e-02
2.76651923e-02
2.81248502e-02
2.85842456e-02
2.90433709e-02
2.95022223e-02
2.99607962e-02
3.04190889e-02
3.08770947e-02
3.13348100e-02
3.17922346e-02
3.22493576e-02
3.27061750e-02
3.31626870e-02
3.36188897e-02
3.40747721e-02
3.45303342e-02
3.49855721e-02
3.54404822e-02
3.58950570e-02
3.63492966e-02
3.68031934e-02
3.72567400e-02
3.77099402e-02
3.81627865e-02
3.86152714e-02
3.90673913e-02
3.95191461e-02
3.99705283e-02
4.04215343e-02
4.08721641e-02
4.13224027e-02
4.17722575e-02
4.22217175e-02
4.26707789e-02
4.31194417e-02
4.35676947e-02
4.40155417e-02
4.44629751e-02
4.49099876e-02
4.53565829e-02
4.58027460e-02
4.62484770e-02
4.66937758e-02
4.71386388e-02
4.75830585e-02
4.80270274e-02
4.84705456e-02
4.89136055e-02
4.93562035e-02
4.97983396e-02
5.02400100e-02
5.06812073e-02
5.11219241e-02
5.15621640e-02
5.20019121e-02
5.24411760e-02
5.28799444e-02
5.33182137e-02
5.37559837e-02
5.41932508e-02
5.46300039e-02
5.50662465e-02
5.55019714e-02
5.59371747e-02
5.63718490e-02
5.68059944e-02
5.72396033e-02
5.76726757e-02
5.81052043e-02
5.85371889e-02
5.89686222e-02
5.93995005e-02
5.98298199e-02
6.02595806e-02
6.06887713e-02
6.11173883e-02
6.15454316e-02
6.19728975e-02
6.23997748e-02
6.28260747e-02
6.32517785e-02
6.36768937e-02
6.41014129e-02
6.45253211e-02
6.49486333e-02
6.53713271e-02
6.57934025e-02
6.62148595e-02
6.66356906e-02
6.70558959e-02
6.74754679e-02
6.78944066e-02
6.83127195e-02
6.87303767e-02
6.91473857e-02
6.95637465e-02
6.99794516e-02
7.03945011e-02
7.08088875e-02
7.12226108e-02
7.16356710e-02
7.20480531e-02
7.24597573e-02
7.28707835e-02
7.32811242e-02
7.36907721e-02
7.40997270e-02
7.45079815e-02
7.49155357e-02
7.53223822e-02
7.57285208e-02
7.61339515e-02
7.65386596e-02
7.69426450e-02
7.73459077e-02
7.77484477e-02
7.81502575e-02
7.85513222e-02
7.89516494e-02
7.93512389e-02
7.97500759e-02
8.01481605e-02
8.05454925e-02
8.09420794e-02
8.13378915e-02
8.17329437e-02
8.21272209e-02
8.25207308e-02
8.29134583e-02
8.33054036e-02
8.36965740e-02
8.40869546e-02
8.44765455e-02
8.48653316e-02
8.52533281e-02
8.56405199e-02
8.60268995e-02
8.64124745e-02
8.67972299e-02
8.71811807e-02
8.75642970e-02
8.79465938e-02
8.83280560e-02
8.87086987e-02
8.90885144e-02
8.94674882e-02
8.98456126e-02
9.02229026e-02
9.05993357e-02
9.09749195e-02
9.13496390e-02
9.17235091e-02
9.20965150e-02
9.24686566e-02
9.28399190e-02
9.32103172e-02
9.35798362e-02
9.39484760e-02
9.43162218e-02
9.46830884e-02
9.50490683e-02
9.54141542e-02
9.57783386e-02
9.61416215e-02
9.65039954e-02
9.68654677e-02
9.72260162e-02
9.75856557e-02
9.79443789e-02
9.83021855e-02
9.86590609e-02
9.90150049e-02
9.93700176e-02
9.97240990e-02
1.00077242e-01
1.00429446e-01
1.00780703e-01
1.01131015e-01
1.01480380e-01
1.01828784e-01
1.02176227e-01
1.02522708e-01
1.02868229e-01
1.03212781e-01
1.03556365e-01
1.03898972e-01
1.04240604e-01
1.04581259e-01
1.04920924e-01
1.05259605e-01
1.05597287e-01
1.05933987e-01
1.06269687e-01
1.06604390e-01
1.06938079e-01
1.07270770e-01
1.07602447e-01
1.07933126e-01
1.08262777e-01
1.08591415e-01
1.08919024e-01
1.09245621e-01
1.09571189e-01
1.09895729e-01
1.10219225e-01
1.10541694e-01
1.10863119e-01
1.11183502e-01
1.11502834e-01
1.11821115e-01
1.12138346e-01
1.12454519e-01
1.12769634e-01
1.13083683e-01
1.13396667e-01
1.13708586e-01
1.14019439e-01
1.14329219e-01
1.14637919e-01
1.14945538e-01
1.15252085e-01
1.15557544e-01
1.15861930e-01
1.16165213e-01
1.16467409e-01
1.16768502e-01
1.17068499e-01
1.17367402e-01
1.17665194e-01
1.17961876e-01
1.18257448e-01
1.18551917e-01
1.18845269e-01
1.19137503e-01
1.19428605e-01
1.19718589e-01
1.20007448e-01
1.20295182e-01
1.20581791e-01
1.20867260e-01
1.21151589e-01
1.21434778e-01
1.21716820e-01
1.21997729e-01
1.22277483e-01
1.22556090e-01
1.22833543e-01
1.23109840e-01
1.23384982e-01
1.23658970e-01
1.23931788e-01
1.24203436e-01
1.24473915e-01
1.24743223e-01
1.25011370e-01
1.25278324e-01
1.25544116e-01
1.25808731e-01
1.26072168e-01
1.26334414e-01
1.26595497e-01
1.26855403e-01
1.27114102e-01
1.27371594e-01
1.27627879e-01
1.27882943e-01
1.28136814e-01
1.28389463e-01
1.28640920e-01
1.28891155e-01
1.29140198e-01
1.29388019e-01
1.29634649e-01
1.29880056e-01
1.30124256e-01
1.30367205e-01
1.30608931e-01
1.30849406e-01
1.31088659e-01
1.31326661e-01
1.31563440e-01
1.31798968e-01
1.32033274e-01
1.32266328e-01
1.32498145e-01
1.32728726e-01
1.32958069e-01
1.33186176e-01
1.33413017e-01
1.33638591e-01
1.33862898e-01
1.34085938e-01
1.34307712e-01
1.34528235e-01
1.34747475e-01
1.34965464e-01
1.35182172e-01
1.35397628e-01
1.35611802e-01
1.35824725e-01
1.36036366e-01
1.36246756e-01
1.36455849e-01
1.36663660e-01
1.36870161e-01
1.37075379e-01
1.37279287e-01
1.37481898e-01
1.37683213e-01
1.37883231e-01
1.38081953e-01
1.38279378e-01
1.38475507e-01
1.38670340e-01
1.38863876e-01
1.39056116e-01
1.39247060e-01
1.39436707e-01
1.39625043e-01
1.39812052e-01
1.39997736e-01
1.40182093e-01
1.40365124e-01
1.40546829e-01
1.40727207e-01
1.40906259e-01
1.41083986e-01
1.41260386e-01
1.41435459e-01
1.41609207e-01
1.41781628e-01
1.41952708e-01
1.42122477e-01
1.42290905e-01
1.42458022e-01
1.42623797e-01
1.42788246e-01
1.42951325e-01
1.43113062e-01
1.43273428e-01
1.43432453e-01
1.43590108e-01
1.43746421e-01
1.43901363e-01
1.44054964e-01
1.44207194e-01
1.44358084e-01
1.44507602e-01
1.44655779e-01
1.44802585e-01
1.44948050e-01
1.45092145e-01
1.45234883e-01
1.45376265e-01
1.45516291e-01
1.45654961e-01
1.45792276e-01
1.45928219e-01
1.46062776e-01
1.46195948e-01
1.46327734e-01
1.46458134e-01
1.46587148e-01
1.46714777e-01
1.46841019e-01
1.46965876e-01
1.47089347e-01
1.47211432e-01
1.47332132e-01
1.47451445e-01
1.47569373e-01
1.47685915e-01
1.47801057e-01
1.47914827e-01
1.48027197e-01
1.48138195e-01
1.48247793e-01
1.48356020e-01
1.48462847e-01
1.48568302e-01
1.48672357e-01
1.48775041e-01
1.48876324e-01
1.48976237e-01
1.49074718e-01
1.49171799e-01
1.49267450e-01
1.49361700e-01
1.49454519e-01
1.49545938e-01
1.49635926e-01
1.49724513e-01
1.49811670e-01
1.49897426e-01
1.49981752e-01
1.50064677e-01
1.50146171e-01
1.50226265e-01
1.50304928e-01
1.50382191e-01
1.50458023e-01
1.50532454e-01
1.50605455e-01
1.50677055e-01
1.50747225e-01
1.50815994e-01
1.50883332e-01
1.50949270e-01
1.51013777e-01
1.51076883e-01
1.51138559e-01
1.51198834e-01
1.51257679e-01
1.51315123e-01
1.51371136e-01
1.51425749e-01
1.51478931e-01
1.51530713e-01
1.51581079e-01
1.51630029e-01
1.51677564e-01
1.51723683e-01
1.51768386e-01
1.51811674e-01
1.51853547e-01
1.51894003e-01
1.51933029e-01
1.51970610e-01
1.52006745e-01
1.52041435e-01
1.52074680e-01
1.52106479e-01
1.52136832e-01
1.52165741e-01
1.52193204e-01
1.52219221e-01
1.52243793e-01
1.52266920e-01
1.52288601e-01
1.52308837e-01
1.52327627e-01
1.52344972e-01
1.52360871e-01
1.52375326e-01
1.52388334e-01
1.52399898e-01
1.52410015e-01
1.52418688e-01
1.52425915e-01
1.52431697e-01
1.52436033e-01
1.52438924e-01
1.52440369e-01
1.52440369e-01
1.52438924e-01
1.52436033e-01
1.52431697e-01
1.52425915e-01
1.52418688e-01
1.52410015e-01
1.52399898e-01
1.52388334e-01
1.52375326e-01
1.52360871e-01
1.52344972e-01
1.52327627e-01
1.52308837e-01
1.52288601e-01
1.52266920e-01
1.52243793e-01
1.52219221e-01
1.52193204e-01
1.52165756e-01
1.52136862e-01
1.52106524e-01
1.52074739e-01
1.52041510e-01
1.52006835e-01
1.51970714e-01
1.51933149e-01
1.51894137e-01
1.51853696e-01
1.51811838e-01
1.51768565e-01
1.51723877e-01
1.51677772e-01
1.51630253e-01
1.51581317e-01
1.51530966e-01
1.51479200e-01
1.51426017e-01
1.51371419e-01
1.51315406e-01
1.51257977e-01
1.51199132e-01
1.51138872e-01
1.51077196e-01
1.51014104e-01
1.50949597e-01
1.50883675e-01
1.50816336e-01
1.50747582e-01
1.50677413e-01
1.50605828e-01
1.50532827e-01
1.50458410e-01
1.50382593e-01
1.50305346e-01
1.50226697e-01
1.50146618e-01
1.50065139e-01
1.49982229e-01
1.49897918e-01
1.49812177e-01
1.49725035e-01
1.49636462e-01
1.49546489e-01
1.49455085e-01
1.49362281e-01
1.49268046e-01
1.49172410e-01
1.49075344e-01
1.48976877e-01
1.48876980e-01
1.48775697e-01
1.48673013e-01
1.48568958e-01
1.48463503e-01
1.48356676e-01
1.48248464e-01
1.48138866e-01
1.48027882e-01
1.47915512e-01
1.47801757e-01
1.47686616e-01
1.47570089e-01
1.47452176e-01
1.47332877e-01
1.47212192e-01
1.47090122e-01
1.46966666e-01
1.46841824e-01
1.46715596e-01
1.46587983e-01
1.46458983e-01
1.46328598e-01
1.46196827e-01
1.46063671e-01
1.45929128e-01
1.45793200e-01
1.45655885e-01
1.45517215e-01
1.45377189e-01
1.45235807e-01
1.45093068e-01
1.44948974e-01
1.44803524e-01
1.44656718e-01
1.44508556e-01
1.44359037e-01
1.44208178e-01
1.44055948e-01
1.43902376e-01
1.43747434e-01
1.43591151e-01
1.43433496e-01
1.43274501e-01
1.43114135e-01
1.42952427e-01
1.42789349e-01
1.42624930e-01
1.42459139e-01
1.42292038e-01
1.42123595e-01
1.41953841e-01
1.41782746e-01
1.41610339e-01
1.41436592e-01
1.41261533e-01
1.41085133e-01
1.40907422e-01
1.40728384e-01
1.40548021e-01
1.40366331e-01
1.40183315e-01
1.39998972e-01
1.39813304e-01
1.39626309e-01
1.39437988e-01
1.39248341e-01
1.39057398e-01
1.38865158e-01
1.38671622e-01
1.38476804e-01
1.38280675e-01
1.38083264e-01
1.37884542e-01
1.37684539e-01
1.37483224e-01
1.37280628e-01
1.37076721e-01
1.36871532e-01
1.36665031e-01
1.36457250e-01
1.36248156e-01
1.36037797e-01
1.35826156e-01
1.35613263e-01
1.35399088e-01
1.35183647e-01
1.34966940e-01
1.34748966e-01
1.34529725e-01
1.34309217e-01
1.34087443e-01
1.33864403e-01
1.33640096e-01
1.33414522e-01
1.33187681e-01
1.32959574e-01
1.32730231e-01
1.32499650e-01
1.32267833e-01
1.32034779e-01
1.31800488e-01
1.31564960e-01
1.31328195e-01
1.31090194e-01
1.30850971e-01
1.30610496e-01
1.30368799e-01
1.30125850e-01
1.29881680e-01
1.29636258e-01
1.29389644e-01
1.29141808e-01
1.28892779e-01
1.28642544e-01
1.28391102e-01
1.28138453e-01
1.27884597e-01
1.27629533e-01
1.27373263e-01
1.27115786e-01
1.26857102e-01
1.26597211e-01
1.26336142e-01
1.26073897e-01
1.25810474e-01
1.25545874e-01
1.25280082e-01
1.25013113e-01
1.24744982e-01
1.24475673e-01
1.24205194e-01
1.23933554e-01
1.23660743e-01
1.23386770e-01
1.23111635e-01
1.22835346e-01
1.22557901e-01
1.22279301e-01
1.21999539e-01
1.21718638e-01
1.21436596e-01
1.21153414e-01
1.20869093e-01
1.20583631e-01
1.20297037e-01
1.20009311e-01
1.19720459e-01
1.19430482e-01
1.19139381e-01
1.18847154e-01
1.18553802e-01
1.18259348e-01
1.17963776e-01
1.17667094e-01
1.17369302e-01
1.17070407e-01
1.16770409e-01
1.16469316e-01
1.16167136e-01
1.15863852e-01
1.15559481e-01
1.15254022e-01
1.14947490e-01
1.14639871e-01
1.14331171e-01
1.14021391e-01
1.13710545e-01
1.13398626e-01
1.13085650e-01
1.12771600e-01
1.12456493e-01
1.12140313e-01
1.11823089e-01
1.11504808e-01
1.11185484e-01
1.10865109e-01
1.10543683e-01
1.10221222e-01
1.09897725e-01
1.09573193e-01
1.09247625e-01
1.08921036e-01
1.08593427e-01
1.08264796e-01
1.07935145e-01
1.07604474e-01
1.07272796e-01
1.06940113e-01
1.06606424e-01
1.06271729e-01
1.05936028e-01
1.05599336e-01
1.05261654e-01
1.04922980e-01
1.04583316e-01
1.04242660e-01
1.03901029e-01
1.03558429e-01
1.03214845e-01
1.02870293e-01
1.02524772e-01
1.02178298e-01
1.01830855e-01
1.01482451e-01
1.01133086e-01
1.00782774e-01
1.00431524e-01
1.00079320e-01
9.97261778e-02
9.93720964e-02
9.90170911e-02
9.86611471e-02
9.83042717e-02
9.79464650e-02
9.75877494e-02
9.72281098e-02
9.68675613e-02
9.65060890e-02
9.61437151e-02
9.57804322e-02
9.54162553e-02
9.50511694e-02
9.46851894e-02
9.43183228e-02
9.39505771e-02
9.35819373e-02
9.32124183e-02
9.28420201e-02
9.24707577e-02
9.20986161e-02
9.17256102e-02
9.13517401e-02
9.09770206e-02
9.06014368e-02
9.02250037e-02
8.98477137e-02
8.94695893e-02
8.90906155e-02
8.87107998e-02
8.83301571e-02
8.79486874e-02
8.75663981e-02
8.71832743e-02
8.67993310e-02
8.64145681e-02
8.60290006e-02
8.56426135e-02
8.52554142e-02
8.48674253e-02
8.44786316e-02
8.40890482e-02
8.36986601e-02
8.33074972e-02
8.29155445e-02
8.25228170e-02
8.21293071e-02
8.17350298e-02
8.13399777e-02
8.09441656e-02
8.05475786e-02
8.01502466e-02
7.97521621e-02
7.93533251e-02
7.89537355e-02
7.85534084e-02
7.81523436e-02
7.77505338e-02
7.73479939e-02
7.69447312e-02
7.65407458e-02
7.61360377e-02
7.57306069e-02
7.53244683e-02
7.49176219e-02
7.45100677e-02
7.41018057e-02
7.36928508e-02
7.32832029e-02
7.28728622e-02
7.24618360e-02
7.20501319e-02
7.16377497e-02
7.12246820e-02
7.08109587e-02
7.03965724e-02
6.99815229e-02
6.95658103e-02
6.91494495e-02
6.87324405e-02
6.83147758e-02
6.78964704e-02
6.74775243e-02
6.70579523e-02
6.66377470e-02
6.62169084e-02
6.57954514e-02
6.53733760e-02
6.49506822e-02
6.45273700e-02
6.41034618e-02
6.36789426e-02
6.32538199e-02
6.28281087e-02
6.24018125e-02
6.19749315e-02
6.15474656e-02
6.11194223e-02
6.06908016e-02
6.02616109e-02
5.98318502e-02
5.94015270e-02
5.89706451e-02
5.85392080e-02
5.81072234e-02
5.76746911e-02
5.72416186e-02
5.68080060e-02
5.63738607e-02
5.59391826e-02
5.55039793e-02
5.50682507e-02
5.46320044e-02
5.41952439e-02
5.37579767e-02
5.33202067e-02
5.28819300e-02
5.24431616e-02
5.20038940e-02
5.15641421e-02
5.11238985e-02
5.06831780e-02
5.02419770e-02
4.98003028e-02
4.93581630e-02
4.89155613e-02
4.84724976e-02
4.80289757e-02
4.75850031e-02
4.71405797e-02
4.66957167e-02
4.62504141e-02
4.58046757e-02
4.53585088e-02
4.49119136e-02
4.44648974e-02
4.40174602e-02
4.35696095e-02
4.31213491e-02
4.26726826e-02
4.22236174e-02
4.17741537e-02
4.13242988e-02
4.08740528e-02
4.04234231e-02
3.99724133e-02
3.95210236e-02
3.90692651e-02
3.86171415e-02
3.81646529e-02
3.77118029e-02
3.72585990e-02
3.68050449e-02
3.63511443e-02
3.58969010e-02
3.54423225e-02
3.49874087e-02
3.45321670e-02
3.40766013e-02
3.36207114e-02
3.31645049e-02
3.27079892e-02
3.22511680e-02
3.17940414e-02
3.13366167e-02
3.08788959e-02
3.04208845e-02
2.99625900e-02
2.95040105e-02
2.90451571e-02
2.85860281e-02
2.81266309e-02
2.76669674e-02
2.72070467e-02
2.67468691e-02
2.62864400e-02
2.58257631e-02
2.53648441e-02
2.49036849e-02
2.44422927e-02
2.39806697e-02
2.35188212e-02
2.30567530e-02
2.25944668e-02
2.21319664e-02
2.16692612e-02
2.12063510e-02
2.07432415e-02
2.02799365e-02
1.98164415e-02
1.93527583e-02
1.88888926e-02
1.84248500e-02
1.79606341e-02
1.74962468e-02
1.70316976e-02
1.65669862e-02
1.61021203e-02
1.56371035e-02
1.51719395e-02
1.47066340e-02
1.42411897e-02
1.37756122e-02
1.33099044e-02
1.28440717e-02
1.23781180e-02
1.19120488e-02
1.14458678e-02
1.09795788e-02
1.05131855e-02
1.00466935e-02
9.58010741e-03
9.11343098e-03
8.64666793e-03
8.17982387e-03
7.71290343e-03
7.24590989e-03
6.77884789e-03
6.31172257e-03
5.84453810e-03
5.37729822e-03
4.91000758e-03
4.44267131e-03
3.97529313e-03
3.50787747e-03
3.04042851e-03
2.57295114e-03
2.10544956e-03
1.63792819e-03
1.17039145e-03
7.02843594e-04
2.35289248e-04
-2.32267339e-04
-6.99821685e-04
-1.16736954e-03
-1.63490628e-03
-2.10242765e-03
-2.56992923e-03
-3.03740660e-03
-3.50485556e-03
-3.97227146e-03
-4.43964964e-03
-4.90698637e-03
-5.37427654e-03
-5.84151596e-03
-6.30870089e-03
-6.77582668e-03
-7.24288868e-03
-7.70988222e-03
-8.17680266e-03
-8.64364672e-03
-9.11040977e-03
-9.57708620e-03
-1.00436732e-02
-1.05101652e-02
-1.09765586e-02
-1.14428475e-02
-1.19090304e-02
-1.23750996e-02
-1.28410533e-02
-1.33068860e-02
-1.37725938e-02
-1.42381713e-02
-1.47036156e-02
-1.51689220e-02
-1.56340860e-02
-1.60991028e-02
-1.65639687e-02
-1.70286782e-02
-1.74932294e-02
-1.79576166e-02
-1.84218343e-02
-1.88858770e-02
-1.93497427e-02
-1.98134277e-02
-2.02769246e-02
-2.07402296e-02
-2.12033391e-02
-2.16662493e-02
-2.21289564e-02
-2.25914568e-02
-2.30537429e-02
-2.35158149e-02
-2.39776615e-02
-2.44392846e-02
-2.49006785e-02
-2.53618378e-02
-2.58227568e-02
-2.62834337e-02
-2.67438628e-02
-2.72040404e-02
-2.76639629e-02
-2.81236246e-02
-2.85830237e-02
-2.90421527e-02
-2.95010097e-02
-2.99595874e-02
-3.04178838e-02
-3.08758970e-02
-3.13336179e-02
-3.17910425e-02
-3.22481692e-02
-3.27049941e-02
-3.31615098e-02
-3.36177163e-02
-3.40736061e-02
-3.45291719e-02
-3.49844173e-02
-3.54393274e-02
-3.58939096e-02
-3.63481492e-02
-3.68020535e-02
-3.72556075e-02
-3.77088115e-02
-3.81616615e-02
-3.86141501e-02
-3.90662737e-02
-3.95180322e-02
-3.99694219e-02
-4.04204354e-02
-4.08710651e-02
-4.13213111e-02
-4.17711660e-02
-4.22206335e-02
-4.26696986e-02
-4.31183651e-02
-4.35666256e-02
-4.40144800e-02
-4.44619134e-02
-4.49089333e-02
-4.53555286e-02
-4.58016992e-02
-4.62474339e-02
-4.66927402e-02
-4.71376069e-02
-4.75820303e-02
-4.80260029e-02
-4.84695248e-02
-4.89125885e-02
-4.93551940e-02
-4.97973338e-02
-5.02390079e-02
-5.06802090e-02
-5.11209331e-02
-5.15611731e-02
-5.20009287e-02
-5.24401963e-02
-5.28789684e-02
-5.33172414e-02
-5.37550151e-02
-5.41922860e-02
-5.46290465e-02
-5.50652929e-02
-5.55010214e-02
-5.59362248e-02
-5.63709065e-02
-5.68050519e-02
-5.72386645e-02
-5.76717369e-02
-5.81042729e-02
-5.85362576e-02
-5.89676946e-02
-5.93985803e-02
-5.98289035e-02
-6.02586679e-02
-6.06878623e-02
-6.11164831e-02
-6.15445301e-02
-6.19719960e-02
-6.23988807e-02
-6.28251806e-02
-6.32508919e-02
-6.36760145e-02
-6.41005337e-02
-6.45244494e-02
-6.49477616e-02
-6.53704554e-02
-6.57925382e-02
-6.62139952e-02
-6.66348338e-02
-6.70550466e-02
-6.74746186e-02
-6.78935647e-02
-6.83118701e-02
-6.87295347e-02
-6.91465437e-02
-6.95629120e-02
-6.99786246e-02
-7.03936741e-02
-7.08080679e-02
-7.12217912e-02
-7.16348588e-02
-7.20472410e-02
-7.24589527e-02
-7.28699788e-02
-7.32803196e-02
-7.36899674e-02
-7.40989223e-02
-7.45071918e-02
-7.49147460e-02
-7.53215998e-02
-7.57277384e-02
-7.61331692e-02
-7.65378773e-02
-7.69418627e-02
-7.73451328e-02
-7.77476728e-02
-7.81494826e-02
-7.85505474e-02
-7.89508820e-02
-7.93504715e-02
-7.97493085e-02
-8.01474005e-02
-8.05447325e-02
-8.09413195e-02
-8.13371316e-02
-8.17321837e-02
-8.21264610e-02
-8.25199783e-02
-8.29127133e-02
-8.33046585e-02
-8.36958289e-02
-8.40862095e-02
-8.44758004e-02
-8.48645866e-02
-8.52525830e-02
-8.56397822e-02
-8.60261694e-02
-8.64117444e-02
-8.67965072e-02
-8.71804506e-02
-8.75635743e-02
-8.79458711e-02
-8.83273408e-02
-8.87079835e-02
-8.90877992e-02
-8.94667730e-02
-8.98448974e-02
-9.02221873e-02
-9.05986205e-02
-9.09742042e-02
-9.13489237e-02
-9.17227939e-02
-9.20957997e-02
-9.24679413e-02
-9.28392038e-02
-9.32096019e-02
-9.35791209e-02
-9.39477608e-02
-9.43155065e-02
-9.46823731e-02
-9.50483531e-02
-9.54134315e-02
-9.57776085e-02
-9.61408913e-02
-9.65032652e-02
-9.68647450e-02
-9.72253010e-02
-9.75849479e-02
-9.79436710e-02
-9.83014777e-02
-9.86583531e-02
-9.90142971e-02
-9.93693173e-02
-9.97233987e-02
-1.00076556e-01
-1.00428760e-01
-1.00780025e-01
-1.01130337e-01
-1.01479702e-01
-1.01828106e-01
-1.02175549e-01
-1.02522038e-01
-1.02867559e-01
-1.03212126e-01
-1.03555709e-01
-1.03898324e-01
-1.04239956e-01
-1.04580611e-01
-1.04920283e-01
-1.05258964e-01
-1.05596647e-01
-1.05933346e-01
-1.06269047e-01
-1.06603749e-01
-1.06937438e-01
-1.07270129e-01
-1.07601814e-01
-1.07932493e-01
-1.08262151e-01
-1.08590789e-01
-1.08918399e-01
-1.09244995e-01
-1.09570563e-01
-1.09895103e-01
-1.10218599e-01
-1.10541068e-01
-1.10862501e-01
-1.11182883e-01
-1.11502215e-01
-1.11820497e-01
-1.12137727e-01
-1.12453908e-01
-1.12769023e-01
-1.13083072e-01
-1.13396056e-01
-1.13707975e-01
-1.14018828e-01
-1.14328608e-01
-1.14637308e-01
-1.14944927e-01
-1.15251474e-01
-1.15556933e-01
-1.15861319e-01
-1.16164602e-01
-1.16466798e-01
-1.16767891e-01
-1.17067888e-01
-1.17366791e-01
-1.17664583e-01
-1.17961265e-01
-1.18256837e-01
-1.18551306e-01
-1.18844658e-01
-1.19136892e-01
-1.19427994e-01
-1.19717978e-01
-1.20006837e-01
-1.20294571e-01
-1.20581180e-01
-1.20866649e-01
-1.21150978e-01
-1.21434167e-01
-1.21716209e-01
-1.21997118e-01
-1.22276872e-01
-1.22555479e-01
-1.22832932e-01
-1.23109229e-01
-1.23384371e-01
-1.23658359e-01
-1.23931177e-01
-1.24202825e-01
-1.24473304e-01
-1.24742612e-01
-1.25010744e-01
-1.25277713e-01
-1.25543505e-01
-1.25808105e-01
-1.26071543e-01
-1.26333803e-01
-1.26594886e-01
-1.26854777e-01
-1.27113476e-01
-1.27370968e-01
-1.27627254e-01
-1.27882317e-01
-1.28136188e-01
-1.28388837e-01
-1.28640294e-01
-1.28890529e-01
-1.29139572e-01
-1.29387394e-01
-1.29634023e-01
-1.29879430e-01
-1.30123630e-01
-1.30366579e-01
-1.30608305e-01
-1.30848780e-01
-1.31088033e-01
-1.31326035e-01
-1.31562799e-01
-1.31798327e-01
-1.32032618e-01
-1.32265672e-01
-1.32497489e-01
-1.32728070e-01
-1.32957414e-01
-1.33185521e-01
-1.33412361e-01
-1.33637935e-01
-1.33862242e-01
-1.34085283e-01
-1.34307057e-01
-1.34527564e-01
-1.34746805e-01
-1.34964794e-01
-1.35181502e-01
-1.35396957e-01
-1.35611132e-01
-1.35824054e-01
-1.36035696e-01
-1.36246085e-01
-1.36455178e-01
-1.36662975e-01
-1.36869475e-01
-1.37074679e-01
-1.37278587e-01
-1.37481198e-01
-1.37682512e-01
-1.37882531e-01
-1.38081253e-01
-1.38278678e-01
-1.38474807e-01
-1.38669640e-01
-1.38863176e-01
-1.39055416e-01
-1.39246359e-01
-1.39436007e-01
-1.39624342e-01
-1.39811352e-01
-1.39997035e-01
-1.40181392e-01
-1.40364423e-01
-1.40546128e-01
-1.40726507e-01
-1.40905559e-01
-1.41083270e-01
-1.41259670e-01
-1.41434729e-01
-1.41608477e-01
-1.41780883e-01
-1.41951978e-01
-1.42121732e-01
-1.42290175e-01
-1.42457277e-01
-1.42623067e-01
-1.42787501e-01
-1.42950594e-01
-1.43112317e-01
-1.43272698e-01
-1.43431708e-01
-1.43589377e-01
-1.43745676e-01
-1.43900618e-01
-1.44054204e-01
-1.44206434e-01
-1.44357309e-01
-1.44506827e-01
-1.44654989e-01
-1.44801795e-01
-1.44947246e-01
-1.45091340e-01
-1.45234078e-01
-1.45375460e-01
-1.45515487e-01
-1.45654157e-01
-1.45791471e-01
-1.45927414e-01
-1.46061972e-01
-1.46195143e-01
-1.46326914e-01
-1.46457314e-01
-1.46586314e-01
-1.46713942e-01
-1.46840170e-01
-1.46965027e-01
-1.47088483e-01
-1.47210568e-01
-1.47331253e-01
-1.47450566e-01
-1.47568479e-01
-1.47685021e-01
-1.47800162e-01
-1.47913933e-01
-1.48026302e-01
-1.48137301e-01
-1.48246899e-01
-1.48355126e-01
-1.48461953e-01
-1.48567408e-01
-1.48671463e-01
-1.48774147e-01
-1.48875430e-01
-1.48975343e-01
-1.49073824e-01
-1.49170905e-01
-1.49266556e-01
-1.49360806e-01
-1.49453625e-01
-1.49545044e-01
-1.49635032e-01
-1.49723619e-01
-1.49810776e-01
-1.49896532e-01
-1.49980858e-01
-1.50063783e-01
-1.50145277e-01
-1.50225371e-01
-1.50304034e-01
-1.50381297e-01
-1.50457129e-01
-1.50531560e-01
-1.50604561e-01
-1.50676161e-01
-1.50746331e-01
-1.50815099e-01
-1.50882438e-01
-1.50948375e-01
-1.51012883e-01
-1.51075989e-01
-1.51137665e-01
-1.51197940e-01
-1.51256785e-01
-1.51314229e-01
-1.51370242e-01
-1.51424855e-01
-1.51478037e-01
-1.51529819e-01
-1.51580170e-01
-1.51629105e-01
-1.51676625e-01
-1.51722729e-01
-1.51767418e-01
-1.51810691e-01
-1.51852548e-01
-1.51892990e-01
-1.51932016e-01
-1.51969597e-01
-1.52005732e-01
-1.52040422e-01
-1.52073666e-01
-1.52105466e-01
-1.52135819e-01
-1.52164727e-01
-1.52192190e-01
-1.52218208e-01
-1.52242780e-01
-1.52265906e-01
-1.52287588e-01
-1.52307823e-01
-1.52326614e-01
-1.52343959e-01
-1.52359858e-01
-1.52374312e-01
-1.52387321e-01
-1.52398884e-01
-1.52409002e-01
-1.52417675e-01
-1.52424902e-01
-1.52430683e-01
-1.52435020e-01
-1.52437910e-01
-1.52439356e-01
-1.52439356e-01
-1.52437910e-01
-1.52435020e-01
-1.52430683e-01
-1.52424902e-01
-1.52417675e-01
-1.52409002e-01
-1.52398884e-01
-1.52387321e-01
-1.52374312e-01
-1.52359858e-01
-1.52343959e-01
-1.52326614e-01
-1.52307823e-01
-1.52287588e-01
-1.52265906e-01
-1.52242780e-01
-1.52218208e-01
-1.52192190e-01
-1.52164727e-01
-1.52135819e-01
-1.52105466e-01
-1.52073666e-01
-1.52040422e-01
-1.52005732e-01
-1.51969597e-01
-1.51932016e-01
-1.51892990e-01
-1.51852548e-01
-1.51810691e-01
-1.51767418e-01
-1.51722729e-01
-1.51676625e-01
-1.51629105e-01
-1.51580170e-01
-1.51529819e-01
-1.51478052e-01
-1.51424870e-01
-1.51370272e-01
-1.51314259e-01
-1.51256830e-01
-1.51197985e-01
-1.51137725e-01
-1.51076049e-01
-1.51012957e-01
-1.50948450e-01
-1.50882527e-01
-1.50815189e-01
-1.50746420e-01
-1.50676250e-01
-1.50604650e-01
-1.50531650e-01
-1.50457218e-01
-1.50381386e-01
-1.50304124e-01
-1.50225461e-01
-1.50145367e-01
-1.50063872e-01
-1.49980947e-01
-1.49896622e-01
-1.49810866e-01
-1.49723709e-01
-1.49635121e-01
-1.49545133e-01
-1.49453714e-01
-1.49360895e-01
-1.49266645e-01
-1.49170995e-01
-1.49073914e-01
-1.48975432e-01
-1.48875520e-01
-1.48774236e-01
-1.48671553e-01
-1.48567498e-01
-1.48462042e-01
-1.48355216e-01
-1.48246989e-01
-1.48137391e-01
-1.48026392e-01
-1.47914022e-01
-1.47800252e-01
-1.47685111e-01
-1.47568569e-01
-1.47450656e-01
-1.47331342e-01
-1.47210658e-01
-1.47088572e-01
-1.46965116e-01
-1.46840259e-01
-1.46714032e-01
-1.46586403e-01
-1.46457404e-01
-1.46327019e-01
-1.46195248e-01
-1.46062091e-01
-1.45927548e-01
-1.45791620e-01
-1.45654306e-01
-1.45515636e-01
-1.45375609e-01
-1.45234227e-01
-1.45091489e-01
-1.44947395e-01
-1.44801944e-01
-1.44655138e-01
-1.44506976e-01
-1.44357458e-01
-1.44206583e-01
-1.44054353e-01
-1.43900767e-01
-1.43745825e-01
-1.43589526e-01
-1.43431872e-01
-1.43272862e-01
-1.43112496e-01
-1.42950773e-01
-1.42787695e-01
-1.42623261e-01
-1.42457485e-01
-1.42290369e-01
-1.42121941e-01
-1.41952172e-01
-1.41781092e-01
-1.41608670e-01
-1.41434938e-01
-1.41259864e-01
-1.41083479e-01
-1.40905753e-01
-1.40726715e-01
-1.40546337e-01
-1.40364647e-01
-1.40181616e-01
-1.39997274e-01
-1.39811590e-01
-1.39624596e-01
-1.39436260e-01
-1.39246613e-01
-1.39055669e-01
-1.38863429e-01
-1.38669893e-01
-1.38475060e-01
-1.38278931e-01
-1.38081506e-01
-1.37882784e-01
-1.37682766e-01
-1.37481451e-01
-1.37278855e-01
-1.37074947e-01
-1.36869758e-01
-1.36663258e-01
-1.36455476e-01
-1.36246383e-01
-1.36036009e-01
-1.35824353e-01
-1.35611445e-01
-1.35397270e-01
-1.35181829e-01
-1.34965122e-01
-1.34747148e-01
-1.34527907e-01
-1.34307399e-01
-1.34085625e-01
-1.33862585e-01
-1.33638278e-01
-1.33412704e-01
-1.33185863e-01
-1.32957757e-01
-1.32728413e-01
-1.32497832e-01
-1.32266015e-01
-1.32032961e-01
-1.31798670e-01
-1.31563142e-01
-1.31326377e-01
-1.31088376e-01
-1.30849138e-01
-1.30608663e-01
-1.30366951e-01
-1.30124003e-01
-1.29879817e-01
-1.29634410e-01
-1.29387781e-01
-1.29139960e-01
-1.28890917e-01
-1.28640682e-01
-1.28389224e-01
-1.28136575e-01
-1.27882704e-01
-1.27627641e-01
-1.27371371e-01
-1.27113894e-01
-1.26855209e-01
-1.26595333e-01
-1.26334265e-01
-1.26072004e-01
-1.25808582e-01
-1.25543967e-01
-1.25278175e-01
-1.25011221e-01
-1.24743074e-01
-1.24473773e-01
-1.24203295e-01
-1.23931646e-01
-1.23658836e-01
-1.23384856e-01
-1.23109721e-01
-1.22833431e-01
-1.22555986e-01
-1.22277379e-01
-1.21997625e-01
-1.21716715e-01
-1.21434674e-01
-1.21151492e-01
-1.20867170e-01
-1.20581709e-01
-1.20295107e-01
-1.20007381e-01
-1.19718529e-01
-1.19428553e-01
-1.19137444e-01
-1.18845217e-01
-1.18551865e-01
-1.18257403e-01
-1.17961831e-01
-1.17665149e-01
-1.17367357e-01
-1.17068462e-01
-1.16768464e-01
-1.16467372e-01
-1.16165183e-01
-1.15861900e-01
-1.15557529e-01
-1.15252070e-01
-1.14945531e-01
-1.14637911e-01
-1.14329211e-01
-1.14019431e-01
-1.13708578e-01
-1.13396667e-01
-1.13083683e-01
-1.12769641e-01
-1.12454526e-01
-1.12138353e-01
-1.11821122e-01
-1.11502849e-01
-1.11183517e-01
-1.10863142e-01
-1.10541716e-01
-1.10219255e-01
-1.09895758e-01
-1.09571226e-01
-1.09245650e-01
-1.08919062e-01
-1.08591445e-01
-1.08262815e-01
-1.07933164e-01
-1.07602499e-01
-1.07270822e-01
-1.06938139e-01
-1.06604442e-01
-1.06269747e-01
-1.05934039e-01
-1.05597347e-01
-1.05259664e-01
-1.04920991e-01
-1.04581326e-01
-1.04240671e-01
-1.03899039e-01
-1.03556439e-01
-1.03212856e-01
-1.02868304e-01
-1.02522783e-01
-1.02176309e-01
-1.01828866e-01
-1.01480462e-01
-1.01131096e-01
-1.00780785e-01
-1.00429535e-01
-1.00077331e-01
-9.97241884e-02
-9.93701071e-02
-9.90151018e-02
-9.86591578e-02
-9.83022824e-02
-9.79444757e-02
-9.75857526e-02
-9.72261205e-02
-9.68655646e-02
-9.65040997e-02
-9.61417183e-02
-9.57784429e-02
-9.54142585e-02
-9.50491726e-02
-9.46831927e-02
-9.43163261e-02
-9.39485803e-02
-9.35799405e-02
-9.32104215e-02
-9.28400233e-02
-9.24687609e-02
-9.20966193e-02
-9.17236060e-02
-9.13497359e-02
-9.09750164e-02
-9.05994326e-02
-9.02229995e-02
-8.98457170e-02
-8.94676000e-02
-8.90886337e-02
-8.87088254e-02
-8.83281827e-02
-8.79467204e-02
-8.75644237e-02
-8.71813074e-02
-8.67973566e-02
-8.64126012e-02
-8.60270262e-02
-8.56406465e-02
-8.52534547e-02
-8.48654658e-02
-8.44766721e-02
-8.40870887e-02
-8.36967006e-02
-8.33055377e-02
-8.29135925e-02
-8.25208649e-02
-8.21273550e-02
-8.17330778e-02
-8.13380331e-02
-8.09422135e-02
-8.05456340e-02
-8.01483020e-02
-7.97502175e-02
-7.93513805e-02
-7.89517909e-02
-7.85514638e-02
-7.81503990e-02
-7.77485967e-02
-7.73460567e-02
-7.69427940e-02
-7.65388086e-02
-7.61341006e-02
-7.57286698e-02
-7.53225312e-02
-7.49156848e-02
-7.45081306e-02
-7.40998760e-02
-7.36909211e-02
-7.32812732e-02
-7.28709325e-02
-7.24599063e-02
-7.20482022e-02
-7.16358200e-02
-7.12227598e-02
-7.08090365e-02
-7.03946501e-02
-6.99796006e-02
-6.95638880e-02
-6.91475272e-02
-6.87305182e-02
-6.83128610e-02
-6.78945556e-02
-6.74756169e-02
-6.70560449e-02
-6.66358396e-02
-6.62150010e-02
-6.57935441e-02
-6.53714687e-02
-6.49487749e-02
-6.45254627e-02
-6.41015545e-02
-6.36770353e-02
-6.32519200e-02
-6.28262162e-02
-6.23999164e-02
-6.19730391e-02
-6.15455732e-02
-6.11175299e-02
-6.06889129e-02
-6.02597222e-02
-5.98299652e-02
-5.93996421e-02
-5.89687638e-02
-5.85373268e-02
-5.81053458e-02
-5.76728135e-02
-5.72397448e-02
-5.68061322e-02
-5.63719906e-02
-5.59373125e-02
-5.55021130e-02
-5.50663881e-02
-5.46301417e-02
-5.41933887e-02
-5.37561215e-02
-5.33183515e-02
-5.28800786e-02
-5.24413101e-02
-5.20020463e-02
-5.15622944e-02
-5.11220582e-02
-5.06813377e-02
-5.02401404e-02
-4.97984700e-02
-4.93563302e-02
-4.89137322e-02
-4.84706685e-02
-4.80271503e-02
-4.75831814e-02
-4.71387617e-02
-4.66938987e-02
-4.62485962e-02
-4.58028652e-02
-4.53566983e-02
-4.49101068e-02
-4.44630906e-02
-4.40156609e-02
-4.35678102e-02
-4.31195535e-02
-4.26708907e-02
-4.22218293e-02
-4.17723656e-02
-4.13225144e-02
-4.08722721e-02
-4.04216461e-02
-3.99706364e-02
-3.95192504e-02
-3.90674956e-02
-3.86153758e-02
-3.81628908e-02
-3.77100445e-02
-3.72568443e-02
-3.68032940e-02
-3.63493934e-02
-3.58951576e-02
-3.54405791e-02
-3.49856727e-02
-3.45304310e-02
-3.40748653e-02
-3.36189829e-02
-3.31627801e-02
-3.27062681e-02
-3.22494432e-02
-3.17923203e-02
-3.13348956e-02
-3.08771804e-02
-3.04191727e-02
-2.99608782e-02
-2.95023024e-02
-2.90434491e-02
-2.85843238e-02
-2.81249285e-02
-2.76652686e-02
-2.72053499e-02
-2.67451759e-02
-2.62847506e-02
-2.58240774e-02
-2.53631603e-02
-2.49020029e-02
-2.44406145e-02
-2.39789933e-02
-2.35171504e-02
-2.30550840e-02
-2.25927997e-02
-2.21303049e-02
-2.16675997e-02
-2.12046932e-02
-2.07415875e-02
-2.02782862e-02
-1.98147930e-02
-1.93511136e-02
-1.88872498e-02
-1.84232108e-02
-1.79589968e-02
-1.74946152e-02
-1.70300677e-02
-1.65653601e-02
-1.61004979e-02
-1.56354830e-02
-1.51703227e-02
-1.47050200e-02
-1.42395785e-02
-1.37740038e-02
-1.33082997e-02
-1.28424708e-02
-1.23765208e-02
-1.19104544e-02
-1.14442753e-02
-1.09779891e-02
-1.05116004e-02
-1.00451112e-02
-9.57852881e-03
-9.11185518e-03
-8.64509586e-03
-8.17825552e-03
-7.71133741e-03
-7.24434713e-03
-6.77728886e-03
-6.31016633e-03
-5.84298512e-03
-5.37574850e-03
-4.90846206e-03
-4.44112858e-03
-3.97375412e-03
-3.50634172e-03
-3.03889601e-03
-2.57142191e-03
-2.10392359e-03
-1.63640559e-03
-1.16887211e-03
-7.01327692e-04
-2.33776620e-04
2.33776620e-04
7.01327692e-04
