-1.41978206e-03
-4.73262189e-04
4.73262189e-04
1.41978206e-03
2.36628857e-03
3.31277284e-03
4.25922638e-03
5.20563964e-03
6.15200400e-03
7.09831016e-03
8.04455020e-03
8.99071433e-03
9.93679278e-03
1.08827790e-02
1.18286619e-02
1.27744339e-02
1.37200858e-02
1.46656083e-02
1.56109929e-02
1.65562313e-02
1.75013151e-02
1.84462331e-02
1.93909779e-02
2.03355383e-02
2.12799087e-02
2.22240798e-02
2.31680404e-02
2.41117831e-02
2.50553004e-02
2.59985812e-02
2.69416161e-02
2.78843977e-02
2.88269166e-02
2.97691654e-02
3.07111330e-02
3.16528119e-02
3.25941928e-02
3.35352682e-02
3.44760269e-02
3.54164615e-02
3.63565609e-02
3.72963212e-02
3.82357314e-02
3.91747840e-02
4.01134640e-02
4.10517678e-02
4.19896878e-02
4.29272130e-02
4.38643359e-02
4.48010415e-02
4.57373261e-02
4.66731824e-02
4.76085991e-02
4.85435687e-02
4.94780801e-02
5.04121222e-02
5.13456948e-02
5.22787832e-02
5.32113798e-02
5.41434772e-02
5.50750606e-02
5.60061298e-02
5.69366738e-02
5.78666814e-02
5.87961450e-02
5.97250573e-02
6.06534034e-02
6.15811832e-02
6.25083819e-02
6.34349957e-02
6.43610060e-02
6.52864128e-02
6.62112013e-02
6.71353713e-02
6.80589080e-02
6.89818040e-02
6.99040592e-02
7.08256513e-02
7.17465803e-02
7.26668313e-02
7.35863969e-02
7.45052770e-02
7.54234567e-02
7.63409138e-02
7.72576630e-02
7.81736821e-02
7.90889710e-02
8.00035074e-02
8.09173062e-02
8.18303302e-02
8.27425867e-02
8.36540684e-02
8.45647603e-02
8.54746625e-02
8.63837600e-02
8.72920454e-02
8.81995037e-02
8.91061425e-02
9.00119320e-02
9.09168869e-02
9.18209776e-02
9.27242041e-02
9.36265662e-02
9.45280343e-02
9.54286233e-02
9.63283032e-02
9.72270891e-02
9.81249511e-02
9.90218967e-02
9.99179110e-02
1.00812986e-01
1.01707108e-01
1.02600276e-01
1.03492476e-01
1.04383707e-01
1.05273962e-01
1.06163219e-01
1.07051477e-01
1.07938729e-01
1.08824961e-01
1.09710179e-01
1.10594355e-01
1.11477494e-01
1.12359591e-01
1.13240629e-01
1.14120603e-01
1.14999495e-01
1.15877315e-01
1.16754033e-01
1.17629655e-01
1.18504167e-01
1.19377576e-01
1.20249853e-01
1.21121004e-01
1.21991023e-01
1.22859888e-01
1.23727605e-01
1.24594152e-01
1.25459522e-01
1.26323730e-01
1.27186760e-01
1.28048569e-01
1.28909186e-01
1.29768580e-01
1.30626783e-01
1.31483734e-01
1.32339448e-01
1.33193925e-01
1.34047136e-01
1.34899095e-01
1.35749772e-01
1.36599198e-01
1.37447312e-01
1.38294145e-01
1.39139667e-01
1.39983892e-01
1.40826792e-01
1.41668364e-01
1.42508626e-01
1.43347532e-01
1.44185096e-01
1.45021304e-01
1.45856157e-01
1.46689624e-01
1.47521704e-01
1.48352399e-01
1.49181709e-01
1.50009602e-01
1.50836080e-01
1.51661143e-01
1.52484789e-01
1.53306991e-01
1.54127747e-01
1.54947057e-01
1.55764937e-01
1.56581327e-01
1.57396242e-01
1.58209682e-01
1.59021631e-01
1.59832090e-01
1.60641044e-01
1.61448494e-01
1.62254423e-01
1.63058817e-01
1.63861677e-01
1.64663002e-01
1.65462777e-01
1.66260988e-01
1.67057633e-01
1.67852715e-01
1.68646216e-01
1.69438109e-01
1.70228407e-01
1.71017110e-01
1.71804190e-01
1.72589645e-01
1.73373476e-01
1.74155697e-01
1.74936265e-01
1.75715178e-01
1.76492438e-01
1.77268043e-01
1.78041995e-01
1.78814262e-01
1.79584846e-01
1.80353746e-01
1.81120947e-01
1.81886449e-01
1.82650238e-01
1.83412313e-01
1.84172660e-01
1.84931278e-01
1.85688153e-01
1.86443284e-01
1.87196672e-01
1.87948287e-01
1.88698128e-01
1.89446196e-01
1.90192491e-01
1.90936998e-01
1.91679686e-01
1.92420587e-01
1.93159670e-01
1.93896949e-01
1.94632381e-01
1.95365995e-01
1.96097761e-01
1.96827710e-01
1.97555780e-01
1.98282003e-01
1.99006349e-01
1.99728847e-01
2.00449437e-01
2.01168150e-01
2.01884970e-01
2.02599898e-01
2.03312933e-01
2.04024047e-01
2.04733238e-01
2.05440491e-01
2.06145838e-01
2.06849217e-01
2.07550660e-01
2.08250150e-01
2.08947688e-01
2.09643275e-01
2.10336879e-01
2.11028501e-01
2.11718142e-01
2.12405801e-01
2.13091448e-01
2.13775098e-01
2.14456722e-01
2.15136334e-01
2.15813920e-01
2.16489479e-01
2.17162997e-01
2.17834488e-01
2.18503922e-01
2.19171330e-01
2.19836652e-01
2.20499903e-01
2.21161082e-01
2.21820191e-01
2.22477213e-01
2.23132133e-01
2.23784953e-01
2.24435672e-01
2.25084290e-01
2.25730792e-01
2.26375148e-01
2.27017373e-01
2.27657467e-01
2.28295431e-01
2.28931233e-01
2.29564875e-01
2.30196357e-01
2.30825678e-01
2.31452852e-01
2.32077822e-01
2.32700616e-01
2.33321205e-01
2.33939603e-01
2.34555811e-01
2.35169798e-01
2.35781565e-01
2.36391127e-01
2.36998454e-01
2.37603575e-01
2.38206461e-01
2.38807097e-01
2.39405483e-01
2.40001619e-01
2.40595505e-01
2.41187140e-01
2.41776496e-01
2.42363572e-01
2.42948368e-01
2.43530884e-01
2.44111121e-01
2.44689047e-01
2.45264679e-01
2.45837986e-01
2.46408984e-01
2.46977672e-01
2.47544035e-01
2.48108074e-01
2.48669788e-01
2.49229148e-01
2.49786183e-01
2.50340879e-01
2.50893235e-01
2.51443207e-01
2.51990825e-01
2.52536088e-01
2.53078997e-01
2.53619552e-01
2.54157692e-01
2.54693419e-01
2.55226731e-01
2.55757630e-01
2.56286114e-01
2.56812185e-01
2.57335842e-01
2.57857114e-01
2.58375943e-01
2.58892387e-01
2.59406388e-01
2.59918004e-01
2.60427117e-01
2.60933787e-01
2.61437953e-01
2.61939675e-01
2.62438893e-01
2.62935668e-01
2.63429940e-01
2.63921767e-01
2.64411092e-01
2.64897972e-01
2.65382349e-01
2.65864283e-01
2.66343743e-01
2.66820669e-01
2.67295063e-01
2.67766923e-01
2.68236250e-01
2.68703014e-01
2.69167274e-01
2.69628972e-01
2.70088166e-01
2.70544797e-01
2.70998925e-01
2.71450490e-01
2.71899551e-01
2.72346050e-01
2.72790045e-01
2.73231417e-01
2.73670226e-01
2.74106413e-01
2.74540037e-01
2.74971038e-01
2.75399446e-01
2.75825262e-01
2.76248485e-01
2.76669115e-01
2.77087152e-01
2.77502596e-01
2.77915448e-01
2.78325707e-01
2.78733373e-01
2.79138446e-01
2.79540867e-01
2.79940635e-01
2.80337751e-01
2.80732214e-01
2.81124026e-01
2.81513184e-01
2.81899661e-01
2.82283515e-01
2.82664686e-01
2.83043236e-01
2.83419102e-01
2.83792347e-01
2.84162909e-01
2.84530848e-01
2.84896106e-01
2.85258740e-01
2.85618663e-01
2.85975903e-01
2.86330402e-01
2.86682218e-01
2.87031293e-01
2.87377685e-01
2.87721336e-01
2.88062274e-01
2.88400501e-01
2.88736016e-01
2.89068818e-01
2.89398909e-01
2.89726287e-01
2.90050954e-01
2.90372908e-01
2.90692151e-01
2.91008681e-01
2.91322500e-01
2.91633606e-01
2.91941941e-01
2.92247504e-01
2.92550325e-01
2.92850345e-01
2.93147624e-01
2.93442100e-01
2.93733835e-01
2.94022769e-01
2.94308960e-01
2.94592351e-01
2.94872999e-01
2.95150846e-01
2.95425951e-01
2.95698255e-01
2.95967817e-01
2.96234578e-01
2.96498597e-01
2.96759814e-01
2.97018290e-01
2.97273964e-01
2.97526896e-01
2.97777027e-01
2.98024386e-01
2.98268884e-01
2.98510581e-01
2.98749417e-01
2.98985451e-01
2.99218625e-01
2.99448997e-01
2.99676538e-01
2.99901247e-01
3.00123125e-01
3.00342172e-01
3.00558388e-01
3.00771773e-01
3.00982326e-01
3.01190048e-01
3.01394939e-01
3.01596999e-01
3.01796228e-01
3.01992625e-01
3.02186191e-01
3.02376926e-01
3.02564830e-01
3.02749902e-01
3.02932143e-01
3.03111553e-01
3.03288132e-01
3.03461879e-01
3.03632796e-01
3.03800881e-01
3.03966135e-01
3.04128498e-01
3.04287970e-01
3.04444551e-01
3.04598242e-01
3.04749042e-01
3.04896951e-01
3.05041969e-01
3.05184096e-01
3.05323333e-01
3.05459678e-01
3.05593133e-01
3.05723697e-01
3.05851370e-01
3.05976152e-01
3.06098044e-01
3.06217045e-01
3.06333154e-01
3.06446373e-01
3.06556702e-01
3.06664139e-01
3.06768686e-01
3.06870341e-01
3.06969106e-01
3.07065010e-01
3.07157993e-01
3.07248116e-01
3.07335317e-01
3.07419658e-01
3.07501078e-01
3.07579637e-01
3.07655275e-01
3.07728052e-01
3.07797909e-01
3.07864904e-01
3.07928979e-01
3.07990193e-01
3.08048487e-01
3.08103919e-01
3.08156431e-01
3.08206081e-01
3.08252811e-01
3.08296680e-01
3.08337629e-01
3.08375716e-01
3.08410883e-01
3.08443189e-01
3.08472574e-01
3.08499098e-01
3.08522701e-01
3.08543414e-01
3.08561146e-01
3.08575958e-01
3.08587790e-01
3.08596700e-01
3.08602631e-01
3.08605641e-01
3.08605671e-01
3.08602780e-01
3.08596909e-01
3.08588117e-01
3.08576345e-01
3.08561653e-01
3.08543980e-01
3.08523387e-01
3.08499843e-01
3.08473438e-01
3.08444113e-01
3.08411926e-01
3.08376819e-01
3.08338851e-01
3.08297962e-01
3.08254212e-01
3.08207542e-01
3.08158010e-01
3.08105558e-01
3.08050245e-01
3.07992011e-01
3.07930917e-01
3.07866901e-01
3.07800025e-01
3.07730228e-01
3.07657570e-01
3.07581991e-01
3.07503551e-01
3.07422191e-01
3.07337970e-01
3.07250828e-01
3.07160825e-01
3.07067901e-01
3.06972116e-01
3.06873411e-01
3.06771845e-01
3.06667358e-01
3.06560010e-01
3.06449741e-01
3.06336612e-01
3.06220561e-01
3.06101650e-01
3.05979818e-01
3.05855095e-01
3.05727482e-01
3.05596977e-01
3.05463582e-01
3.05327296e-01
3.05188119e-01
3.05046052e-01
3.04901093e-01
3.04753244e-01
3.04602504e-01
3.04448873e-01
3.04292351e-01
3.04132938e-01
3.03970635e-01
3.03805470e-01
3.03637475e-01
3.03466648e-01
3.03292960e-01
3.03116471e-01
3.02937120e-01
3.02754968e-01
3.02569956e-01
3.02382141e-01
3.02191466e-01
3.01997989e-01
3.01801652e-01
3.01602513e-01
3.01400512e-01
3.01195711e-01
3.00988048e-01
3.00777584e-01
3.00564259e-01
3.00348133e-01
3.00129145e-01
2.99907357e-01
2.99682707e-01
2.99455255e-01
2.99224943e-01
2.98991829e-01
2.98755854e-01
2.98517078e-01
2.98275441e-01
2.98031002e-01
2.97783703e-01
2.97533631e-01
2.97280759e-01
2.97025144e-01
2.96766728e-01
2.96505570e-01
2.96241611e-01
2.95974910e-01
2.95705408e-01
2.95433164e-01
2.95158118e-01
2.94880331e-01
2.94599742e-01
2.94316411e-01
2.94030279e-01
2.93741405e-01
2.93449730e-01
2.93155313e-01
2.92858124e-01
2.92558163e-01
2.92255431e-01
2.91949928e-01
2.91641653e-01
2.91330606e-01
2.91016847e-01
2.90700376e-01
2.90381193e-01
2.90059298e-01
2.89734691e-01
2.89407372e-01
2.89077342e-01
2.88744599e-01
2.88409144e-01
2.88070977e-01
2.87730098e-01
2.87386507e-01
2.87040204e-01
2.86691159e-01
2.86339432e-01
2.85984963e-01
2.85627812e-01
2.85267919e-01
2.84905374e-01
2.84540147e-01
2.84172297e-01
2.83801764e-01
2.83428609e-01
2.83052772e-01
2.82674313e-01
2.82293171e-01
2.81909376e-01
2.81522930e-01
2.81133831e-01
2.80742079e-01
2.80347675e-01
2.79950619e-01
2.79550910e-01
2.79148549e-01
2.78743535e-01
2.78335899e-01
2.77925700e-01
2.77512878e-01
2.77097493e-01
2.76679486e-01
2.76258916e-01
2.75835723e-01
2.75409967e-01
2.74981588e-01
2.74550647e-01
2.74117082e-01
2.73680955e-01
2.73242205e-01
2.72800893e-01
2.72356957e-01
2.71910489e-01
2.71461457e-01
2.71009922e-01
2.70555824e-01
2.70099223e-01
2.69640058e-01
2.69178391e-01
2.68714190e-01
2.68247455e-01
2.67778188e-01
2.67306387e-01
2.66832054e-01
2.66355187e-01
2.65875787e-01
2.65393913e-01
2.64909565e-01
2.64422745e-01
2.63933450e-01
2.63441682e-01
2.62947440e-01
2.62450725e-01
2.61951536e-01
2.61449844e-01
2.60945708e-01
2.60439068e-01
2.59929985e-01
2.59418398e-01
2.58904427e-01
2.58388042e-01
2.57869244e-01
2.57348031e-01
2.56824404e-01
2.56298363e-01
2.55769908e-01
2.55239040e-01
2.54705757e-01
2.54170060e-01
2.53631949e-01
2.53091425e-01
2.52548546e-01
2.52003312e-01
2.51455724e-01
2.50905782e-01
2.50353456e-01
2.49798805e-01
2.49241799e-01
2.48682454e-01
2.48120785e-01
2.47556776e-01
2.46990427e-01
2.46421769e-01
2.45850801e-01
2.45277509e-01
2.44701922e-01
2.44124010e-01
2.43543804e-01
2.42961302e-01
2.42376536e-01
2.41789475e-01
2.41200149e-01
2.40608543e-01
2.40014687e-01
2.39418566e-01
2.38820210e-01
2.38219589e-01
2.37616733e-01
2.37011626e-01
2.36404315e-01
2.35794768e-01
2.35183015e-01
2.34569043e-01
2.33952850e-01
2.33334467e-01
2.32713893e-01
2.32091114e-01
2.31466159e-01
2.30838999e-01
2.30209693e-01
2.29578227e-01
2.28944600e-01
2.28308812e-01
2.27670863e-01
2.27030784e-01
2.26388574e-01
2.25744233e-01
2.25097746e-01
2.24449143e-01
2.23798439e-01
2.23145634e-01
2.22490728e-01
2.21833721e-01
2.21174613e-01
2.20513433e-01
2.19850183e-01
2.19184875e-01
2.18517482e-01
2.17848063e-01
2.17176586e-01
2.16503069e-01
2.15827510e-01
2.15149924e-01
2.14470312e-01
2.13788688e-01
2.13105053e-01
2.12419420e-01
2.11731762e-01
2.11042136e-01
2.10350513e-01
2.09656909e-01
2.08961323e-01
2.08263785e-01
2.07564294e-01
2.06862837e-01
2.06159443e-01
2.05454081e-01
2.04746813e-01
2.04037607e-01
2.03326494e-01
2.02613458e-01
2.01898515e-01
2.01181695e-01
2.00462967e-01
1.99742362e-01
1.99019849e-01
1.98295489e-01
1.97569251e-01
1.96841165e-01
1.96111202e-01
1.95379421e-01
1.94645792e-01
1.93910345e-01
1.93173051e-01
1.92433953e-01
1.91693038e-01
1.90950334e-01
1.90205812e-01
1.89459503e-01
1.88711420e-01
1.87961549e-01
1.87209919e-01
1.86456501e-01
1.85701355e-01
1.84944451e-01
1.84185818e-01
1.83425456e-01
1.82663366e-01
1.81899548e-01
1.81134030e-01
1.80366784e-01
1.79597870e-01
1.78827256e-01
1.78054973e-01
1.77281007e-01
1.76505387e-01
1.75728112e-01
1.74949169e-01
1.74168587e-01
1.73386335e-01
1.72602475e-01
1.71816990e-01
1.71029881e-01
1.70241147e-01
1.69450819e-01
1.68658897e-01
1.67865381e-01
1.67070270e-01
1.66273594e-01
1.65475354e-01
1.64675549e-01
1.63874194e-01
1.63071305e-01
1.62266865e-01
1.61460906e-01
1.60653412e-01
1.59844428e-01
1.59033924e-01
1.58221930e-01
1.57408461e-01
1.56593502e-01
1.55777082e-01
1.54959172e-01
1.54139832e-01
1.53319031e-01
1.52496800e-01
1.51673123e-01
1.50848031e-01
1.50021508e-01
1.49193585e-01
1.48364231e-01
1.47533506e-01
1.46701381e-01
1.45867884e-01
1.45033002e-01
1.44196749e-01
1.43359154e-01
1.42520189e-01
1.41679898e-01
1.40838265e-01
1.39995322e-01
1.39151067e-01
1.38305500e-01
1.37458622e-01
1.36610463e-01
1.35760993e-01
1.34910271e-01
1.34058282e-01
1.33205026e-01
1.32350504e-01
1.31494746e-01
1.30637750e-01
1.29779503e-01
1.28920048e-01
1.28059387e-01
1.27197519e-01
1.26334444e-01
1.25470191e-01
1.24604762e-01
1.23738162e-01
1.22870393e-01
1.22001469e-01
1.21131405e-01
1.20260194e-01
1.19387865e-01
1.18514404e-01
1.17639840e-01
1.16764158e-01
1.15887389e-01
1.15009516e-01
1.14130571e-01
1.13250546e-01
1.12369448e-01
1.11487307e-01
1.10604107e-01
1.09719872e-01
1.08834609e-01
1.07948318e-01
1.07061014e-01
1.06172703e-01
1.05283387e-01
1.04393080e-01
1.03501797e-01
1.02609530e-01
1.01716310e-01
1.00822128e-01
9.99269933e-02
9.90309268e-02
9.81339216e-02
9.72360000e-02
9.63371620e-02
9.54374149e-02
9.45367813e-02
9.36352462e-02
9.27328318e-02
9.18295458e-02
9.09253880e-02
9.00203735e-02
8.91145170e-02
8.82078260e-02
8.73003006e-02
8.63919482e-02
8.54827836e-02
8.45728219e-02
8.36620629e-02
8.27505216e-02
8.18381980e-02
8.09251070e-02
8.00112486e-02
7.90966377e-02
7.81812891e-02
7.72652030e-02
7.63483942e-02
7.54308626e-02
7.45126233e-02
7.35936761e-02
7.26740360e-02
7.17537180e-02
7.08327293e-02
6.99110702e-02
6.89887479e-02
6.80657849e-02
6.71421811e-02
6.62179440e-02
6.52930886e-02
6.43676147e-02
6.34415373e-02
6.25148565e-02
6.15875907e-02
6.06597401e-02
5.97313270e-02
5.88023439e-02
5.78728132e-02
5.69427349e-02
5.60121238e-02
5.50809912e-02
5.41493334e-02
5.32171726e-02
5.22845052e-02
5.13513461e-02
5.04177026e-02
4.94835861e-02
4.85490039e-02
4.76139672e-02
4.66784760e-02
4.57425490e-02
4.48061936e-02
4.38694134e-02
4.29322235e-02
4.19946276e-02
4.10566367e-02
4.01182584e-02
3.91795039e-02
3.82403843e-02
3.73008996e-02
3.63610685e-02
3.54208946e-02
3.44803929e-02
3.35395597e-02
3.25984173e-02
3.16569619e-02
3.07152085e-02
2.97731683e-02
2.88308449e-02
2.78882533e-02
2.69453973e-02
2.60022860e-02
2.50589326e-02
2.41153408e-02
2.31715254e-02
2.22274903e-02
2.12832447e-02
2.03387998e-02
1.93941630e-02
1.84493456e-02
1.75043531e-02
1.65591966e-02
1.56138847e-02
1.46684255e-02
1.37228286e-02
1.27771012e-02
1.18312547e-02
1.08852973e-02
9.93923750e-03
8.99308361e-03
8.04684497e-03
7.10053090e-03
6.15415024e-03
5.20771090e-03
4.26122313e-03
3.31469486e-03
2.36813584e-03
1.42155460e-03
4.74960019e-04
-4.71639039e-04
-1.41823362e-03
-2.36481498e-03
-3.31137422e-03
-4.25790250e-03
-5.20439073e-03
-6.15083007e-03
-7.09721120e-03
-8.04352574e-03
-8.98976438e-03
-9.93591733e-03
-1.08819781e-02
-1.18279355e-02
-1.27737820e-02
-1.37195094e-02
-1.46651063e-02
-1.56105654e-02
-1.65558774e-02
-1.75010357e-02
-1.84460282e-02
-1.93908475e-02
-2.03354824e-02
-2.12799273e-02
-2.22241729e-02
-2.31682081e-02
-2.41120253e-02
-2.50556152e-02
-2.59989705e-02
-2.69420799e-02
-2.78849360e-02
-2.88275294e-02
-2.97698509e-02
-3.07118930e-02
-3.16536464e-02
-3.25951017e-02
-3.35362442e-02
-3.44770774e-02
-3.54175828e-02
-3.63577567e-02
-3.72975916e-02
-3.82370725e-02
-3.91761921e-02
-4.01149467e-02
-4.10533212e-02
-4.19913121e-02
-4.29289080e-02
-4.38661017e-02
-4.48028818e-02
-4.57392372e-02
-4.66751680e-02
-4.76106554e-02
-4.85456958e-02
-4.94802743e-02
-5.04143946e-02
-5.13480343e-02
-5.22811972e-02
-5.32138646e-02
-5.41460291e-02
-5.50776832e-02
-5.60088195e-02
-5.69394305e-02
-5.78695089e-02
-5.87990396e-02
-5.97280227e-02
-6.06564395e-02
-6.15842864e-02
-6.25115559e-02
-6.34382367e-02
-6.43643141e-02
-6.52897954e-02
-6.62146509e-02
-6.71388879e-02
-6.80624917e-02
-6.89854622e-02
-6.99077845e-02
-7.08294436e-02
-7.17504397e-02
-7.26707578e-02
-7.35903904e-02
-7.45093375e-02
-7.54275769e-02
-7.63451084e-02
-7.72619173e-02
-7.81780109e-02
-7.90933594e-02
-8.00079629e-02
-8.09218213e-02
-8.18349123e-02
-8.27472359e-02
-8.36587846e-02
-8.45695436e-02
-8.54795054e-02
-8.63886699e-02
-8.72970223e-02
-8.82045478e-02
-8.91112387e-02
-9.00170952e-02
-9.09221098e-02
-9.18262675e-02
-9.27295536e-02
-9.36319754e-02
-9.45335031e-02
-9.54341441e-02
-9.63338837e-02
-9.72327292e-02
-9.81306508e-02
-9.90276560e-02
-9.99237373e-02
-1.00818865e-01
-1.01713046e-01
-1.02606267e-01
-1.03498533e-01
-1.04389817e-01
-1.05280124e-01
-1.06169447e-01
-1.07057758e-01
-1.07945070e-01
-1.08831361e-01
-1.09716624e-01
-1.10600859e-01
-1.11484058e-01
-1.12366207e-01
-1.13247298e-01
-1.14127323e-01
-1.15006275e-01
-1.15884148e-01
-1.16760924e-01
-1.17636606e-01
-1.18511178e-01
-1.19384632e-01
-1.20256968e-01
-1.21128172e-01
-1.21998243e-01
-1.22867167e-01
-1.23734936e-01
-1.24601535e-01
-1.25466973e-01
-1.26331225e-01
-1.27194300e-01
-1.28056169e-01
-1.28916830e-01
-1.29776299e-01
-1.30634531e-01
-1.31491542e-01
-1.32347301e-01
-1.33201823e-01
-1.34055078e-01
-1.34907067e-01
-1.35757804e-01
-1.36607260e-01
-1.37455434e-01
-1.38302296e-01
-1.39147878e-01
-1.39992133e-01
-1.40835091e-01
-1.41676709e-01
-1.42517015e-01
-1.43355966e-01
-1.44193575e-01
-1.45029813e-01
-1.45864710e-01
-1.46698222e-01
-1.47530332e-01
-1.48361072e-01
-1.49190411e-01
-1.50018349e-01
-1.50844857e-01
-1.51669964e-01
-1.52493641e-01
-1.53315887e-01
-1.54136673e-01
-1.54956028e-01
-1.55773923e-01
-1.56590357e-01
-1.57405302e-01
-1.58218786e-01
-1.59030795e-01
-1.59841284e-01
-1.60650283e-01
-1.61457762e-01
-1.62263736e-01
-1.63068160e-01
-1.63871065e-01
-1.64672419e-01
-1.65472224e-01
-1.66270465e-01
-1.67067140e-01
-1.67862251e-01
-1.68655783e-01
-1.69447705e-01
-1.70238033e-01
-1.71026766e-01
-1.71813875e-01
-1.72599360e-01
-1.73383236e-01
-1.74165472e-01
-1.74946070e-01
-1.75724998e-01
-1.76502287e-01
-1.77277923e-01
-1.78051889e-01
-1.78824171e-01
-1.79594785e-01
-1.80363700e-01
-1.81130946e-01
-1.81896463e-01
-1.82660282e-01
-1.83422372e-01
-1.84182763e-01
-1.84941396e-01
-1.85698301e-01
-1.86453447e-01
-1.87206864e-01
-1.87958494e-01
-1.88708365e-01
-1.89456448e-01
-1.90202773e-01
-1.90947294e-01
-1.91690013e-01
-1.92430928e-01
-1.93170026e-01
-1.93907320e-01
-1.94642767e-01
-1.95376396e-01
-1.96108192e-01
-1.96838155e-01
-1.97566256e-01
-1.98292494e-01
-1.99016854e-01
-1.99739367e-01
-2.00459972e-01
-2.01178700e-01
-2.01895535e-01
-2.02610478e-01
-2.03323528e-01
-2.04034656e-01
-2.04743847e-01
-2.05451131e-01
-2.06156477e-01
-2.06859887e-01
-2.07561329e-01
-2.08260834e-01
-2.08958387e-01
-2.09653974e-01
-2.10347578e-01
-2.11039200e-01
-2.11728841e-01
-2.12416515e-01
-2.13102162e-01
-2.13785812e-01
-2.14467436e-01
-2.15147048e-01
-2.15824634e-01
-2.16500193e-01
-2.17173710e-01
-2.17845201e-01
-2.18514636e-01
-2.19182044e-01
-2.19847366e-01
-2.20510617e-01
-2.21171796e-01
-2.21830904e-01
-2.22487926e-01
-2.23142833e-01
-2.23795652e-01
-2.24446356e-01
-2.25094974e-01
-2.25741446e-01
-2.26385802e-01
-2.27028012e-01
-2.27668107e-01
-2.28306070e-01
-2.28941873e-01
-2.29575515e-01
-2.30206996e-01
-2.30836302e-01
-2.31463462e-01
-2.32088417e-01
-2.32711196e-01
-2.33331785e-01
-2.33950183e-01
-2.34566391e-01
-2.35180378e-01
-2.35792145e-01
-2.36401692e-01
-2.37009019e-01
-2.37614125e-01
-2.38216981e-01
-2.38817602e-01
-2.39415973e-01
-2.40012094e-01
-2.40605965e-01
-2.41197586e-01
-2.41786927e-01
-2.42373988e-01
-2.42958769e-01
-2.43541270e-01
-2.44121492e-01
-2.44699404e-01
-2.45275006e-01
-2.45848298e-01
-2.46419281e-01
-2.46987954e-01
-2.47554317e-01
-2.48118341e-01
-2.48680025e-01
-2.49239370e-01
-2.49796361e-01
-2.50351042e-01
-2.50903338e-01
-2.51453310e-01
-2.52000928e-01
-2.52546191e-01
-2.53089070e-01
-2.53629595e-01
-2.54167706e-01
-2.54703403e-01
-2.55236685e-01
-2.55767554e-01
-2.56296039e-01
-2.56822079e-01
-2.57345736e-01
-2.57866949e-01
-2.58385777e-01
-2.58902162e-01
-2.59416163e-01
-2.59927720e-01
-2.60436833e-01
-2.60943443e-01
-2.61447608e-01
-2.61949271e-01
-2.62448490e-01
-2.62945205e-01
-2.63439476e-01
-2.63931245e-01
-2.64420569e-01
-2.64907390e-01
-2.65391767e-01
-2.65873641e-01
-2.66353041e-01
-2.66829938e-01
-2.67304301e-01
-2.67776102e-01
-2.68245399e-01
-2.68712133e-01
-2.69176364e-01
-2.69638032e-01
-2.70097196e-01
-2.70553797e-01
-2.71007895e-01
-2.71459430e-01
-2.71908462e-01
-2.72354931e-01
-2.72798866e-01
-2.73240179e-01
-2.73678929e-01
-2.74115056e-01
-2.74548620e-01
-2.74979562e-01
-2.75407940e-01
-2.75833726e-01
-2.76256919e-01
-2.76677519e-01
-2.77095526e-01
-2.77510941e-01
-2.77923763e-01
-2.78333992e-01
-2.78741628e-01
-2.79146641e-01
-2.79549003e-01
-2.79948711e-01
-2.80345768e-01
-2.80740172e-01
-2.81131923e-01
-2.81521022e-01
-2.81907469e-01
-2.82291263e-01
-2.82672405e-01
-2.83050895e-01
-2.83426732e-01
-2.83799917e-01
-2.84170449e-01
-2.84538329e-01
-2.84903556e-01
-2.85266131e-01
-2.85626024e-01
-2.85983175e-01
-2.86337644e-01
-2.86689371e-01
-2.87038416e-01
-2.87384719e-01
-2.87728339e-01
-2.88069218e-01
-2.88407415e-01
-2.88742870e-01
-2.89075643e-01
-2.89405674e-01
-2.89733022e-01
-2.90057629e-01
-2.90379524e-01
-2.90698707e-01
-2.91015178e-01
-2.91328937e-01
-2.91639984e-01
-2.91948289e-01
-2.92253822e-01
-2.92556584e-01
-2.92856544e-01
-2.93153763e-01
-2.93448180e-01
-2.93739855e-01
-2.94028729e-01
-2.94314861e-01
-2.94598192e-01
-2.94878781e-01
-2.95156568e-01
-2.95431614e-01
-2.95703858e-01
-2.95973361e-01
-2.96240062e-01
-2.96504021e-01
-2.96765178e-01
-2.97023594e-01
-2.97279209e-01
-2.97532082e-01
-2.97782153e-01
-2.98029453e-01
-2.98273891e-01
-2.98515528e-01
-2.98754305e-01
-2.98990279e-01
-2.99223393e-01
-2.99453706e-01
-2.99681157e-01
-2.99905807e-01
-3.00127596e-01
-3.00346583e-01
-3.00562710e-01
-3.00776035e-01
-3.00986499e-01
-3.01194161e-01
-3.01398963e-01
-3.01600963e-01
-3.01800102e-01
-3.01996440e-01
-3.02189916e-01
-3.02380592e-01
-3.02568406e-01
-3.02753419e-01
-3.02935600e-01
-3.03114951e-01
-3.03291470e-01
-3.03465158e-01
-3.03636014e-01
-3.03804040e-01
-3.03969234e-01
-3.04131538e-01
-3.04290950e-01
-3.04447472e-01
-3.04601103e-01
-3.04751843e-01
-3.04899693e-01
-3.05044651e-01
-3.05186719e-01
-3.05325896e-01
-3.05462182e-01
-3.05595577e-01
-3.05726081e-01
-3.05853695e-01
-3.05978417e-01
-3.06100249e-01
-3.06219190e-01
-3.06335241e-01
-3.06448400e-01
-3.06558669e-01
-3.06666046e-01
-3.06770533e-01
-3.06872129e-01
-3.06970835e-01
-3.07066649e-01
-3.07159573e-01
-3.07249576e-01
-3.07336718e-01
-3.07420939e-01
-3.07502300e-01
-3.07580739e-01
-3.07656318e-01
-3.07728976e-01
-3.07798773e-01
-3.07865649e-01
-3.07929665e-01
-3.07990760e-01
-3.08048993e-01
-3.08104306e-01
-3.08156759e-01
-3.08206290e-01
-3.08252960e-01
-3.08296710e-01
-3.08337599e-01
-3.08375567e-01
-3.08410674e-01
-3.08442861e-01
-3.08472186e-01
-3.08498591e-01
-3.08522135e-01
-3.08542728e-01
-3.08560401e-01
-3.08575094e-01
-3.08586866e-01
-3.08595657e-01
-3.08601528e-01
-3.08604419e-01
-3.08604389e-01
-3.08601379e-01
-3.08595449e-01
-3.08586538e-01
-3.08574706e-01
-3.08559895e-01
-3.08542162e-01
-3.08521450e-01
-3.08497876e-01
-3.08471382e-01
-3.08442026e-01
-3.08409750e-01
-3.08374614e-01
-3.08336556e-01
-3.08295637e-01
-3.08251798e-01
-3.08205098e-01
-3.08155477e-01
-3.08102995e-01
-3.08047593e-01
-3.07989329e-01
-3.07928145e-01
-3.07864100e-01
-3.07797134e-01
-3.07727277e-01
-3.07654530e-01
-3.07578892e-01
-3.07500362e-01
-3.07418942e-01
-3.07334632e-01
-3.07247430e-01
-3.07157338e-01
-3.07064354e-01
-3.06968480e-01
-3.06869715e-01
-3.06768060e-01
-3.06663513e-01
-3.06556076e-01
-3.06445748e-01
-3.06332529e-01
-3.06216419e-01
-3.06097418e-01
-3.05975527e-01
-3.05850744e-01
-3.05723071e-01
-3.05592507e-01
-3.05459052e-01
-3.05322707e-01
-3.05183470e-01
-3.05041343e-01
-3.04896325e-01
-3.04748416e-01
-3.04597616e-01
-3.04443926e-01
-3.04287344e-01
-3.04127872e-01
-3.03965509e-01
-3.03800285e-01
-3.03632230e-01
-3.03461313e-01
-3.03287596e-01
-3.03111017e-01
-3.02931637e-01
-3.02749395e-01
-3.02564353e-01
-3.02376449e-01
-3.02185744e-01
-3.01992178e-01
-3.01795810e-01
-3.01596582e-01
-3.01394552e-01
-3.01189661e-01
-3.00981969e-01
-3.00771415e-01
-3.00558060e-01
-3.00341845e-01
-3.00122827e-01
-2.99900949e-01
-2.99676269e-01
-2.99448729e-01
-2.99218386e-01
-2.98985183e-01
-2.98749179e-01
-2.98510313e-01
-2.98268646e-01
-2.98024118e-01
-2.97776788e-01
-2.97526628e-01
-2.97273725e-01
-2.97018021e-01
-2.96759576e-01
-2.96498328e-01
-2.96234339e-01
-2.95967549e-01
-2.95698017e-01
-2.95425683e-01
-2.95150608e-01
-2.94872761e-01
-2.94592142e-01
-2.94308752e-01
-2.94022590e-01
-2.93733656e-01
-2.93441951e-01
-2.93147475e-01
-2.92850226e-01
-2.92550206e-01
-2.92247415e-01
-2.91941851e-01
-2.91633517e-01
-2.91322410e-01
-2.91008592e-01
-2.90692061e-01
-2.90372819e-01
-2.90050864e-01
-2.89726198e-01
-2.89398819e-01
-2.89068729e-01
-2.88735926e-01
-2.88400412e-01
-2.88062185e-01
-2.87721246e-01
-2.87377596e-01
-2.87031233e-01
-2.86682159e-01
-2.86330372e-01
-2.85975903e-01
-2.85618693e-01
-2.85258800e-01
-2.84896165e-01
-2.84530908e-01
-2.84162968e-01
-2.83792406e-01
-2.83419162e-01
-2.83043295e-01
-2.82664746e-01
-2.82283574e-01
-2.81899720e-01
-2.81513244e-01
-2.81124085e-01
-2.80732304e-01
-2.80337840e-01
-2.79940754e-01
-2.79540986e-01
-2.79138595e-01
-2.78733552e-01
-2.78325886e-01
-2.77915627e-01
-2.77502775e-01
-2.77087331e-01
-2.76669294e-01
-2.76248664e-01
-2.75825441e-01
-2.75399625e-01
-2.74971217e-01
-2.74540216e-01
-2.74106622e-01
-2.73670435e-01
-2.73231655e-01
-2.72790283e-01
-2.72346318e-01
-2.71899819e-01
-2.71450758e-01
-2.70999193e-01
-2.70545065e-01
-2.70088434e-01
-2.69629240e-01
-2.69167542e-01
-2.68703282e-01
-2.68236518e-01
-2.67767191e-01
-2.67295361e-01
-2.66820997e-01
-2.66344100e-01
-2.65864670e-01
-2.65382767e-01
-2.64898390e-01
-2.64411539e-01
-2.63922215e-01
-2.63430387e-01
-2.62936115e-01
-2.62439340e-01
-2.61940122e-01
-2.61438400e-01
-2.60934234e-01
-2.60427564e-01
-2.59918451e-01
-2.59406865e-01
-2.58892864e-01
-2.58376449e-01
-2.57857621e-01
-2.57336378e-01
-2.56812721e-01
-2.56286651e-01
-2.55758166e-01
-2.55227268e-01
-2.54693955e-01
-2.54158229e-01
-2.53620088e-01
-2.53079534e-01
-2.52536625e-01
-2.51991361e-01
-2.51443744e-01
-2.50893772e-01
-2.50341445e-01
-2.49786764e-01
-2.49229729e-01
-2.48670369e-01
-2.48108670e-01
-2.47544631e-01
-2.46978253e-01
-2.46409565e-01
-2.45838568e-01
-2.45265260e-01
-2.44689658e-01
-2.44111732e-01
-2.43531510e-01
-2.42948994e-01
-2.42364213e-01
-2.41777137e-01
-2.41187781e-01
-2.40596160e-01
-2.40002275e-01
-2.39406139e-01
-2.38807768e-01
-2.38207132e-01
-2.37604260e-01
-2.36999139e-01
-2.36391813e-01
-2.35782251e-01
-2.35170484e-01
-2.34556496e-01
-2.33940288e-01
-2.33321890e-01
-2.32701302e-01
-2.32078522e-01
-2.31453553e-01
-2.30826408e-01
-2.30197087e-01
-2.29565606e-01
-2.28931963e-01
-2.28296161e-01
-2.27658197e-01
-2.27018103e-01
-2.26375878e-01
-2.25731537e-01
-2.25085050e-01
-2.24436447e-01
-2.23785728e-01
-2.23132923e-01
-2.22478002e-01
-2.21820980e-01
-2.21161872e-01
-2.20500693e-01
-2.19837442e-01
-2.19172120e-01
-2.18504727e-01
-2.17835292e-01
-2.17163816e-01
-2.16490299e-01
-2.15814739e-01
-2.15137154e-01
-2.14457542e-01
-2.13775918e-01
-2.13092282e-01
-2.12406635e-01
-2.11718976e-01
-2.11029351e-01
-2.10337728e-01
-2.09644124e-01
-2.08948538e-01
-2.08250999e-01
-2.07551509e-01
-2.06850067e-01
-2.06146687e-01
-2.05441341e-01
-2.04734087e-01
-2.04024896e-01
-2.03313783e-01
-2.02600747e-01
-2.01885819e-01
-2.01169014e-01
-2.00450301e-01
-1.99729711e-01
-1.99007213e-01
-1.98282868e-01
-1.97556645e-01
-1.96828574e-01
-1.96098626e-01
-1.95366859e-01
-1.94633245e-01
-1.93897814e-01
-1.93160534e-01
-1.92421451e-01
-1.91680551e-01
-1.90937862e-01
-1.90193355e-01
-1.89447060e-01
-1.88698992e-01
-1.87949136e-01
-1.87197521e-01
-1.86444119e-01
-1.85688987e-01
-1.84932113e-01
-1.84173495e-01
-1.83413133e-01
-1.82651058e-01
-1.81887269e-01
-1.81121767e-01
-1.80354536e-01
-1.79585636e-01
-1.78815037e-01
-1.78042769e-01
-1.77268833e-01
-1.76493227e-01
-1.75715953e-01
-1.74937040e-01
-1.74156457e-01
-1.73374251e-01
-1.72590405e-01
-1.71804950e-01
-1.71017870e-01
-1.70229167e-01
-1.69438869e-01
-1.68646961e-01
-1.67853475e-01
-1.67058378e-01
-1.66261733e-01
-1.65463522e-01
-1.64663747e-01
-1.63862422e-01
-1.63059562e-01
-1.62255168e-01
-1.61449239e-01
-1.60641775e-01
-1.59832820e-01
-1.59022361e-01
-1.58210412e-01
-1.57396972e-01
-1.56582057e-01
-1.55765653e-01
-1.54947788e-01
-1.54128462e-01
-1.53307706e-01
-1.52485505e-01
-1.51661873e-01
-1.50836810e-01
-1.50010332e-01
-1.49182424e-01
-1.48353115e-01
-1.47522420e-01
-1.46690339e-01
-1.45856872e-01
-1.45022020e-01
-1.44185811e-01
-1.43348247e-01
-1.42509326e-01
-1.41669065e-01
-1.40827492e-01
-1.39984578e-01
-1.39140353e-01
-1.38294816e-01
-1.37447998e-01
-1.36599869e-01
-1.35750458e-01
-1.34899765e-01
-1.34047821e-01
-1.33194596e-01
-1.32340118e-01
-1.31484389e-01
-1.30627438e-01
-1.29769236e-01
-1.28909841e-01
-1.28049225e-01
-1.27187401e-01
-1.26324371e-01
-1.25460163e-01
-1.24594785e-01
-1.23728238e-01
-1.22860521e-01
-1.21991649e-01
-1.21121630e-01
-1.20250478e-01
-1.19378194e-01
-1.18504778e-01
-1.17630258e-01
-1.16754636e-01
-1.15877911e-01
-1.15000091e-01
-1.14121191e-01
-1.13241211e-01
-1.12360172e-01
-1.11478075e-01
-1.10594928e-01
-1.09710746e-01
-1.08825527e-01
-1.07939288e-01
-1.07052036e-01
-1.06163770e-01
-1.05274506e-01
-1.04384251e-01
-1.03493020e-01
-1.02600813e-01
-1.01707645e-01
-1.00813515e-01
-9.99184400e-02
-9.90224183e-02
-9.81254652e-02
-9.72275957e-02
-9.63288099e-02
-9.54291224e-02
-9.45285335e-02
-9.36270580e-02
-9.27246958e-02
-9.18214619e-02
-9.09173638e-02
-9.00124088e-02
-8.91066119e-02
-8.81999731e-02
-8.72925073e-02
-8.63842219e-02
-8.54751170e-02
-8.45652148e-02
-8.36545154e-02
-8.27430338e-02
-8.18307698e-02
-8.09177384e-02
-8.00039396e-02
-7.90893883e-02
-7.81740993e-02
-7.72580802e-02
-7.63413310e-02
-7.54238591e-02
-7.45056793e-02
-7.35867992e-02
-7.26672187e-02
-7.17469677e-02
-7.08260313e-02
-6.99044392e-02
-6.89821765e-02
-6.80592731e-02
-6.71357289e-02
-6.62115589e-02
-6.52867630e-02
-6.43613562e-02
-6.34353384e-02
-6.25087246e-02
-6.15815185e-02
-6.06537350e-02
-5.97253814e-02
-5.87964654e-02
-5.78669980e-02
-5.69369830e-02
-5.60064353e-02
-5.50753661e-02
-5.41437715e-02
-5.32116741e-02
-5.22790700e-02
-5.13459742e-02
-5.04123978e-02
-4.94783483e-02
-4.85438332e-02
-4.76088561e-02
-4.66734357e-02
-4.57375720e-02
-4.48012836e-02
-4.38645706e-02
-4.29274440e-02
-4.19899151e-02
-4.10519876e-02
-4.01136763e-02
-3.91749926e-02
-3.82359363e-02
-3.72965187e-02
-3.63567546e-02
-3.54166441e-02
-3.44762057e-02
-3.35354432e-02
-3.25943641e-02
-3.16529758e-02
-3.07112914e-02
-2.97693200e-02
-2.88270656e-02
-2.78845429e-02
-2.69417558e-02
-2.59987153e-02
-2.50554308e-02
-2.41119079e-02
-2.31681615e-02
-2.22241953e-02
-2.12800186e-02
-2.03356445e-02
-1.93910766e-02
-1.84463281e-02
-1.75014045e-02
-1.65563170e-02
-1.56110730e-02
-1.46656837e-02
-1.37201566e-02
-1.27744991e-02
-1.18287224e-02
-1.08828340e-02
-9.93684400e-03
-8.99075996e-03
-8.04459117e-03
-7.09834695e-03
-6.15203567e-03
-5.20566618e-03
-4.25924826e-03
-3.31278984e-03
-2.36630067e-03
-1.41978927e-03
-4.73264576e-04
4.73264576e-04
1.41978927e-03
