-3.63343209e-03
-1.21114787e-03
1.21114787e-03
3.63343209e-03
6.05568243e-03
8.47787596e-03
1.08999899e-02
1.33220023e-02
1.57438908e-02
1.81656312e-02
2.05872022e-02
2.30085813e-02
2.54297461e-02
2.78506726e-02
3.02713364e-02
3.26917171e-02
3.51117887e-02
3.75315286e-02
3.99509184e-02
4.23699319e-02
4.47885506e-02
4.72067446e-02
4.96244989e-02
5.20417839e-02
5.44585846e-02
5.68748713e-02
5.92906289e-02
6.17058277e-02
6.41204491e-02
6.65344745e-02
6.89478740e-02
7.13606179e-02
7.37727061e-02
7.61841014e-02
7.85947889e-02
8.10047388e-02
8.34139287e-02
8.58223438e-02
8.82299542e-02
9.06367451e-02
9.30426717e-02
9.54477340e-02
9.78518948e-02
1.00255132e-01
1.02657430e-01
1.05058767e-01
1.07459113e-01
1.09858453e-01
1.12256758e-01
1.14654012e-01
1.17050186e-01
1.19445264e-01
1.21839225e-01
1.24232039e-01
1.26623690e-01
1.29014164e-01
1.31403431e-01
1.33791462e-01
1.36178225e-01
1.38563722e-01
1.40947923e-01
1.43330798e-01
1.45712331e-01
1.48092508e-01
1.50471285e-01
1.52848661e-01
1.55224591e-01
1.57599062e-01
1.59972072e-01
1.62343577e-01
1.64713547e-01
1.67081982e-01
1.69448853e-01
1.71814129e-01
1.74177781e-01
1.76539823e-01
1.78900182e-01
1.81258887e-01
1.83615878e-01
1.85971156e-01
1.88324690e-01
1.90676451e-01
1.93026438e-01
1.95374608e-01
1.97720960e-01
2.00065449e-01
2.02408060e-01
2.04748780e-01
2.07087576e-01
2.09424421e-01
2.11759314e-01
2.14092225e-01
2.16423124e-01
2.18751997e-01
2.21078813e-01
2.23403558e-01
2.25726217e-01
2.28046745e-01
2.30365142e-01
2.32681364e-01
2.34995425e-01
2.37307280e-01
2.39616930e-01
2.41924316e-01
2.44229436e-01
2.46532246e-01
2.48832762e-01
2.51130939e-01
2.53426760e-01
2.55720228e-01
2.58011281e-01
2.60299951e-01
2.62586176e-01
2.64869928e-01
2.67151207e-01
2.69429952e-01
2.71706164e-01
2.73979843e-01
2.76250958e-01
2.78519452e-01
2.80785322e-01
2.83048570e-01
2.85309196e-01
2.87567139e-01
2.89822370e-01
2.92074889e-01
2.94324696e-01
2.96571732e-01
2.98815995e-01
3.01057458e-01
3.03296059e-01
3.05531830e-01
3.07764709e-01
3.09994727e-01
3.12221825e-01
3.14446002e-01
3.16667199e-01
3.18885475e-01
3.21100742e-01
3.23312968e-01
3.25522214e-01
3.27728361e-01
3.29931468e-01
3.32131475e-01
3.34328353e-01
3.36522132e-01
3.38712752e-01
3.40900213e-01
3.43084455e-01
3.45265508e-01
3.47443312e-01
3.49617869e-01
3.51789147e-01
3.53957087e-01
3.56121719e-01
3.58282983e-01
3.60440880e-01
3.62595439e-01
3.64746541e-01
3.66894215e-01
3.69038463e-01
3.71179223e-01
3.73316526e-01
3.75450313e-01
3.77580583e-01
3.79707277e-01
3.81830454e-01
3.83950025e-01
3.86065960e-01
3.88178319e-01
3.90286982e-01
3.92392009e-01
3.94493371e-01
3.96591008e-01
3.98684919e-01
4.00775075e-01
4.02861476e-01
4.04944092e-01
4.07022923e-01
4.09097910e-01
4.11169052e-01
4.13236350e-01
4.15299743e-01
4.17359233e-01
4.19414818e-01
4.21466440e-01
4.23514098e-01
4.25557822e-01
4.27597523e-01
4.29633230e-01
4.31664884e-01
4.33692515e-01
4.35716063e-01
4.37735528e-01
4.39750910e-01
4.41762149e-01
4.43769246e-01
4.45772201e-01
4.47770953e-01
4.49765503e-01
4.51755881e-01
4.53741968e-01
4.55723792e-01
4.57701355e-01
4.59674597e-01
4.61643517e-01
4.63608146e-01
4.65568393e-01
4.67524260e-01
4.69475746e-01
4.71422851e-01
4.73365515e-01
4.75303739e-01
4.77237552e-01
4.79166836e-01
4.81091619e-01
4.83011901e-01
4.84927624e-01
4.86838788e-01
4.88745391e-01
4.90647435e-01
4.92544830e-01
4.94437605e-01
4.96325761e-01
4.98209238e-01
5.00088036e-01
5.01962185e-01
5.03831625e-01
5.05696297e-01
5.07556260e-01
5.09411514e-01
5.11261940e-01
5.13107538e-01
5.14948308e-01
5.16784251e-01
5.18615425e-01
5.20441711e-01
5.22263110e-01
5.24079502e-01
5.25891006e-01
5.27697504e-01
5.29499114e-01
5.31295717e-01
5.33087373e-01
5.34874022e-01
5.36655605e-01
5.38432121e-01
5.40203571e-01
5.41969895e-01
5.43731213e-01
5.45487404e-01
5.47238588e-01
5.48984528e-01
5.50725341e-01
5.52460909e-01
5.54191351e-01
5.55916548e-01
5.57636619e-01
5.59351504e-01
5.61061084e-01
5.62765300e-01
5.64464271e-01
5.66157877e-01
5.67846239e-01
5.69529235e-01
5.71206987e-01
5.72879255e-01
5.74546158e-01
5.76207638e-01
5.77863693e-01
5.79514325e-01
5.81159532e-01
5.82799315e-01
5.84433675e-01
5.86062491e-01
5.87685764e-01
5.89303493e-01
5.90915680e-01
5.92522323e-01
5.94123423e-01
5.95718980e-01
5.97308934e-01
5.98893285e-01
6.00471973e-01
6.02045000e-01
6.03612363e-01
6.05174065e-01
6.06730103e-01
6.08280480e-01
6.09825194e-01
6.11364126e-01
6.12897277e-01
6.14424646e-01
6.15946233e-01
6.17462039e-01
6.18972063e-01
6.20476305e-01
6.21974766e-01
6.23467386e-01
6.24954045e-01
6.26434803e-01
6.27909660e-01
6.29378617e-01
6.30841672e-01
6.32298827e-01
6.33750081e-01
6.35195434e-01
6.36634767e-01
6.38068080e-01
6.39495373e-01
6.40916646e-01
6.42331898e-01
6.43741131e-01
6.45144343e-01
6.46541595e-01
6.47932708e-01
6.49317741e-01
6.50696576e-01
6.52069330e-01
6.53435886e-01
6.54796362e-01
6.56150639e-01
6.57498777e-01
6.58840775e-01
6.60176635e-01
6.61506236e-01
6.62829578e-01
6.64146662e-01
6.65457547e-01
6.66762114e-01
6.68060482e-01
6.69352531e-01
6.70638382e-01
6.71917915e-01
6.73191190e-01
6.74458027e-01
6.75718546e-01
6.76972628e-01
6.78220391e-01
6.79461718e-01
6.80696726e-01
6.81925297e-01
6.83147550e-01
6.84363365e-01
6.85572803e-01
6.86775744e-01
6.87972188e-01
6.89162195e-01
6.90345645e-01
6.91522658e-01
6.92693114e-01
6.93857133e-01
6.95014596e-01
6.96165621e-01
6.97310090e-01
6.98448062e-01
6.99579358e-01
7.00704098e-01
7.01822162e-01
7.02933669e-01
7.04038501e-01
7.05136716e-01
7.06228316e-01
7.07313299e-01
7.08391666e-01
7.09463418e-01
7.10528553e-01
7.11586952e-01
7.12638617e-01
7.13683546e-01
7.14721739e-01
7.15753257e-01
7.16777980e-01
7.17796028e-01
7.18807280e-01
7.19811857e-01
7.20809639e-01
7.21800745e-01
7.22785056e-01
7.23762572e-01
7.24733174e-01
7.25696981e-01
7.26653874e-01
7.27603972e-01
7.28547215e-01
7.29483604e-01
7.30413139e-01
7.31335819e-01
7.32251644e-01
7.33160615e-01
7.34062731e-01
7.34957993e-01
7.35846400e-01
7.36727834e-01
7.37602293e-01
7.38469779e-01
7.39330292e-01
7.40183771e-01
7.41030335e-01
7.41869867e-01
7.42702484e-01
7.43528068e-01
7.44346738e-01
7.45158374e-01
7.45963097e-01
7.46760786e-01
7.47551560e-01
7.48335302e-01
7.49112010e-01
7.49881566e-01
7.50644088e-01
7.51399457e-01
7.52147794e-01
7.52888978e-01
7.53623128e-01
7.54350126e-01
7.55070090e-01
7.55782902e-01
7.56488681e-01
7.57187307e-01
7.57878900e-01
7.58563340e-01
7.59240746e-01
7.59911001e-01
7.60574162e-01
7.61230171e-01
7.61878967e-01
7.62520552e-01
7.63154924e-01
7.63782084e-01
7.64402032e-01
7.65014768e-01
7.65620291e-01
7.66218603e-01
7.66809702e-01
7.67393589e-01
7.67970264e-01
7.68539667e-01
7.69101918e-01
7.69656897e-01
7.70204723e-01
7.70745277e-01
7.71278679e-01
7.71804810e-01
7.72323787e-01
7.72835493e-01
7.73339987e-01
7.73837090e-01
7.74326921e-01
7.74809361e-01
7.75284529e-01
7.75752306e-01
7.76212811e-01
7.76665926e-01
7.77111769e-01
7.77550220e-01
7.77981400e-01
7.78405190e-01
7.78821707e-01
7.79230833e-01
7.79632688e-01
7.80027151e-01
7.80414343e-01
7.80794144e-01
7.81166673e-01
7.81531811e-01
7.81889677e-01
7.82240152e-01
7.82583356e-01
7.82919168e-01
7.83247709e-01
7.83568859e-01
7.83882737e-01
7.84189224e-01
7.84488440e-01
7.84780264e-01
7.85064816e-01
7.85341978e-01
7.85611689e-01
7.85873950e-01
7.86128759e-01
7.86376119e-01
7.86616027e-01
7.86848485e-01
7.87073493e-01
7.87291050e-01
7.87501156e-01
7.87703812e-01
7.87899017e-01
7.88086772e-01
7.88267076e-01
7.88439929e-01
7.88605332e-01
7.88763285e-01
7.88913786e-01
7.89056838e-01
7.89192438e-01
7.89320588e-01
7.89441288e-01
7.89554536e-01
7.89660335e-01
7.89758682e-01
7.89849579e-01
7.89933026e-01
7.90009022e-01
7.90077567e-01
7.90138662e-01
7.90192306e-01
7.90238500e-01
7.90277243e-01
7.90308535e-01
7.90332377e-01
7.90348768e-01
7.90357709e-01
7.90359199e-01
7.90353239e-01
7.90339828e-01
7.90318966e-01
7.90290654e-01
7.90254891e-01
7.90211678e-01
7.90161014e-01
7.90102899e-01
7.90037334e-01
7.89964318e-01
7.89883852e-01
7.89795935e-01
7.89700568e-01
7.89597750e-01
7.89487481e-01
7.89369762e-01
7.89244592e-01
7.89111972e-01
7.88971901e-01
7.88824379e-01
7.88669407e-01
7.88506985e-01
7.88337111e-01
7.88159788e-01
7.87975013e-01
7.87782788e-01
7.87583113e-01
7.87375987e-01
7.87161410e-01
7.86939383e-01
7.86709905e-01
7.86472976e-01
7.86228597e-01
7.85976768e-01
7.85717487e-01
7.85450757e-01
7.85176575e-01
7.84894943e-01
7.84605920e-01
7.84309566e-01
7.84005880e-01
7.83694863e-01
7.83376515e-01
7.83050835e-01
7.82717824e-01
7.82377481e-01
7.82029808e-01
7.81674802e-01
7.81312466e-01
7.80942798e-01
7.80565798e-01
7.80181468e-01
7.79789805e-01
7.79390812e-01
7.78984487e-01
7.78570831e-01
7.78149843e-01
7.77721524e-01
7.77285874e-01
7.76842892e-01
7.76392579e-01
7.75934935e-01
7.75469959e-01
7.74997652e-01
7.74517953e-01
7.74030983e-01
7.73536623e-01
7.73034990e-01
7.72525966e-01
7.72009671e-01
7.71486104e-01
7.70955384e-01
7.70417392e-01
7.69872248e-01
7.69319832e-01
7.68760264e-01
7.68193424e-01
7.67619431e-01
7.67038226e-01
7.66449809e-01
7.65854180e-01
7.65251338e-01
7.64641285e-01
7.64024019e-01
7.63399541e-01
7.62767851e-01
7.62128949e-01
7.61482835e-01
7.60829508e-01
7.60168970e-01
7.59501219e-01
7.58826315e-01
7.58144379e-01
7.57455289e-01
7.56759167e-01
7.56055892e-01
7.55345583e-01
7.54628122e-01
7.53903627e-01
7.53171980e-01
7.52433300e-01
7.51687467e-01
7.50934601e-01
7.50174582e-01
7.49407530e-01
7.48633325e-01
7.47852087e-01
7.47063696e-01
7.46268332e-01
7.45465934e-01
7.44656622e-01
7.43840277e-01
7.43017018e-01
7.42186725e-01
7.41349518e-01
7.40505278e-01
7.39654124e-01
7.38795936e-01
7.37930834e-01
7.37058699e-01
7.36179650e-01
7.35293567e-01
7.34400570e-01
7.33500659e-01
7.32593894e-01
7.31680214e-01
7.30759740e-01
7.29832351e-01
7.28898168e-01
7.27957070e-01
7.27009177e-01
7.26054370e-01
7.25092769e-01
7.24124253e-01
7.23148942e-01
7.22166717e-01
7.21177697e-01
7.20181882e-01
7.19179392e-01
7.18170106e-01
7.17154145e-01
7.16131389e-01
7.15101957e-01
7.14065731e-01
7.13022828e-01
7.11973131e-01
7.10916758e-01
7.09853649e-01
7.08783805e-01
7.07707286e-01
7.06624150e-01
7.05534399e-01
7.04438031e-01
7.03335047e-01
7.02225447e-01
7.01109231e-01
6.99986398e-01
6.98857009e-01
6.97720945e-01
6.96578324e-01
6.95429027e-01
6.94273293e-01
6.93111002e-01
6.91942275e-01
6.90766990e-01
6.89585209e-01
6.88396931e-01
6.87202156e-01
6.86000884e-01
6.84793115e-01
6.83578849e-01
6.82358205e-01
6.81131124e-01
6.79897726e-01
6.78657889e-01
6.77411735e-01
6.76159143e-01
6.74900234e-01
6.73634887e-01
6.72363222e-01
6.71085119e-01
6.69800699e-01
6.68509960e-01
6.67213023e-01
6.65909767e-01
6.64600313e-01
6.63284600e-01
6.61962628e-01
6.60634398e-01
6.59299910e-01
6.57959163e-01
6.56612277e-01
6.55259252e-01
6.53900087e-01
6.52534783e-01
6.51163340e-01
6.49785697e-01
6.48401976e-01
6.47012055e-01
6.45616055e-01
6.44213915e-01
6.42805755e-01
6.41391575e-01
6.39971375e-01
6.38545156e-01
6.37112916e-01
6.35674655e-01
6.34230375e-01
6.32780075e-01
6.31323874e-01
6.29861772e-01
6.28393769e-01
6.26919866e-01
6.25440061e-01
6.23954296e-01
6.22462690e-01
6.20965123e-01
6.19461715e-01
6.17952466e-01
6.16437435e-01
6.14916623e-01
6.13390028e-01
6.11857653e-01
6.10319495e-01
6.08775556e-01
6.07225835e-01
6.05670452e-01
6.04109406e-01
6.02542698e-01
6.00970328e-01
5.99392295e-01
5.97808599e-01
5.96219242e-01
5.94624162e-01
5.93023539e-01
5.91417313e-01
5.89805603e-01
5.88188350e-01
5.86565554e-01
5.84937215e-01
5.83303332e-01
5.81663907e-01
5.80019057e-01
5.78368783e-01
5.76713085e-01
5.75051963e-01
5.73385417e-01
5.71713388e-01
5.70035994e-01
5.68353117e-01
5.66664994e-01
5.64971507e-01
5.63272774e-01
5.61568737e-01
5.59859395e-01
5.58144748e-01
5.56424856e-01
5.54699719e-01
5.52969396e-01
5.51233888e-01
5.49493194e-01
5.47747254e-01
5.45996189e-01
5.44239879e-01
5.42478502e-01
5.40711999e-01
5.38940489e-01
5.37163913e-01
5.35382271e-01
5.33595562e-01
5.31803787e-01
5.30007005e-01
5.28205216e-01
5.26398480e-01
5.24586797e-01
5.22770166e-01
5.20948589e-01
5.19122005e-01
5.17290533e-01
5.15454233e-01
5.13613105e-01
5.11767149e-01
5.09916365e-01
5.08060753e-01
5.06200314e-01
5.04335165e-01
5.02465248e-01
5.00590622e-01
4.98711348e-01
4.96827364e-01
4.94938701e-01
4.93045360e-01
4.91147399e-01
4.89244819e-01
4.87337589e-01
4.85425800e-01
4.83509421e-01
4.81588513e-01
4.79663074e-01
4.77733105e-01
4.75798607e-01
4.73859638e-01
4.71916199e-01
4.69968349e-01
4.68016058e-01
4.66059387e-01
4.64098334e-01
4.62132871e-01
4.60163057e-01
4.58188921e-01
4.56210464e-01
4.54227716e-01
4.52240676e-01
4.50249374e-01
4.48253840e-01
4.46254075e-01
4.44250107e-01
4.42241937e-01
4.40229625e-01
4.38213199e-01
4.36192602e-01
4.34167951e-01
4.32139188e-01
4.30106342e-01
4.28069472e-01
4.26028579e-01
4.23983693e-01
4.21934783e-01
4.19881910e-01
4.17825073e-01
4.15764302e-01
4.13699597e-01
4.11631018e-01
4.09558505e-01
4.07482177e-01
4.05402005e-01
4.03317988e-01
4.01230186e-01
3.99138600e-01
3.97043228e-01
3.94944131e-01
3.92841309e-01
3.90734762e-01
3.88624549e-01
3.86510670e-01
3.84393156e-01
3.82272005e-01
3.80147249e-01
3.78018886e-01
3.75886977e-01
3.73751551e-01
3.71612549e-01
3.69470090e-01
3.67324114e-01
3.65174651e-01
3.63021791e-01
3.60865474e-01
3.58705759e-01
3.56542647e-01
3.54376197e-01
3.52206409e-01
3.50033313e-01
3.47856909e-01
3.45677257e-01
3.43494356e-01
3.41308206e-01
3.39118868e-01
3.36926341e-01
3.34730595e-01
3.32531750e-01
3.30329776e-01
3.28124672e-01
3.25916499e-01
3.23705256e-01
3.21490914e-01
3.19273591e-01
3.17053258e-01
3.14829916e-01
3.12603623e-01
3.10374379e-01
3.08142185e-01
3.05907100e-01
3.03669125e-01
3.01428288e-01
2.99184650e-01
2.96938151e-01
2.94688910e-01
2.92436868e-01
2.90182084e-01
2.87924558e-01
2.85664320e-01
2.83401400e-01
2.81135798e-01
2.78867543e-01
2.76596665e-01
2.74323165e-01
2.72047102e-01
2.69768447e-01
2.67487288e-01
2.65203595e-01
2.62917429e-01
2.60628790e-01
2.58337647e-01
2.56044120e-01
2.53748178e-01
2.51449823e-01
2.49149114e-01
2.46846065e-01
2.44540676e-01
2.42232993e-01
2.39923015e-01
2.37610787e-01
2.35296339e-01
2.32979655e-01
2.30660781e-01
2.28339732e-01
2.26016551e-01
2.23691210e-01
2.21363783e-01
2.19034269e-01
2.16702700e-01
2.14369074e-01
2.12033451e-01
2.09695816e-01
2.07356200e-01
2.05014646e-01
2.02671155e-01
2.00325742e-01
1.97978452e-01
1.95629284e-01
1.93278283e-01
1.90925479e-01
1.88570872e-01
1.86214477e-01
1.83856338e-01
1.81496471e-01
1.79134876e-01
1.76771611e-01
1.74406677e-01
1.72040090e-01
1.69671893e-01
1.67302102e-01
1.64930731e-01
1.62557811e-01
1.60183340e-01
1.57807380e-01
1.55429944e-01
1.53051019e-01
1.50670677e-01
1.48288891e-01
1.45905733e-01
1.43521190e-01
1.41135275e-01
1.38748050e-01
1.36359513e-01
1.33969709e-01
1.31578624e-01
1.29186302e-01
1.26792774e-01
1.24398038e-01
1.22002125e-01
1.19605064e-01
1.17206879e-01
1.14807583e-01
1.12407207e-01
1.10005766e-01
1.07603289e-01
1.05199799e-01
1.02795318e-01
1.00389875e-01
9.79834795e-02
9.55761671e-02
9.31679532e-02
9.07588601e-02
8.83489177e-02
8.59381482e-02
8.35265666e-02
8.11142027e-02
7.87010714e-02
7.62871951e-02
7.38726035e-02
7.14573190e-02
6.90413564e-02
6.66247457e-02
6.42075017e-02
6.17896505e-02
5.93712218e-02
5.69522306e-02
5.45327030e-02
5.21126613e-02
4.96921316e-02
4.72711362e-02
4.48496975e-02
4.24278341e-02
4.00055721e-02
3.75829376e-02
3.51599455e-02
3.27366218e-02
3.03129908e-02
2.78890748e-02
2.54648980e-02
2.30404790e-02
2.06158422e-02
1.81910116e-02
1.57660097e-02
1.33408615e-02
1.09155877e-02
8.49021040e-03
6.06475305e-03
3.63923889e-03
1.21369015e-03
-1.21186976e-03
-3.63741838e-03
-6.06293278e-03
-8.48838966e-03
-1.09137669e-02
-1.33390399e-02
-1.57641880e-02
-1.81891900e-02
-2.06140205e-02
-2.30386555e-02
-2.54630744e-02
-2.78872531e-02
-3.03111672e-02
-3.27348001e-02
-3.51581201e-02
-3.75811122e-02
-4.00037505e-02
-4.24260087e-02
-4.48478721e-02
-4.72693145e-02
-4.96903099e-02
-5.21108396e-02
-5.45308813e-02
-5.69504052e-02
-5.93693927e-02
-6.17878214e-02
-6.42056689e-02
-6.66229129e-02
-6.90395236e-02
-7.14554861e-02
-7.38707706e-02
-7.62853622e-02
-7.86992311e-02
-8.11123624e-02
-8.35247263e-02
-8.59363079e-02
-8.83470774e-02
-9.07570198e-02
-9.31661054e-02
-9.55743194e-02
-9.79816318e-02
-1.00388028e-01
-1.02793477e-01
-1.05197951e-01
-1.07601441e-01
-1.10003918e-01
-1.12405352e-01
-1.14805728e-01
-1.17205024e-01
-1.19603209e-01
-1.22000270e-01
-1.24396175e-01
-1.26790911e-01
-1.29184440e-01
-1.31576762e-01
-1.33967832e-01
-1.36357650e-01
-1.38746172e-01
-1.41133398e-01
-1.43519297e-01
-1.45903841e-01
-1.48286998e-01
-1.50668770e-01
-1.53049126e-01
-1.55428037e-01
-1.57805488e-01
-1.60181448e-01
-1.62555903e-01
-1.64928839e-01
-1.67300209e-01
-1.69670016e-01
-1.72038212e-01
-1.74404800e-01
-1.76769733e-01
-1.79133013e-01
-1.81494609e-01
-1.83854491e-01
-1.86212629e-01
-1.88569024e-01
-1.90923616e-01
-1.93276435e-01
-1.95627421e-01
-1.97976574e-01
-2.00323880e-01
-2.02669278e-01
-2.05012769e-01
-2.07354322e-01
-2.09693938e-01
-2.12031573e-01
-2.14367196e-01
-2.16700807e-01
-2.19032377e-01
-2.21361890e-01
-2.23689318e-01
-2.26014659e-01
-2.28337854e-01
-2.30658904e-01
-2.32977778e-01
-2.35294461e-01
-2.37608939e-01
-2.39921167e-01
-2.42231146e-01
-2.44538844e-01
-2.46844217e-01
-2.49147281e-01
-2.51448005e-01
-2.53746361e-01
-2.56042302e-01
-2.58335859e-01
-2.60626972e-01
-2.62915641e-01
-2.65201807e-01
-2.67485529e-01
-2.69766688e-01
-2.72045344e-01
-2.74321407e-01
-2.76594907e-01
-2.78865784e-01
-2.81134039e-01
-2.83399642e-01
-2.85662562e-01
-2.87922800e-01
-2.90180326e-01
-2.92435110e-01
-2.94687152e-01
-2.96936423e-01
-2.99182892e-01
-3.01426560e-01
-3.03667396e-01
-3.05905372e-01
-3.08140457e-01
-3.10372680e-01
-3.12601924e-01
-3.14828247e-01
-3.17051560e-01
-3.19271922e-01
-3.21489245e-01
-3.23703587e-01
-3.25914830e-01
-3.28123033e-01
-3.30328107e-01
-3.32530111e-01
-3.34728956e-01
-3.36924702e-01
-3.39117229e-01
-3.41306597e-01
-3.43492717e-01
-3.45675647e-01
-3.47855300e-01
-3.50031734e-01
-3.52204829e-01
-3.54374617e-01
-3.56541097e-01
-3.58704180e-01
-3.60863924e-01
-3.63020211e-01
-3.65173101e-01
-3.67322564e-01
-3.69468540e-01
-3.71611029e-01
-3.73750001e-01
-3.75885457e-01
-3.78017366e-01
-3.80145729e-01
-3.82270485e-01
-3.84391636e-01
-3.86509180e-01
-3.88623059e-01
-3.90733272e-01
-3.92839819e-01
-3.94942641e-01
-3.97041738e-01
-3.99137110e-01
-4.01228726e-01
-4.03316528e-01
-4.05400544e-01
-4.07480717e-01
-4.09557074e-01
-4.11629558e-01
-4.13698167e-01
-4.15762842e-01
-4.17823642e-01
-4.19880480e-01
-4.21933353e-01
-4.23982233e-01
-4.26027149e-01
-4.28068042e-01
-4.30104911e-01
-4.32137758e-01
-4.34166521e-01
-4.36191201e-01
-4.38211769e-01
-4.40228224e-01
-4.42240536e-01
-4.44248706e-01
-4.46252674e-01
-4.48252439e-01
-4.50247973e-01
-4.52239275e-01
-4.54226315e-01
-4.56209093e-01
-4.58187550e-01
-4.60161686e-01
-4.62131500e-01
-4.64096963e-01
-4.66058016e-01
-4.68014717e-01
-4.69967008e-01
-4.71914887e-01
-4.73858297e-01
-4.75797296e-01
-4.77731764e-01
-4.79661763e-01
-4.81587231e-01
-4.83508140e-01
-4.85424519e-01
-4.87336308e-01
-4.89243537e-01
-4.91146117e-01
-4.93044108e-01
-4.94937450e-01
-4.96826142e-01
-4.98710126e-01
-5.00589430e-01
-5.02464056e-01
-5.04333973e-01
-5.06199181e-01
-5.08059621e-01
-5.09915233e-01
-5.11766016e-01
-5.13611972e-01
-5.15453100e-01
-5.17289460e-01
-5.19120932e-01
-5.20947516e-01
-5.22769094e-01
-5.24585724e-01
-5.26397407e-01
-5.28204143e-01
-5.30005932e-01
-5.31802773e-01
-5.33594549e-01
-5.35381258e-01
-5.37162900e-01
-5.38939536e-01
-5.40711045e-01
-5.42477548e-01
-5.44238925e-01
-5.45995235e-01
-5.47746301e-01
-5.49492240e-01
-5.51232934e-01
-5.52968502e-01
-5.54698825e-01
-5.56423962e-01
-5.58143854e-01
-5.59858501e-01
-5.61567843e-01
-5.63271940e-01
-5.64970672e-01
-5.66664159e-01
-5.68352282e-01
-5.70035160e-01
-5.71712554e-01
-5.73384583e-01
-5.75051129e-01
-5.76712310e-01
-5.78368008e-01
-5.80018282e-01
-5.81663132e-01
-5.83302557e-01
-5.84936440e-01
-5.86564779e-01
-5.88187635e-01
-5.89804888e-01
-5.91416657e-01
-5.93022823e-01
-5.94623506e-01
-5.96218526e-01
-5.97807944e-01
-5.99391639e-01
-6.00969732e-01
-6.02542102e-01
-6.04108810e-01
-6.05669856e-01
-6.07225239e-01
-6.08774900e-01
-6.10318840e-01
-6.11856997e-01
-6.13389373e-01
-6.14915967e-01
-6.16436839e-01
-6.17951870e-01
-6.19461179e-01
-6.20964587e-01
-6.22462153e-01
-6.23953760e-01
-6.25439525e-01
-6.26919329e-01
-6.28393233e-01
-6.29861236e-01
-6.31323338e-01
-6.32779539e-01
-6.34229839e-01
-6.35674119e-01
-6.37112379e-01
-6.38544619e-01
-6.39970839e-01
-6.41391039e-01
-6.42805219e-01
-6.44213378e-01
-6.45615518e-01
-6.47011578e-01
-6.48401439e-01
-6.49785221e-01
-6.51162803e-01
-6.52534306e-01
-6.53899610e-01
-6.55258775e-01
-6.56611800e-01
-6.57958686e-01
-6.59299433e-01
-6.60633922e-01
-6.61962152e-01
-6.63284123e-01
-6.64599836e-01
-6.65909290e-01
-6.67212546e-01
-6.68509483e-01
-6.69800222e-01
-6.71084642e-01
-6.72362745e-01
-6.73634410e-01
-6.74899757e-01
-6.76158667e-01
-6.77411258e-01
-6.78657413e-01
-6.79897249e-01
-6.81130648e-01
-6.82357728e-01
-6.83578372e-01
-6.84792638e-01
-6.86000407e-01
-6.87201679e-01
-6.88396454e-01
-6.89584732e-01
-6.90766513e-01
-6.91941798e-01
-6.93110585e-01
-6.94272876e-01
-6.95428610e-01
-6.96577907e-01
-6.97720528e-01
-6.98856592e-01
-6.99986041e-01
-7.01108873e-01
-7.02225089e-01
-7.03334689e-01
-7.04437673e-01
-7.05534041e-01
-7.06623793e-01
-7.07706928e-01
-7.08783448e-01
-7.09853292e-01
-7.10916400e-01
-7.11972833e-01
-7.13022470e-01
-7.14065433e-01
-7.15101600e-01
-7.16131091e-01
-7.17153788e-01
-7.18169808e-01
-7.19179034e-01
-7.20181584e-01
-7.21177340e-01
-7.22166419e-01
-7.23148584e-01
-7.24123955e-01
-7.25092411e-01
-7.26054072e-01
-7.27008820e-01
-7.27956772e-01
-7.28897810e-01
-7.29832053e-01
-7.30759382e-01
-7.31679916e-01
-7.32593536e-01
-7.33500361e-01
-7.34400272e-01
-7.35293329e-01
-7.36179352e-01
-7.37058461e-01
-7.37930536e-01
-7.38795698e-01
-7.39653826e-01
-7.40505040e-01
-7.41349220e-01
-7.42186487e-01
-7.43016720e-01
-7.43840039e-01
-7.44656324e-01
-7.45465696e-01
-7.46268034e-01
-7.47063458e-01
-7.47851789e-01
-7.48633087e-01
-7.49407232e-01
-7.50174344e-01
-7.50934303e-01
-7.51687229e-01
-7.52433002e-01
-7.53171742e-01
-7.53903329e-01
-7.54627883e-01
-7.55345285e-01
-7.56055653e-01
-7.56758869e-01
-7.57455051e-01
-7.58144081e-01
-7.58826077e-01
-7.59500980e-01
-7.60168731e-01
-7.60829270e-01
-7.61482596e-01
-7.62128711e-01
-7.62767613e-01
-7.63399303e-01
-7.64023781e-01
-7.64641047e-01
-7.65251100e-01
-7.65853941e-01
-7.66449571e-01
-7.67037988e-01
-7.67619193e-01
-7.68193185e-01
-7.68760026e-01
-7.69319594e-01
-7.69872010e-01
-7.70417154e-01
-7.70955145e-01
-7.71485865e-01
-7.72009432e-01
-7.72525728e-01
-7.73034751e-01
-7.73536384e-01
-7.74030745e-01
-7.74517715e-01
-7.74997413e-01
-7.75469720e-01
-7.75934756e-01
-7.76392400e-01
-7.76842773e-01
-7.77285755e-01
-7.77721465e-01
-7.78149784e-01
-7.78570831e-01
-7.78984487e-01
-7.79390812e-01
-7.79789805e-01
-7.80181468e-01
-7.80565798e-01
-7.80942798e-01
-7.81312466e-01
-7.81674802e-01
-7.82029808e-01
-7.82377481e-01
-7.82717824e-01
-7.83050835e-01
-7.83376515e-01
-7.83694863e-01
-7.84005880e-01
-7.84309566e-01
-7.84605920e-01
-7.84894943e-01
-7.85176575e-01
-7.85450757e-01
-7.85717487e-01
-7.85976768e-01
-7.86228597e-01
-7.86472976e-01
-7.86709905e-01
-7.86939383e-01
-7.87161410e-01
-7.87375987e-01
-7.87583113e-01
-7.87782788e-01
-7.87975013e-01
-7.88159788e-01
-7.88337111e-01
-7.88506985e-01
-7.88669407e-01
-7.88824379e-01
-7.88971901e-01
-7.89111972e-01
-7.89244592e-01
-7.89369762e-01
-7.89487481e-01
-7.89597750e-01
-7.89700568e-01
-7.89795935e-01
-7.89883852e-01
-7.89964318e-01
-7.90037334e-01
-7.90102899e-01
-7.90161014e-01
-7.90211678e-01
-7.90254891e-01
-7.90290654e-01
-7.90318966e-01
-7.90339828e-01
-7.90353239e-01
-7.90359199e-01
-7.90357709e-01
-7.90348768e-01
-7.90332377e-01
-7.90308535e-01
-7.90277243e-01
-7.90238500e-01
-7.90192306e-01
-7.90138662e-01
-7.90077567e-01
-7.90009022e-01
-7.89933026e-01
-7.89849579e-01
-7.89758682e-01
-7.89660335e-01
-7.89554536e-01
-7.89441288e-01
-7.89320588e-01
-7.89192438e-01
-7.89056838e-01
-7.88913786e-01
-7.88763285e-01
-7.88605332e-01
-7.88439929e-01
-7.88267076e-01
-7.88086772e-01
-7.87899017e-01
-7.87703812e-01
-7.87501156e-01
-7.87291050e-01
-7.87073493e-01
-7.86848485e-01
-7.86616027e-01
-7.86376119e-01
-7.86128759e-01
-7.85873950e-01
-7.85611689e-01
-7.85341978e-01
-7.85064816e-01
-7.84780324e-01
-7.84488499e-01
-7.84189343e-01
-7.83882856e-01
-7.83568978e-01
-7.83247828e-01
-7.82919288e-01
-7.82583475e-01
-7.82240272e-01
-7.81889796e-01
-7.81531930e-01
-7.81166792e-01
-7.80794263e-01
-7.80414462e-01
-7.80027270e-01
-7.79632807e-01
-7.79230952e-01
-7.78821826e-01
-7.78405309e-01
-7.77981520e-01
-7.77550340e-01
-7.77111888e-01
-7.76666045e-01
-7.76212931e-01
-7.75752425e-01
-7.75284648e-01
-7.74809480e-01
-7.74327040e-01
-7.73837209e-01
-7.73340106e-01
-7.72835612e-01
-7.72323906e-01
-7.71804929e-01
-7.71278799e-01
-7.70745397e-01
-7.70204842e-01
-7.69657016e-01
-7.69102037e-01
-7.68539786e-01
-7.67970383e-01
-7.67393708e-01
-7.66809881e-01
-7.66218781e-01
-7.65620470e-01
-7.65014946e-01
-7.64402211e-01
-7.63782263e-01
-7.63155103e-01
-7.62520730e-01
-7.61879146e-01
-7.61230350e-01
-7.60574341e-01
-7.59911180e-01
-7.59240925e-01
-7.58563578e-01
-7.57879138e-01
-7.57187605e-01
-7.56488979e-01
-7.55783200e-01
-7.55070388e-01
-7.54350424e-01
-7.53623426e-01
-7.52889276e-01
-7.52148092e-01
-7.51399755e-01
-7.50644386e-01
-7.49881864e-01
-7.49112308e-01
-7.48335600e-01
-7.47551858e-01
-7.46761084e-01
-7.45963395e-01
-7.45158672e-01
-7.44347036e-01
-7.43528366e-01
-7.42702782e-01
-7.41870165e-01
-7.41030633e-01
-7.40184069e-01
-7.39330590e-01
-7.38470078e-01
-7.37602651e-01
-7.36728191e-01
-7.35846758e-01
-7.34958351e-01
-7.34063089e-01
-7.33160973e-01
-7.32252002e-01
-7.31336176e-01
-7.30413496e-01
-7.29483962e-01
-7.28547573e-01
-7.27604330e-01
-7.26654291e-01
-7.25697339e-01
-7.24733591e-01
-7.23762929e-01
-7.22785473e-01
-7.21801102e-01
-7.20810056e-01
-7.19812214e-01
-7.18807697e-01
-7.17796385e-01
-7.16778398e-01
-7.15753615e-01
-7.14722157e-01
-7.13683963e-01
-7.12639034e-01
-7.11587369e-01
-7.10528970e-01
-7.09463835e-01
-7.08392084e-01
-7.07313716e-01
-7.06228733e-01
-7.05137134e-01
-7.04038918e-01
-7.02934086e-01
-7.01822579e-01
-7.00704515e-01
-6.99579775e-01
-6.98448479e-01
-6.97310507e-01
-6.96166039e-01
-6.95015013e-01
-6.93857551e-01
-6.92693532e-01
-6.91523075e-01
-6.90346062e-01
-6.89162612e-01
-6.87972605e-01
-6.86776161e-01
-6.85573161e-01
-6.84363782e-01
-6.83147907e-01
-6.81925714e-01
-6.80697083e-01
-6.79462135e-01
-6.78220749e-01
-6.76973045e-01
-6.75718904e-01
-6.74458444e-01
-6.73191547e-01
-6.71918333e-01
-6.70638740e-01
-6.69352949e-01
-6.68060839e-01
-6.66762531e-01
-6.65457904e-01
-6.64147079e-01
-6.62829995e-01
-6.61506653e-01
-6.60177052e-01
-6.58841193e-01
-6.57499194e-01
-6.56151056e-01
-6.54796779e-01
-6.53436363e-01
-6.52069807e-01
-6.50697052e-01
-6.49318218e-01
-6.47933185e-01
-6.46542072e-01
-6.45144880e-01
-6.43741667e-01
-6.42332435e-01
-6.40917182e-01
-6.39495909e-01
-6.38068616e-01
-6.36635303e-01
-6.35195971e-01
-6.33750618e-01
-6.32299364e-01
-6.30842209e-01
-6.29379153e-01
-6.27910197e-01
-6.26435339e-01
-6.24954581e-01
-6.23467922e-01
-6.21975362e-01
-6.20476902e-01
-6.18972659e-01
-6.17462635e-01
-6.15946829e-01
-6.14425242e-01
-6.12897873e-01
-6.11364722e-01
-6.09825790e-01
-6.08281136e-01
-6.06730759e-01
-6.05174720e-01
-6.03613019e-01
-6.02045655e-01
-6.00472629e-01
-5.98893940e-01
-5.97309649e-01
-5.95719635e-01
-5.94124138e-01
-5.92523038e-01
-5.90916395e-01
-5.89304209e-01
-5.87686479e-01
-5.86063206e-01
-5.84434390e-01
-5.82800031e-01
-5.81160247e-01
-5.79515040e-01
-5.77864408e-01
-5.76208353e-01
-5.74546874e-01
-5.72880030e-01
-5.71207702e-01
-5.69530010e-01
-5.67846954e-01
-5.66158652e-01
-5.64464986e-01
-5.62766075e-01
-5.61061800e-01
-5.59352219e-01
-5.57637393e-01
-5.55917323e-01
-5.54192126e-01
-5.52461684e-01
-5.50726116e-01
-5.48985302e-01
-5.47239363e-01
-5.45488179e-01
-5.43731987e-01
-5.41970670e-01
-5.40204346e-01
-5.38432896e-01
-5.36656439e-01
-5.34874856e-01
-5.33088207e-01
-5.31296551e-01
-5.29499948e-01
-5.27698398e-01
-5.25891840e-01
-5.24080396e-01
-5.22263944e-01
-5.20442605e-01
-5.18616259e-01
-5.16785145e-01
-5.14949203e-01
-5.13108432e-01
-5.11262834e-01
-5.09412408e-01
-5.07557154e-01
-5.05697191e-01
-5.03832519e-01
-5.01963139e-01
-5.00088990e-01
-4.98210192e-01
-4.96326715e-01
-4.94438559e-01
-4.92545784e-01
-4.90648389e-01
-4.88746405e-01
-4.86839801e-01
-4.84928638e-01
-4.83012915e-01
-4.81092632e-01
-4.79167849e-01
-4.77238566e-01
-4.75304812e-01
-4.73366588e-01
-4.71423924e-01
-4.69476849e-01
-4.67525363e-01
-4.65569496e-01
-4.63609248e-01
-4.61644650e-01
-4.59675699e-01
-4.57702458e-01
-4.55724895e-01
-4.53743070e-01
-4.51756984e-01
-4.49766636e-01
-4.47772056e-01
-4.45773304e-01
-4.43770379e-01
-4.41763282e-01
-4.39752012e-01
-4.37736630e-01
-4.35717136e-01
-4.33693588e-01
-4.31665987e-01
-4.29634333e-01
-4.27598625e-01
-4.25558925e-01
-4.23515201e-01
-4.21467543e-01
-4.19415921e-01
-4.17360336e-01
-4.15300846e-01
-4.13237453e-01
-4.11170155e-01
-4.09099013e-01
-4.07024026e-01
-4.04945195e-01
-4.02862579e-01
-4.00776178e-01
-3.98686022e-01
-3.96592110e-01
-3.94494474e-01
-3.92393112e-01
-3.90288085e-01
-3.88179421e-01
-3.86067063e-01
-3.83951128e-01
-3.81831557e-01
-3.79708380e-01
-3.77581686e-01
-3.75451416e-01
-3.73317629e-01
-3.71180326e-01
-3.69039565e-01
-3.66895318e-01
-3.64747614e-01
-3.62596512e-01
-3.60441953e-01
-3.58284056e-01
-3.56122792e-01
-3.53958160e-01
-3.51790220e-01
-3.49618942e-01
-3.47444385e-01
-3.45266581e-01
-3.43085527e-01
-3.40901285e-01
-3.38713825e-01
-3.36523205e-01
-3.34329426e-01
-3.32132548e-01
-3.29932541e-01
-3.27729434e-01
-3.25523287e-01
-3.23314041e-01
-3.21101815e-01
-3.18886548e-01
-3.16668272e-01
-3.14447075e-01
-3.12222898e-01
-3.09995800e-01
-3.07765782e-01
-3.05532902e-01
-3.03297132e-01
-3.01058531e-01
-2.98817068e-01
-2.96572804e-01
-2.94325769e-01
-2.92075962e-01
-2.89823443e-01
-2.87568212e-01
-2.85310268e-01
-2.83049673e-01
-2.80786425e-01
-2.78520525e-01
-2.76252031e-01
-2.73980945e-01
-2.71707267e-01
-2.69431055e-01
-2.67152309e-01
-2.64871031e-01
-2.62587279e-01
-2.60301054e-01
-2.58012384e-01
-2.55721331e-01
-2.53427863e-01
-2.51132041e-01
-2.48833835e-01
-2.46533334e-01
-2.44230494e-01
-2.41925374e-01
-2.39617974e-01
-2.37308323e-01
-2.34996453e-01
-2.32682392e-01
-2.30366141e-01
-2.28047729e-01
-2.25727201e-01
-2.23404542e-01
-2.21079797e-01
-2.18752965e-01
-2.16424093e-01
-2.14093179e-01
-2.11760253e-01
-2.09425345e-01
-2.07088485e-01
-2.04749689e-01
-2.02408955e-01
-2.00066328e-01
-1.97721839e-01
-1.95375487e-01
-1.93027303e-01
-1.90677315e-01
-1.88325554e-01
-1.85972005e-01
-1.83616742e-01
-1.81259736e-01
-1.78901047e-01
-1.76540658e-01
-1.74178630e-01
-1.71814963e-01
-1.69449672e-01
-1.67082801e-01
-1.64714351e-01
-1.62344381e-01
-1.59972861e-01
-1.57599866e-01
-1.55225366e-01
-1.52849436e-01
-1.50472060e-01
-1.48093268e-01
-1.45713091e-01
-1.43331558e-01
-1.40948668e-01
-1.38564467e-01
-1.36178970e-01
-1.33792177e-01
-1.31404132e-01
-1.29014850e-01
-1.26624361e-01
-1.24232695e-01
-1.21839866e-01
-1.19445890e-01
-1.17050797e-01
-1.14654608e-01
-1.12257339e-01
-1.09859020e-01
-1.07459664e-01
-1.05059303e-01
-1.02657951e-01
-1.00255638e-01
-9.78523865e-02
-9.54482034e-02
-9.30431336e-02
-9.06371847e-02
-8.82303938e-02
-8.58227685e-02
-8.34143460e-02
-8.10051337e-02
-7.85951763e-02
-7.61844739e-02
-7.37730712e-02
-7.13609681e-02
-6.89482093e-02
-6.65347949e-02
-6.41207621e-02
-6.17061257e-02
-5.92909157e-02
-5.68751469e-02
-5.44588454e-02
-5.20420335e-02
-4.96247374e-02
-4.72069718e-02
-4.47887629e-02
-4.23701368e-02
-3.99511121e-02
-3.75317112e-02
-3.51119563e-02
-3.26918736e-02
-3.02714817e-02
-2.78508049e-02
-2.54298653e-02
-2.30086893e-02
-2.05872990e-02
-1.81657169e-02
-1.57439634e-02
-1.33220647e-02
-1.09000411e-02
-8.47791508e-03
-6.05571084e-03
-3.63344909e-03
-1.21115358e-03
1.21115358e-03
3.63344909e-03
