-4.24371520e-03
-1.41301646e-03
1.41301646e-03
4.24371520e-03
7.08788726e-03
9.95286368e-03
1.28438054e-02
1.57633759e-02
1.87118053e-02
2.16872655e-02
2.46864669e-02
2.77053174e-02
3.07395309e-02
3.37850973e-02
3.68385762e-02
3.98972444e-02
4.29590605e-02
4.60226089e-02
4.90869470e-02
5.21514863e-02
5.52158691e-02
5.82798980e-02
6.13434538e-02
6.44064620e-02
6.74688742e-02
7.05306530e-02
7.35917762e-02
7.66522065e-02
7.97119141e-02
8.27708691e-02
8.58290419e-02
8.88864025e-02
9.19429213e-02
9.49985683e-02
9.80533212e-02
1.01107143e-01
1.04160018e-01
1.07211918e-01
1.10262811e-01
1.13312662e-01
1.16361447e-01
1.19409136e-01
1.22455709e-01
1.25501126e-01
1.28545359e-01
1.31588385e-01
1.34630173e-01
1.37670711e-01
1.40709922e-01
1.43747836e-01
1.46784380e-01
1.49819538e-01
1.52853280e-01
1.55885592e-01
1.58916429e-01
1.61945760e-01
1.64973572e-01
1.67999819e-01
1.71024472e-01
1.74047515e-01
1.77068919e-01
1.80088654e-01
1.83106691e-01
1.86123013e-01
1.89137578e-01
1.92150384e-01
1.95161372e-01
1.98170528e-01
2.01177806e-01
2.04183206e-01
2.07186669e-01
2.10188195e-01
2.13187724e-01
2.16185257e-01
2.19180748e-01
2.22174168e-01
2.25165486e-01
2.28154689e-01
2.31141731e-01
2.34126583e-01
2.37109244e-01
2.40089655e-01
2.43067816e-01
2.46043682e-01
2.49017254e-01
2.51988471e-01
2.54957318e-01
2.57923782e-01
2.60887802e-01
2.63849378e-01
2.66808450e-01
2.69765019e-01
2.72719026e-01
2.75670469e-01
2.78619319e-01
2.81565547e-01
2.84509093e-01
2.87449986e-01
2.90388137e-01
2.93323576e-01
2.96256244e-01
2.99186170e-01
3.02113235e-01
3.05037469e-01
3.07958812e-01
3.10877293e-01
3.13792795e-01
3.16705376e-01
3.19614917e-01
3.22521478e-01
3.25424999e-01
3.28325450e-01
3.31222832e-01
3.34117085e-01
3.37008178e-01
3.39896113e-01
3.42780858e-01
3.45662355e-01
3.48540604e-01
3.51415545e-01
3.54287177e-01
3.57155502e-01
3.60020459e-01
3.62881988e-01
3.65740120e-01
3.68594825e-01
3.71446043e-01
3.74293745e-01
3.77137929e-01
3.79978567e-01
3.82815629e-01
3.85649055e-01
3.88478875e-01
3.91305000e-01
3.94127458e-01
3.96946192e-01
3.99761230e-01
4.02572453e-01
4.05379921e-01
4.08183545e-01
4.10983294e-01
4.13779229e-01
4.16571230e-01
4.19359326e-01
4.22143459e-01
4.24923658e-01
4.27699804e-01
4.30471957e-01
4.33239996e-01
4.36003983e-01
4.38763857e-01
4.41519618e-01
4.44271177e-01
4.47018594e-01
4.49761778e-01
4.52500761e-01
4.55235451e-01
4.57965851e-01
4.60691959e-01
4.63413715e-01
4.66131121e-01
4.68844086e-01
4.71552670e-01
4.74256784e-01
4.76956457e-01
4.79651600e-01
4.82342273e-01
4.85028356e-01
4.87709910e-01
4.90386814e-01
4.93059129e-01
4.95726794e-01
4.98389810e-01
5.01048148e-01
5.03701746e-01
5.06350636e-01
5.08994758e-01
5.11634052e-01
5.14268458e-01
5.16898096e-01
5.19522846e-01
5.22142708e-01
5.24757564e-01
5.27367532e-01
5.29972553e-01
5.32572627e-01
5.35167634e-01
5.37757576e-01
5.40342391e-01
5.42922199e-01
5.45496881e-01
5.48066437e-01
5.50630748e-01
5.53189933e-01
5.55743933e-01
5.58292747e-01
5.60836196e-01
5.63374400e-01
5.65907240e-01
5.68434834e-01
5.70957065e-01
5.73473930e-01
5.75985312e-01
5.78491330e-01
5.80991864e-01
5.83486974e-01
5.85976601e-01
5.88460624e-01
5.90939164e-01
5.93412101e-01
5.95879555e-01
5.98341286e-01
6.00797415e-01
6.03247821e-01
6.05692625e-01
6.08131707e-01
6.10565007e-01
6.12992585e-01
6.15414321e-01
6.17830336e-01
6.20240510e-01
6.22644901e-01
6.25043333e-01
6.27435863e-01
6.29822493e-01
6.32203221e-01
6.34578049e-01
6.36946857e-01
6.39309645e-01
6.41666412e-01
6.44017100e-01
6.46361828e-01
6.48700356e-01
6.51032805e-01
6.53359115e-01
6.55679286e-01
6.57993317e-01
6.60301149e-01
6.62602723e-01
6.64898038e-01
6.67187035e-01
6.69469833e-01
6.71746314e-01
6.74016476e-01
6.76280200e-01
6.78537607e-01
6.80788636e-01
6.83033288e-01
6.85271502e-01
6.87503219e-01
6.89728439e-01
6.91947162e-01
6.94159389e-01
6.96365178e-01
6.98564291e-01
7.00756848e-01
7.02942729e-01
7.05122054e-01
7.07294703e-01
7.09460795e-01
7.11620152e-01
7.13772774e-01
7.15918601e-01
7.18057752e-01
7.20190108e-01
7.22315788e-01
7.24434555e-01
7.26546526e-01
7.28651583e-01
7.30749846e-01
7.32841253e-01
7.34925807e-01
7.37003386e-01
7.39073992e-01
7.41137624e-01
7.43194222e-01
7.45243907e-01
7.47286558e-01
7.49322176e-01
7.51350641e-01
7.53372073e-01
7.55386412e-01
7.57393658e-01
7.59393811e-01
7.61386752e-01
7.63372540e-01
7.65351057e-01
7.67322421e-01
7.69286513e-01
7.71243453e-01
7.73193121e-01
7.75135517e-01
7.77070522e-01
7.78998256e-01
7.80918598e-01
7.82831669e-01
7.84737349e-01
7.86635637e-01
7.88526475e-01
7.90409863e-01
7.92285800e-01
7.94154286e-01
7.96015322e-01
7.97868907e-01
7.99714983e-01
8.01553428e-01
8.03384304e-01
8.05207610e-01
8.07023346e-01
8.08831513e-01
8.10632110e-01
8.12425017e-01
8.14210236e-01
8.15987766e-01
8.17757607e-01
8.19519818e-01
8.21274281e-01
8.23021114e-01
8.24760079e-01
8.26491296e-01
8.28214645e-01
8.29930246e-01
8.31637979e-01
8.33337963e-01
8.35030079e-01
8.36714387e-01
8.38390768e-01
8.40059221e-01
8.41719687e-01
8.43372285e-01
8.45016897e-01
8.46653640e-01
8.48282397e-01
8.49903166e-01
8.51515889e-01
8.53120565e-01
8.54717195e-01
8.56305778e-01
8.57886314e-01
8.59458804e-01
8.61023247e-01
8.62579525e-01
8.64127636e-01
8.65667582e-01
8.67199361e-01
8.68722975e-01
8.70238423e-01
8.71745765e-01
8.73244882e-01
8.74735773e-01
8.76218319e-01
8.77692640e-01
8.79158676e-01
8.80616426e-01
8.82065892e-01
8.83507073e-01
8.84939969e-01
8.86364579e-01
8.87780786e-01
8.89188588e-01
8.90587986e-01
8.91978979e-01
8.93361568e-01
8.94735754e-01
8.96101534e-01
8.97458851e-01
8.98807824e-01
9.00148273e-01
9.01480258e-01
9.02803659e-01
9.04118538e-01
9.05424893e-01
9.06722724e-01
9.08012033e-01
9.09292817e-01
9.10565078e-01
9.11828816e-01
9.13083911e-01
9.14330363e-01
9.15568173e-01
9.16797340e-01
9.18017864e-01
9.19229746e-01
9.20432985e-01
9.21627581e-01
9.22813535e-01
9.23990846e-01
9.25159395e-01
9.26319242e-01
9.27470267e-01
9.28612590e-01
9.29746091e-01
9.30870891e-01
9.31986868e-01
9.33094144e-01
9.34192598e-01
9.35282290e-01
9.36363220e-01
9.37435329e-01
9.38498557e-01
9.39552903e-01
9.40598369e-01
9.41634953e-01
9.42662656e-01
9.43681479e-01
9.44691479e-01
9.45692539e-01
9.46684778e-01
9.47668076e-01
9.48642552e-01
9.49608028e-01
9.50564563e-01
9.51512039e-01
9.52450573e-01
9.53380108e-01
9.54300642e-01
9.55212176e-01
9.56114709e-01
9.57008243e-01
9.57892776e-01
9.58768308e-01
9.59634840e-01
9.60492373e-01
9.61340904e-01
9.62180376e-01
9.63010788e-01
9.63832080e-01
9.64644253e-01
9.65447307e-01
9.66241181e-01
9.67025995e-01
9.67801630e-01
9.68568206e-01
9.69325602e-01
9.70073938e-01
9.70813096e-01
9.71543193e-01
9.72264111e-01
9.72975969e-01
9.73678648e-01
9.74372208e-01
9.75056529e-01
9.75731671e-01
9.76397634e-01
9.77054298e-01
9.77701783e-01
9.78339970e-01
9.78968978e-01
9.79588687e-01
9.80199218e-01
9.80800450e-01
9.81392503e-01
9.81975257e-01
9.82548833e-01
9.83113110e-01
9.83668208e-01
9.84214067e-01
9.84750688e-01
9.85278010e-01
9.85796094e-01
9.86304820e-01
9.86804307e-01
9.87294495e-01
9.87775326e-01
9.88246918e-01
9.88709152e-01
9.89162087e-01
9.89605665e-01
9.90039945e-01
9.90464866e-01
9.90880430e-01
9.91286635e-01
9.91683483e-01
9.92070973e-01
9.92449105e-01
9.92817879e-01
9.93177295e-01
9.93527353e-01
9.93868053e-01
9.94199395e-01
9.94521379e-01
9.94834006e-01
9.95137334e-01
9.95431244e-01
9.95715857e-01
9.95991051e-01
9.96256888e-01
9.96513307e-01
9.96760368e-01
9.96998012e-01
9.97226298e-01
9.97445107e-01
9.97654617e-01
9.97854650e-01
9.98045325e-01
9.98226583e-01
9.98398423e-01
9.98560905e-01
9.98713911e-01
9.98857558e-01
9.98991787e-01
9.99116600e-01
9.99231994e-01
9.99337912e-01
9.99434471e-01
9.99521613e-01
9.99599397e-01
9.99667704e-01
9.99726593e-01
9.99776006e-01
9.99816060e-01
9.99846637e-01
9.99867857e-01
9.99879599e-01
9.99881983e-01
9.99874949e-01
9.99858439e-01
9.99832511e-01
9.99797165e-01
9.99752462e-01
9.99698281e-01
9.99634743e-01
9.99561667e-01
9.99479234e-01
9.99387324e-01
9.99286115e-01
9.99175429e-01
9.99055386e-01
9.98925865e-01
9.98786926e-01
9.98638570e-01
9.98480856e-01
9.98313665e-01
9.98137116e-01
9.97951150e-01
9.97755826e-01
9.97551024e-01
9.97336864e-01
9.97113347e-01
9.96880352e-01
9.96638000e-01
9.96386290e-01
9.96125102e-01
9.95854616e-01
9.95574713e-01
9.95285511e-01
9.94986892e-01
9.94678974e-01
9.94361639e-01
9.94035006e-01
9.93698955e-01
9.93353605e-01
9.92998838e-01
9.92634773e-01
9.92261291e-01
9.91878510e-01
9.91486311e-01
9.91084814e-01
9.90673900e-01
9.90253627e-01
9.89823997e-01
9.89385068e-01
9.88936782e-01
9.88479197e-01
9.88012314e-01
9.87536073e-01
9.87050533e-01
9.86555755e-01
9.86051619e-01
9.85538185e-01
9.85015512e-01
9.84483540e-01
9.83942330e-01
9.83391881e-01
9.82832193e-01
9.82263267e-01
9.81685102e-01
9.81097698e-01
9.80501056e-01
9.79895175e-01
9.79280055e-01
9.78655696e-01
9.78022099e-01
9.77379262e-01
9.76727128e-01
9.76065814e-01
9.75395262e-01
9.74715531e-01
9.74026561e-01
9.73328471e-01
9.72621202e-01
9.71904755e-01
9.71179247e-01
9.70444560e-01
9.69700813e-01
9.68947947e-01
9.68185961e-01
9.67414856e-01
9.66634631e-01
9.65845287e-01
9.65046823e-01
9.64239240e-01
9.63422537e-01
9.62596714e-01
9.61761773e-01
9.60917771e-01
9.60064769e-01
9.59202766e-01
9.58331764e-01
9.57451761e-01
9.56562698e-01
9.55664694e-01
9.54757631e-01
9.53841627e-01
9.52916563e-01
9.51982558e-01
9.51039493e-01
9.50087488e-01
9.49126422e-01
9.48156476e-01
9.47177589e-01
9.46189880e-01
9.45193231e-01
9.44187760e-01
9.43173349e-01
9.42150056e-01
9.41117883e-01
9.40076828e-01
9.39026892e-01
9.37968075e-01
9.36900377e-01
9.35823798e-01
9.34738457e-01
9.33644354e-01
9.32541490e-01
9.31429863e-01
9.30309474e-01
9.29180324e-01
9.28042412e-01
9.26895797e-01
9.25740361e-01
9.24576223e-01
9.23403263e-01
9.22221661e-01
9.21031356e-01
9.19832468e-01
9.18624878e-01
9.17408705e-01
9.16183829e-01
9.14950371e-01
9.13708210e-01
9.12457466e-01
9.11198080e-01
9.09930050e-01
9.08653498e-01
9.07368422e-01
9.06074822e-01
9.04772699e-01
9.03462052e-01
9.02142942e-01
9.00815248e-01
8.99479091e-01
8.98134351e-01
8.96781206e-01
8.95419598e-01
8.94049644e-01
8.92671227e-01
8.91284466e-01
8.89889240e-01
8.88485670e-01
8.87073696e-01
8.85653317e-01
8.84224594e-01
8.82787526e-01
8.81342232e-01
8.79888594e-01
8.78426731e-01
8.76956522e-01
8.75478089e-01
8.73991311e-01
8.72496307e-01
8.70993078e-01
8.69481742e-01
8.67962182e-01
8.66434515e-01
8.64898622e-01
8.63354623e-01
8.61802399e-01
8.60242009e-01
8.58673573e-01
8.57097030e-01
8.55512500e-01
8.53919864e-01
8.52319241e-01
8.50710511e-01
8.49093795e-01
8.47468972e-01
8.45836222e-01
8.44195545e-01
8.42546940e-01
8.40890408e-01
8.39225948e-01
8.37553561e-01
8.35873246e-01
8.34185004e-01
8.32488954e-01
8.30785096e-01
8.29073429e-01
8.27353954e-01
8.25626671e-01
8.23891580e-01
8.22148621e-01
8.20398033e-01
8.18639696e-01
8.16873729e-01
8.15100014e-01
8.13318610e-01
8.11529517e-01
8.09732735e-01
8.07928324e-01
8.06116343e-01
8.04296851e-01
8.02469730e-01
8.00635099e-01
7.98792839e-01
7.96943069e-01
7.95085728e-01
7.93220997e-01
7.91348755e-01
7.89469123e-01
7.87581980e-01
7.85687387e-01
7.83785343e-01
7.81875968e-01
7.79959321e-01
7.78035283e-01
7.76103973e-01
7.74165273e-01
7.72219300e-01
7.70265937e-01
7.68305421e-01
7.66337633e-01
7.64362693e-01
7.62380540e-01
7.60391176e-01
7.58394599e-01
7.56390929e-01
7.54380167e-01
7.52362251e-01
7.50337303e-01
7.48305202e-01
7.46266067e-01
7.44219840e-01
7.42166698e-01
7.40106583e-01
7.38039494e-01
7.35965431e-01
7.33884394e-01
7.31796443e-01
7.29701638e-01
7.27599978e-01
7.25491464e-01
7.23376095e-01
7.21253812e-01
7.19124794e-01
7.16988981e-01
7.14846492e-01
7.12697208e-01
7.10541248e-01
7.08378553e-01
7.06209183e-01
7.04033196e-01
7.01850593e-01
6.99661374e-01
6.97465539e-01
6.95263028e-01
6.93054080e-01
6.90838575e-01
6.88616633e-01
6.86388195e-01
6.84153259e-01
6.81911826e-01
6.79664016e-01
6.77409828e-01
6.75149202e-01
6.72882259e-01
6.70608878e-01
6.68329239e-01
6.66043282e-01
6.63751125e-01
6.61452711e-01
6.59148037e-01
6.56837106e-01
6.54520035e-01
6.52196825e-01
6.49867415e-01
6.47531927e-01
6.45190239e-01
6.42842531e-01
6.40488744e-01
6.38128996e-01
6.35763228e-01
6.33391440e-01
6.31013691e-01
6.28629982e-01
6.26240373e-01
6.23844862e-01
6.21443391e-01
6.19036078e-01
6.16622925e-01
6.14204049e-01
6.11779392e-01
6.09348953e-01
6.06912732e-01
6.04470789e-01
6.02023244e-01
5.99569976e-01
5.97111106e-01
5.94646513e-01
5.92176378e-01
5.89700639e-01
5.87219417e-01
5.84732592e-01
5.82240224e-01
5.79742372e-01
5.77239096e-01
5.74730396e-01
5.72216272e-01
5.69696784e-01
5.67171812e-01
5.64641595e-01
5.62106073e-01
5.59565246e-01
5.57019114e-01
5.54467738e-01
5.51911175e-01
5.49349368e-01
5.46782434e-01
5.44210255e-01
5.41633010e-01
5.39050639e-01
5.36463261e-01
5.33870757e-01
5.31273186e-01
5.28670609e-01
5.26063085e-01
5.23450673e-01
5.20833254e-01
5.18210948e-01
5.15583754e-01
5.12951732e-01
5.10314882e-01
5.07673204e-01
5.05026698e-01
5.02375484e-01
4.99719530e-01
4.97058868e-01
4.94393557e-01
4.91723567e-01
4.89048958e-01
4.86369729e-01
4.83685911e-01
4.80997562e-01
4.78304654e-01
4.75607246e-01
4.72905308e-01
4.70198959e-01
4.67488170e-01
4.64772999e-01
4.62053448e-01
4.59329516e-01
4.56601262e-01
4.53868687e-01
4.51131850e-01
4.48390782e-01
4.45645481e-01
4.42895979e-01
4.40142304e-01
4.37384486e-01
4.34622526e-01
4.31856483e-01
4.29086387e-01
4.26312238e-01
4.23534065e-01
4.20751929e-01
4.17965829e-01
4.15175766e-01
4.12381798e-01
4.09583926e-01
4.06782210e-01
4.03976649e-01
4.01167303e-01
3.98354173e-01
3.95537317e-01
3.92716706e-01
3.89892399e-01
3.87064397e-01
3.84232759e-01
3.81397486e-01
3.78558666e-01
3.75716239e-01
3.72870296e-01
3.70020837e-01
3.67167920e-01
3.64311516e-01
3.61451685e-01
3.58588398e-01
3.55721772e-01
3.52851808e-01
3.49978507e-01
3.47101867e-01
3.44222009e-01
3.41338903e-01
3.38452607e-01
3.35563093e-01
3.32670420e-01
3.29774618e-01
3.26875687e-01
3.23973686e-01
3.21068615e-01
3.18160534e-01
3.15249443e-01
3.12335402e-01
3.09418410e-01
3.06498528e-01
3.03575754e-01
3.00650120e-01
2.97721654e-01
2.94790357e-01
2.91856289e-01
2.88919479e-01
2.85979927e-01
2.83037692e-01
2.80092776e-01
2.77145207e-01
2.74195045e-01
2.71242321e-01
2.68287033e-01
2.65329212e-01
2.62368917e-01
2.59406149e-01
2.56440938e-01
2.53473282e-01
2.50503272e-01
2.47530863e-01
2.44556129e-01
2.41579100e-01
2.38599777e-01
2.35618219e-01
2.32634425e-01
2.29648456e-01
2.26660311e-01
2.23670036e-01
2.20677659e-01
2.17683211e-01
2.14686707e-01
2.11688191e-01
2.08687693e-01
2.05685228e-01
2.02680826e-01
1.99674502e-01
1.96666300e-01
1.93656236e-01
1.90644339e-01
1.87630638e-01
1.84615165e-01
1.81597963e-01
1.78579047e-01
1.75558448e-01
1.72536179e-01
1.69512302e-01
1.66486830e-01
1.63459793e-01
1.60431206e-01
1.57401115e-01
1.54369548e-01
1.51336521e-01
1.48302078e-01
1.45266250e-01
1.42229050e-01
1.39190510e-01
1.36150658e-01
1.33109525e-01
1.30067125e-01
1.27023503e-01
1.23978667e-01
1.20932661e-01
1.17885515e-01
1.14837259e-01
1.11787923e-01
1.08737536e-01
1.05686136e-01
1.02633737e-01
9.95803773e-02
9.65260863e-02
9.34708789e-02
9.04147923e-02
8.73578414e-02
8.43000710e-02
8.12414959e-02
7.81821609e-02
7.51220882e-02
7.20613077e-02
6.89998493e-02
6.59377426e-02
6.28750175e-02
5.98117076e-02
5.67478351e-02
5.36834262e-02
5.06185144e-02
4.75531220e-02
4.44872789e-02
4.14210148e-02
3.83543558e-02
3.52873392e-02
3.22199911e-02
2.91523375e-02
2.60844100e-02
2.30162386e-02
1.99478492e-02
1.68792717e-02
1.38105359e-02
1.07416697e-02
7.67270243e-03
4.60366253e-03
1.53457886e-03
-1.53451925e-03
-4.60360292e-03
-7.67264282e-03
-1.07416101e-02
-1.38104763e-02
-1.68792121e-02
-1.99477896e-02
-2.30161790e-02
-2.60843504e-02
-2.91522779e-02
-3.22199315e-02
-3.52872796e-02
-3.83542962e-02
-4.14209552e-02
-4.44872193e-02
-4.75530624e-02
-5.06184548e-02
-5.36833666e-02
-5.67477755e-02
-5.98116480e-02
-6.28749579e-02
-6.59376830e-02
-6.89997897e-02
-7.20612481e-02
-7.51220286e-02
-7.81821012e-02
-8.12414363e-02
-8.43000114e-02
-8.73577818e-02
-9.04147327e-02
-9.34708193e-02
-9.65260267e-02
-9.95803177e-02
-1.02633677e-01
-1.05686076e-01
-1.08737476e-01
-1.11787863e-01
-1.14837199e-01
-1.17885455e-01
-1.20932601e-01
-1.23978607e-01
-1.27023444e-01
-1.30067065e-01
-1.33109465e-01
-1.36150599e-01
-1.39190450e-01
-1.42228991e-01
-1.45266190e-01
-1.48302019e-01
-1.51336461e-01
-1.54369488e-01
-1.57401055e-01
-1.60431147e-01
-1.63459733e-01
-1.66486770e-01
-1.69512242e-01
-1.72536120e-01
-1.75558388e-01
-1.78578988e-01
-1.81597903e-01
-1.84615105e-01
-1.87630579e-01
-1.90644279e-01
-1.93656176e-01
-1.96666241e-01
-1.99674442e-01
-2.02680767e-01
-2.05685169e-01
-2.08687633e-01
-2.11688131e-01
-2.14686647e-01
-2.17683151e-01
-2.20677599e-01
-2.23669976e-01
-2.26660252e-01
-2.29648396e-01
-2.32634366e-01
-2.35618159e-01
-2.38599718e-01
-2.41579041e-01
-2.44556069e-01
-2.47530803e-01
-2.50503212e-01
-2.53473222e-01
-2.56440878e-01
-2.59406090e-01
-2.62368858e-01
-2.65329152e-01
-2.68286973e-01
-2.71242261e-01
-2.74194986e-01
-2.77145147e-01
-2.80092716e-01
-2.83037633e-01
-2.85979867e-01
-2.88919419e-01
-2.91856229e-01
-2.94790298e-01
-2.97721595e-01
-3.00650060e-01
-3.03575695e-01
-3.06498468e-01
-3.09418350e-01
-3.12335342e-01
-3.15249383e-01
-3.18160474e-01
-3.21068555e-01
-3.23973626e-01
-3.26875627e-01
-3.29774559e-01
-3.32670361e-01
-3.35563034e-01
-3.38452548e-01
-3.41338843e-01
-3.44221950e-01
-3.47101837e-01
-3.49978447e-01
-3.52851748e-01
-3.55721742e-01
-3.58588368e-01
-3.61451626e-01
-3.64311486e-01
-3.67167890e-01
-3.70020807e-01
-3.72870266e-01
-3.75716209e-01
-3.78558606e-01
-3.81397456e-01
-3.84232700e-01
-3.87064368e-01
-3.89892340e-01
-3.92716646e-01
-3.95537227e-01
-3.98354113e-01
-4.01167244e-01
-4.03976589e-01
-4.06782150e-01
-4.09583867e-01
-4.12381738e-01
-4.15175706e-01
-4.17965770e-01
-4.20751870e-01
-4.23534006e-01
-4.26312178e-01
-4.29086328e-01
-4.31856453e-01
-4.34622496e-01
-4.37384456e-01
-4.40142274e-01
-4.42895949e-01
-4.45645452e-01
-4.48390722e-01
-4.51131821e-01
-4.53868628e-01
-4.56601202e-01
-4.59329426e-01
-4.62053359e-01
-4.64772910e-01
-4.67488110e-01
-4.70198900e-01
-4.72905248e-01
-4.75607187e-01
-4.78304595e-01
-4.80997503e-01
-4.83685851e-01
-4.86369669e-01
-4.89048898e-01
-4.91723508e-01
-4.94393498e-01
-4.97058809e-01
-4.99719471e-01
-5.02375424e-01
-5.05026639e-01
-5.07673144e-01
-5.10314822e-01
-5.12951672e-01
-5.15583694e-01
-5.18210888e-01
-5.20833194e-01
-5.23450613e-01
-5.26063025e-01
-5.28670549e-01
-5.31273127e-01
-5.33870697e-01
-5.36463201e-01
-5.39050579e-01
-5.41632950e-01
-5.44210196e-01
-5.46782374e-01
-5.49349308e-01
-5.51911116e-01
-5.54467678e-01
-5.57019055e-01
-5.59565187e-01
-5.62106013e-01
-5.64641535e-01
-5.67171752e-01
-5.69696724e-01
-5.72216213e-01
-5.74730337e-01
-5.77239037e-01
-5.79742312e-01
-5.82240164e-01
-5.84732533e-01
-5.87219357e-01
-5.89700639e-01
-5.92176318e-01
-5.94646513e-01
-5.97111046e-01
-5.99569976e-01
-6.02023184e-01
-6.04470789e-01
-6.06912732e-01
-6.09348953e-01
-6.11779392e-01
-6.14204049e-01
-6.16622925e-01
-6.19036019e-01
-6.21443391e-01
-6.23844802e-01
-6.26240313e-01
-6.28629923e-01
-6.31013632e-01
-6.33391440e-01
-6.35763228e-01
-6.38128996e-01
-6.40488744e-01
-6.42842472e-01
-6.45190239e-01
-6.47531867e-01
-6.49867415e-01
-6.52196765e-01
-6.54519975e-01
-6.56837046e-01
-6.59147978e-01
-6.61452651e-01
-6.63751066e-01
-6.66043222e-01
-6.68329179e-01
-6.70608819e-01
-6.72882199e-01
-6.75149143e-01
-6.77409768e-01
-6.79663956e-01
-6.81911767e-01
-6.84153199e-01
-6.86388135e-01
-6.88616574e-01
-6.90838575e-01
-6.93054020e-01
-6.95263028e-01
-6.97465479e-01
-6.99661374e-01
-7.01850593e-01
-7.04033196e-01
-7.06209183e-01
-7.08378553e-01
-7.10541248e-01
-7.12697208e-01
-7.14846432e-01
-7.16988921e-01
-7.19124675e-01
-7.21253753e-01
-7.23375976e-01
-7.25491405e-01
-7.27599919e-01
-7.29701579e-01
-7.31796384e-01
-7.33884335e-01
-7.35965371e-01
-7.38039434e-01
-7.40106523e-01
-7.42166638e-01
-7.44219840e-01
-7.46266007e-01
-7.48305202e-01
-7.50337243e-01
-7.52362251e-01
-7.54380107e-01
-7.56390929e-01
-7.58394599e-01
-7.60391116e-01
-7.62380481e-01
-7.64362693e-01
-7.66337633e-01
-7.68305421e-01
-7.70265937e-01
-7.72219300e-01
-7.74165273e-01
-7.76103973e-01
-7.78035283e-01
-7.79959321e-01
-7.81875968e-01
-7.83785343e-01
-7.85687387e-01
-7.87581921e-01
-7.89469063e-01
-7.91348696e-01
-7.93220937e-01
-7.95085669e-01
-7.96943009e-01
-7.98792779e-01
-8.00635040e-01
-8.02469671e-01
-8.04296792e-01
-8.06116343e-01
-8.07928324e-01
-8.09732735e-01
-8.11529517e-01
-8.13318610e-01
-8.15100014e-01
-8.16873670e-01
-8.18639696e-01
-8.20397973e-01
-8.22148621e-01
-8.23891521e-01
-8.25626612e-01
-8.27353895e-01
-8.29073370e-01
-8.30785036e-01
-8.32488894e-01
-8.34184945e-01
-8.35873187e-01
-8.37553501e-01
-8.39225888e-01
-8.40890348e-01
-8.42546880e-01
-8.44195485e-01
-8.45836163e-01
-8.47468972e-01
-8.49093735e-01
-8.50710511e-01
-8.52319181e-01
-8.53919864e-01
-8.55512440e-01
-8.57097030e-01
-8.58673513e-01
-8.60242009e-01
-8.61802340e-01
-8.63354564e-01
-8.64898562e-01
-8.66434455e-01
-8.67962122e-01
-8.69481683e-01
-8.70993018e-01
-8.72496247e-01
-8.73991251e-01
-8.75478029e-01
-8.76956463e-01
-8.78426671e-01
-8.79888535e-01
-8.81342173e-01
-8.82787466e-01
-8.84224534e-01
-8.85653257e-01
-8.87073696e-01
-8.88485670e-01
-8.89889300e-01
-8.91284466e-01
-8.92671287e-01
-8.94049644e-01
-8.95419657e-01
-8.96781206e-01
-8.98134410e-01
-8.99479091e-01
-9.00815308e-01
-9.02142942e-01
-9.03462112e-01
-9.04772699e-01
-9.06074822e-01
-9.07368422e-01
-9.08653498e-01
-9.09930050e-01
-9.11198080e-01
-9.12457466e-01
-9.13708210e-01
-9.14950311e-01
-9.16183829e-01
-9.17408645e-01
-9.18624878e-01
-9.19832408e-01
-9.21031356e-01
-9.22221601e-01
-9.23403263e-01
-9.24576163e-01
-9.25740361e-01
-9.26895738e-01
-9.28042412e-01
-9.29180324e-01
-9.30309474e-01
-9.31429863e-01
-9.32541490e-01
-9.33644354e-01
-9.34738457e-01
-9.35823798e-01
-9.36900377e-01
-9.37968075e-01
-9.39026892e-01
-9.40076828e-01
-9.41117883e-01
-9.42150056e-01
-9.43173349e-01
-9.44187701e-01
-9.45193231e-01
-9.46189821e-01
-9.47177589e-01
-9.48156416e-01
-9.49126422e-01
-9.50087428e-01
-9.51039493e-01
-9.51982498e-01
-9.52916563e-01
-9.53841567e-01
-9.54757631e-01
-9.55664635e-01
-9.56562698e-01
-9.57451701e-01
-9.58331764e-01
-9.59202766e-01
-9.60064769e-01
-9.60917771e-01
-9.61761773e-01
-9.62596714e-01
-9.63422537e-01
-9.64239240e-01
-9.65046823e-01
-9.65845287e-01
-9.66634631e-01
-9.67414856e-01
-9.68185961e-01
-9.68947947e-01
-9.69700813e-01
-9.70444560e-01
-9.71179247e-01
-9.71904755e-01
-9.72621202e-01
-9.73328412e-01
-9.74026561e-01
-9.74715471e-01
-9.75395262e-01
-9.76065755e-01
-9.76727128e-01
-9.77379203e-01
-9.78022099e-01
-9.78655696e-01
-9.79280055e-01
-9.79895175e-01
-9.80501056e-01
-9.81097698e-01
-9.81685102e-01
-9.82263267e-01
-9.82832193e-01
-9.83391881e-01
-9.83942330e-01
-9.84483540e-01
-9.85015512e-01
-9.85538185e-01
-9.86051619e-01
-9.86555755e-01
-9.87050533e-01
-9.87536073e-01
-9.88012254e-01
-9.88479197e-01
-9.88936782e-01
-9.89385068e-01
-9.89823997e-01
-9.90253627e-01
-9.90673900e-01
-9.91084814e-01
-9.91486311e-01
-9.91878510e-01
-9.92261291e-01
-9.92634773e-01
-9.92998838e-01
-9.93353605e-01
-9.93698955e-01
-9.94035006e-01
-9.94361639e-01
-9.94678974e-01
-9.94986892e-01
-9.95285511e-01
-9.95574713e-01
-9.95854616e-01
-9.96125102e-01
-9.96386230e-01
-9.96638000e-01
-9.96880352e-01
-9.97113287e-01
-9.97336864e-01
-9.97551024e-01
-9.97755826e-01
-9.97951150e-01
-9.98137116e-01
-9.98313665e-01
-9.98480856e-01
-9.98638570e-01
-9.98786926e-01
-9.98925865e-01
-9.99055326e-01
-9.99175429e-01
-9.99286115e-01
-9.99387383e-01
-9.99479234e-01
-9.99561608e-01
-9.99634683e-01
-9.99698281e-01
-9.99752462e-01
-9.99797165e-01
-9.99832511e-01
-9.99858439e-01
-9.99874949e-01
-9.99881983e-01
-9.99879599e-01
-9.99867857e-01
-9.99846637e-01
-9.99816060e-01
-9.99776006e-01
-9.99726593e-01
-9.99667704e-01
-9.99599397e-01
-9.99521613e-01
-9.99434471e-01
-9.99337912e-01
-9.99231994e-01
-9.99116600e-01
-9.98991787e-01
-9.98857558e-01
-9.98713970e-01
-9.98560905e-01
-9.98398483e-01
-9.98226583e-01
-9.98045325e-01
-9.97854650e-01
-9.97654617e-01
-9.97445107e-01
-9.97226298e-01
-9.96998012e-01
-9.96760368e-01
-9.96513307e-01
-9.96256888e-01
-9.95991051e-01
-9.95715857e-01
-9.95431244e-01
-9.95137334e-01
-9.94834065e-01
-9.94521439e-01
-9.94199455e-01
-9.93868113e-01
-9.93527412e-01
-9.93177354e-01
-9.92817938e-01
-9.92449164e-01
-9.92071033e-01
-9.91683543e-01
-9.91286695e-01
-9.90880489e-01
-9.90464926e-01
-9.90040004e-01
-9.89605725e-01
-9.89162087e-01
-9.88709152e-01
-9.88246918e-01
-9.87775326e-01
-9.87294495e-01
-9.86804307e-01
-9.86304820e-01
-9.85796094e-01
-9.85278010e-01
-9.84750688e-01
-9.84214067e-01
-9.83668208e-01
-9.83113110e-01
-9.82548833e-01
-9.81975257e-01
-9.81392503e-01
-9.80800450e-01
-9.80199218e-01
-9.79588687e-01
-9.78968978e-01
-9.78339970e-01
-9.77701783e-01
-9.77054298e-01
-9.76397634e-01
-9.75731671e-01
-9.75056589e-01
-9.74372208e-01
-9.73678708e-01
-9.72975969e-01
-9.72264171e-01
-9.71543193e-01
-9.70813155e-01
-9.70073938e-01
-9.69325662e-01
-9.68568206e-01
-9.67801690e-01
-9.67025995e-01
-9.66241241e-01
-9.65447307e-01
-9.64644253e-01
-9.63832080e-01
-9.63010788e-01
-9.62180376e-01
-9.61340964e-01
-9.60492432e-01
-9.59634900e-01
-9.58768368e-01
-9.57892835e-01
-9.57008302e-01
-9.56114769e-01
-9.55212235e-01
-9.54300702e-01
-9.53380167e-01
-9.52450633e-01
-9.51512098e-01
-9.50564563e-01
-9.49608028e-01
-9.48642552e-01
-9.47668076e-01
-9.46684778e-01
-9.45692539e-01
-9.44691479e-01
-9.43681479e-01
-9.42662656e-01
-9.41634953e-01
-9.40598369e-01
-9.39552903e-01
-9.38498557e-01
-9.37435329e-01
-9.36363220e-01
-9.35282290e-01
-9.34192598e-01
-9.33094144e-01
-9.31986928e-01
-9.30870891e-01
-9.29746151e-01
-9.28612590e-01
-9.27470326e-01
-9.26319242e-01
-9.25159454e-01
-9.23990846e-01
-9.22813594e-01
-9.21627641e-01
-9.20433044e-01
-9.19229805e-01
-9.18017924e-01
-9.16797400e-01
-9.15568233e-01
-9.14330423e-01
-9.13083971e-01
-9.11828876e-01
-9.10565138e-01
-9.09292877e-01
-9.08012092e-01
-9.06722784e-01
-9.05424953e-01
-9.04118598e-01
-9.02803659e-01
-9.01480258e-01
-9.00148273e-01
-8.98807824e-01
-8.97458851e-01
-8.96101534e-01
-8.94735754e-01
-8.93361568e-01
-8.91978979e-01
-8.90587986e-01
-8.89188588e-01
-8.87780786e-01
-8.86364579e-01
-8.84939969e-01
-8.83507073e-01
-8.82065892e-01
-8.80616426e-01
-8.79158676e-01
-8.77692640e-01
-8.76218319e-01
-8.74735773e-01
-8.73244882e-01
-8.71745765e-01
-8.70238483e-01
-8.68723035e-01
-8.67199421e-01
-8.65667641e-01
-8.64127696e-01
-8.62579584e-01
-8.61023307e-01
-8.59458864e-01
-8.57886374e-01
-8.56305838e-01
-8.54717255e-01
-8.53120625e-01
-8.51515949e-01
-8.49903226e-01
-8.48282456e-01
-8.46653700e-01
-8.45016956e-01
-8.43372345e-01
-8.41719747e-01
-8.40059280e-01
-8.38390827e-01
-8.36714447e-01
-8.35030138e-01
-8.33337963e-01
-8.31638038e-01
-8.29930246e-01
-8.28214705e-01
-8.26491296e-01
-8.24760139e-01
-8.23021114e-01
-8.21274340e-01
-8.19519818e-01
-8.17757666e-01
-8.15987825e-01
-8.14210296e-01
-8.12425077e-01
-8.10632169e-01
-8.08831573e-01
-8.07023406e-01
-8.05207670e-01
-8.03384364e-01
-8.01553488e-01
-7.99714983e-01
-7.97868967e-01
-7.96015382e-01
-7.94154346e-01
-7.92285860e-01
-7.90409923e-01
-7.88526535e-01
-7.86635697e-01
-7.84737408e-01
-7.82831728e-01
-7.80918658e-01
-7.78998315e-01
-7.77070582e-01
-7.75135577e-01
-7.73193181e-01
-7.71243513e-01
-7.69286573e-01
-7.67322481e-01
-7.65351117e-01
-7.63372600e-01
-7.61386812e-01
-7.59393871e-01
-7.57393718e-01
-7.55386472e-01
-7.53372133e-01
-7.51350701e-01
-7.49322176e-01
-7.47286618e-01
-7.45243907e-01
-7.43194282e-01
-7.41137624e-01
-7.39073992e-01
-7.37003386e-01
-7.34925807e-01
-7.32841253e-01
-7.30749846e-01
-7.28651643e-01
-7.26546526e-01
-7.24434614e-01
-7.22315788e-01
-7.20190167e-01
-7.18057752e-01
-7.15918660e-01
-7.13772774e-01
-7.11620212e-01
-7.09460855e-01
-7.07294762e-01
-7.05122113e-01
-7.02942789e-01
-7.00756907e-01
-6.98564351e-01
-6.96365237e-01
-6.94159448e-01
-6.91947222e-01
-6.89728498e-01
-6.87503278e-01
-6.85271561e-01
-6.83033347e-01
-6.80788696e-01
-6.78537667e-01
-6.76280260e-01
-6.74016535e-01
-6.71746373e-01
-6.69469893e-01
-6.67187095e-01
-6.64898098e-01
-6.62602782e-01
-6.60301208e-01
-6.57993376e-01
-6.55679345e-01
-6.53359175e-01
-6.51032865e-01
-6.48700416e-01
-6.46361828e-01
-6.44017160e-01
-6.41666412e-01
-6.39309645e-01
-6.36946857e-01
-6.34578049e-01
-6.32203221e-01
-6.29822493e-01
-6.27435863e-01
-6.25043333e-01
-6.22644901e-01
-6.20240569e-01
-6.17830336e-01
-6.15414381e-01
-6.12992585e-01
-6.10565066e-01
-6.08131707e-01
-6.05692625e-01
-6.03247821e-01
-6.00797415e-01
-5.98341286e-01
-5.95879555e-01
-5.93412101e-01
-5.90939164e-01
-5.88460624e-01
-5.85976601e-01
-5.83487034e-01
-5.80991924e-01
-5.78491390e-01
-5.75985372e-01
-5.73473990e-01
-5.70957124e-01
-5.68434894e-01
-5.65907300e-01
-5.63374460e-01
-5.60836256e-01
-5.58292747e-01
-5.55743992e-01
-5.53189993e-01
-5.50630808e-01
-5.48066437e-01
-5.45496941e-01
-5.42922199e-01
-5.40342450e-01
-5.37757576e-01
-5.35167634e-01
-5.32572627e-01
-5.29972613e-01
-5.27367592e-01
-5.24757624e-01
-5.22142768e-01
-5.19522905e-01
-5.16898155e-01
-5.14268517e-01
-5.11634111e-01
-5.08994818e-01
-5.06350696e-01
-5.03701806e-01
-5.01048207e-01
-4.98389870e-01
-4.95726854e-01
-4.93059188e-01
-4.90386873e-01
-4.87709969e-01
-4.85028416e-01
-4.82342333e-01
-4.79651660e-01
-4.76956517e-01
-4.74256843e-01
-4.71552730e-01
-4.68844146e-01
-4.66131181e-01
-4.63413775e-01
-4.60692018e-01
-4.57965910e-01
-4.55235511e-01
-4.52500820e-01
-4.49761897e-01
-4.47018683e-01
-4.44271296e-01
-4.41519678e-01
-4.38763946e-01
-4.36004043e-01
-4.33240086e-01
-4.30472016e-01
-4.27699864e-01
-4.24923718e-01
-4.22143519e-01
-4.19359386e-01
-4.16571289e-01
-4.13779289e-01
-4.10983354e-01
-4.08183604e-01
-4.05379981e-01
-4.02572513e-01
-3.99761289e-01
-3.96946251e-01
-3.94127518e-01
-3.91305059e-01
-3.88478935e-01
-3.85649115e-01
-3.82815689e-01
-3.79978627e-01
-3.77137989e-01
-3.74293804e-01
-3.71446103e-01
-3.68594885e-01
-3.65740180e-01
-3.62882048e-01
-3.60020518e-01
-3.57155561e-01
-3.54287237e-01
-3.51415604e-01
-3.48540664e-01
-3.45662415e-01
-3.42780918e-01
-3.39896172e-01
-3.37008238e-01
-3.34117144e-01
-3.31222892e-01
-3.28325510e-01
-3.25425059e-01
-3.22521538e-01
-3.19614977e-01
-3.16705436e-01
-3.13792855e-01
-3.10877353e-01
-3.07958871e-01
-3.05037528e-01
-3.02113295e-01
-2.99186230e-01
-2.96256304e-01
-2.93323636e-01
-2.90388197e-01
-2.87450045e-01
-2.84509152e-01
-2.81565607e-01
-2.78619379e-01
-2.75670528e-01
-2.72719085e-01
-2.69765079e-01
-2.66808510e-01
-2.63849407e-01
-2.60887861e-01
-2.57923812e-01
-2.54957378e-01
-2.51988500e-01
-2.49017283e-01
-2.46043727e-01
-2.43067861e-01
-2.40089700e-01
-2.37109289e-01
-2.34126642e-01
-2.31141791e-01
-2.28154749e-01
-2.25165546e-01
-2.22174227e-01
-2.19180807e-01
-2.16185316e-01
-2.13187784e-01
-2.10188255e-01
-2.07186729e-01
-2.04183266e-01
-2.01177865e-01
-1.98170587e-01
-1.95161432e-01
-1.92150444e-01
-1.89137638e-01
-1.86123073e-01
-1.83106750e-01
-1.80088699e-01
-1.77068964e-01
-1.74047559e-01
-1.71024516e-01
-1.67999864e-01
-1.64973617e-01
-1.61945820e-01
-1.58916488e-01
-1.55885652e-01
-1.52853340e-01
-1.49819598e-01
-1.46784440e-01
-1.43747896e-01
-1.40709981e-01
-1.37670770e-01
-1.34630233e-01
-1.31588444e-01
-1.28545418e-01
-1.25501186e-01
-1.22455768e-01
-1.19409196e-01
-1.16361506e-01
-1.13312721e-01
-1.10262871e-01
-1.07211977e-01
-1.04160078e-01
-1.01107202e-01
-9.80533808e-02
-9.49986279e-02
-9.19429809e-02
-8.88864622e-02
-8.58291015e-02
-8.27709287e-02
-7.97119737e-02
-7.66522661e-02
-7.35918358e-02
-7.05307126e-02
-6.74689338e-02
-6.44065216e-02
-6.13435134e-02
-5.82799576e-02
-5.52159287e-02
-5.21515459e-02
-4.90870066e-02
-4.60226685e-02
-4.29591201e-02
-3.98973040e-02
-3.68386358e-02
-3.37851569e-02
-3.07395887e-02
-2.77053732e-02
-2.46865191e-02
-2.16873139e-02
-1.87118500e-02
-1.57634169e-02
-1.28438417e-02
-9.95289441e-03
-7.08791055e-03
-4.24372964e-03
-1.41302124e-03
1.41302124e-03
4.24372964e-03
