-4.29752935e-03
-1.43156061e-03
1.43156061e-03
4.29752935e-03
7.17180688e-03
1.00591863e-02
1.29634421e-02
1.58871152e-02
1.88314356e-02
2.17963848e-02
2.47808956e-02
2.77830940e-02
3.08006071e-02
3.38308327e-02
3.68711837e-02
3.99192721e-02
4.29730155e-02
4.60306928e-02
4.90909517e-02
5.21527678e-02
5.52153997e-02
5.82783185e-02
6.13411814e-02
6.44037426e-02
6.74658567e-02
7.05274194e-02
7.35883564e-02
7.66486302e-02
7.97081888e-02
8.27669948e-02
8.58250186e-02
8.88822302e-02
9.19385999e-02
9.49940979e-02
9.80487019e-02
1.01102382e-01
1.04155108e-01
1.07206859e-01
1.10257603e-01
1.13307312e-01
1.16355956e-01
1.19403511e-01
1.22449934e-01
1.25495210e-01
1.28539309e-01
1.31582186e-01
1.34623840e-01
1.37664214e-01
1.40703306e-01
1.43741056e-01
1.46777466e-01
1.49812490e-01
1.52846098e-01
1.55878261e-01
1.58908948e-01
1.61938146e-01
1.64965808e-01
1.67991906e-01
1.71016425e-01
1.74039319e-01
1.77060574e-01
1.80080160e-01
1.83098048e-01
1.86114237e-01
1.89128667e-01
1.92141324e-01
1.95152164e-01
1.98161185e-01
2.01168329e-01
2.04173580e-01
2.07176924e-01
2.10178286e-01
2.13177696e-01
2.16175079e-01
2.19170421e-01
2.22163707e-01
2.25154892e-01
2.28143945e-01
2.31130838e-01
2.34115556e-01
2.37098053e-01
2.40078330e-01
2.43056357e-01
2.46032089e-01
2.49005511e-01
2.51976579e-01
2.54945308e-01
2.57911623e-01
2.60875523e-01
2.63836950e-01
2.66795903e-01
2.69752324e-01
2.72706211e-01
2.75657505e-01
2.78606206e-01
2.81552285e-01
2.84495711e-01
2.87436426e-01
2.90374458e-01
2.93309778e-01
2.96242297e-01
2.99172074e-01
3.02098989e-01
3.05023104e-01
3.07944328e-01
3.10862631e-01
3.13778013e-01
3.16690445e-01
3.19599867e-01
3.22506279e-01
3.25409681e-01
3.28309983e-01
3.31207216e-01
3.34101349e-01
3.36992323e-01
3.39880139e-01
3.42764705e-01
3.45646083e-01
3.48524183e-01
3.51399004e-01
3.54270488e-01
3.57138664e-01
3.60003501e-01
3.62864912e-01
3.65722924e-01
3.68577451e-01
3.71428549e-01
3.74276131e-01
3.77120197e-01
3.79960686e-01
3.82797599e-01
3.85630906e-01
3.88460577e-01
3.91286582e-01
3.94108921e-01
3.96927536e-01
3.99742424e-01
4.02553529e-01
4.05360818e-01
4.08164293e-01
4.10963953e-01
4.13759738e-01
4.16551620e-01
4.19339567e-01
4.22123581e-01
4.24903631e-01
4.27679658e-01
4.30451661e-01
4.33219582e-01
4.35983419e-01
4.38743174e-01
4.41498786e-01
4.44250256e-01
4.46997523e-01
4.49740589e-01
4.52479422e-01
4.55213994e-01
4.57944274e-01
4.60670233e-01
4.63391900e-01
4.66109157e-01
4.68822002e-01
4.71530437e-01
4.74234462e-01
4.76933986e-01
4.79629010e-01
4.82319534e-01
4.85005498e-01
4.87686932e-01
4.90363717e-01
4.93035913e-01
4.95703429e-01
4.98366326e-01
5.01024544e-01
5.03678024e-01
5.06326795e-01
5.08970797e-01
5.11609912e-01
5.14244258e-01
5.16873717e-01
5.19498408e-01
5.22118092e-01
5.24732888e-01
5.27342677e-01
5.29947579e-01
5.32547534e-01
5.35142422e-01
5.37732184e-01
5.40316939e-01
5.42896569e-01
5.45471191e-01
5.48040569e-01
5.50604820e-01
5.53163826e-01
5.55717707e-01
5.58266401e-01
5.60809791e-01
5.63347816e-01
5.65880597e-01
5.68408012e-01
5.70930183e-01
5.73446870e-01
5.75958192e-01
5.78464031e-01
5.80964506e-01
5.83459496e-01
5.85949004e-01
5.88432908e-01
5.90911329e-01
5.93384147e-01
5.95851481e-01
5.98313093e-01
6.00769103e-01
6.03219390e-01
6.05664074e-01
6.08103037e-01
6.10536277e-01
6.12963736e-01
6.15385354e-01
6.17801249e-01
6.20211303e-01
6.22615576e-01
6.25013888e-01
6.27406299e-01
6.29792809e-01
6.32173419e-01
6.34548128e-01
6.36916816e-01
6.39279485e-01
6.41636133e-01
6.43986762e-01
6.46331370e-01
6.48669839e-01
6.51002169e-01
6.53328359e-01
6.55648410e-01
6.57962322e-01
6.60270035e-01
6.62571490e-01
6.64866686e-01
6.67155623e-01
6.69438303e-01
6.71714664e-01
6.73984706e-01
6.76248372e-01
6.78505659e-01
6.80756569e-01
6.83001101e-01
6.85239196e-01
6.87470853e-01
6.89695954e-01
6.91914618e-01
6.94126725e-01
6.96332395e-01
6.98531389e-01
7.00723827e-01
7.02909648e-01
7.05088854e-01
7.07261443e-01
7.09427416e-01
7.11586654e-01
7.13739157e-01
7.15884924e-01
7.18023956e-01
7.20156252e-01
7.22281814e-01
7.24400520e-01
7.26512372e-01
7.28617370e-01
7.30715513e-01
7.32806802e-01
7.34891236e-01
7.36968696e-01
7.39039183e-01
7.41102695e-01
7.43159235e-01
7.45208800e-01
7.47251391e-01
7.49286950e-01
7.51315355e-01
7.53336668e-01
7.55350888e-01
7.57358015e-01
7.59358048e-01
7.61350930e-01
7.63336599e-01
7.65315056e-01
7.67286301e-01
7.69250333e-01
7.71207154e-01
7.73156703e-01
7.75098979e-01
7.77033925e-01
7.78961539e-01
7.80881822e-01
7.82794774e-01
7.84700394e-01
7.86598623e-01
7.88489401e-01
7.90372670e-01
7.92248547e-01
7.94116914e-01
7.95977890e-01
7.97831357e-01
7.99677312e-01
8.01515639e-01
8.03346455e-01
8.05169642e-01
8.06985319e-01
8.08793426e-01
8.10593963e-01
8.12386811e-01
8.14171970e-01
8.15949440e-01
8.17719221e-01
8.19481313e-01
8.21235657e-01
8.22982371e-01
8.24721277e-01
8.26452374e-01
8.28175664e-01
8.29891145e-01
8.31598818e-01
8.33298683e-01
8.34990740e-01
8.36674929e-01
8.38351190e-01
8.40019584e-01
8.41679990e-01
8.43332529e-01
8.44977081e-01
8.46613765e-01
8.48242462e-01
8.49863172e-01
8.51475775e-01
8.53080392e-01
8.54676902e-01
8.56265426e-01
8.57845902e-01
8.59418333e-01
8.60982716e-01
8.62538934e-01
8.64086986e-01
8.65626872e-01
8.67158592e-01
8.68682146e-01
8.70197535e-01
8.71704757e-01
8.73203754e-01
8.74694586e-01
8.76177073e-01
8.77651334e-01
8.79117250e-01
8.80574942e-01
8.82024348e-01
8.83465469e-01
8.84898305e-01
8.86322856e-01
8.87739003e-01
8.89146745e-01
8.90546083e-01
8.91937017e-01
8.93319547e-01
8.94693613e-01
8.96059334e-01
8.97416592e-01
8.98765504e-01
9.00105894e-01
9.01437759e-01
9.02761102e-01
9.04075921e-01
9.05382216e-01
9.06679988e-01
9.07969236e-01
9.09249961e-01
9.10522163e-01
9.11785841e-01
9.13040876e-01
9.14287269e-01
9.15525019e-01
9.16754127e-01
9.17974591e-01
9.19186413e-01
9.20389593e-01
9.21584129e-01
9.22770023e-01
9.23947334e-01
9.25115824e-01
9.26275611e-01
9.27426577e-01
9.28568840e-01
9.29702282e-01
9.30827022e-01
9.31942940e-01
9.33050156e-01
9.34148550e-01
9.35238242e-01
9.36319113e-01
9.37391162e-01
9.38454330e-01
9.39508617e-01
9.40554082e-01
9.41590607e-01
9.42618310e-01
9.43637073e-01
9.44647014e-01
9.45648015e-01
9.46640193e-01
9.47623432e-01
9.48597848e-01
9.49563324e-01
9.50519860e-01
9.51467335e-01
9.52405870e-01
9.53335345e-01
9.54255819e-01
9.55167294e-01
9.56069767e-01
9.56963241e-01
9.57847714e-01
9.58723187e-01
9.59589660e-01
9.60447133e-01
9.61295605e-01
9.62135077e-01
9.62965429e-01
9.63786662e-01
9.64598775e-01
9.65401769e-01
9.66195643e-01
9.66980398e-01
9.67756033e-01
9.68522549e-01
9.69279945e-01
9.70028222e-01
9.70767379e-01
9.71497416e-01
9.72218335e-01
9.72930133e-01
9.73632753e-01
9.74326313e-01
9.75010633e-01
9.75685775e-01
9.76351619e-01
9.77008283e-01
9.77655709e-01
9.78293896e-01
9.78922844e-01
9.79542553e-01
9.80153024e-01
9.80754256e-01
9.81346250e-01
9.81929004e-01
9.82502520e-01
9.83066797e-01
9.83621836e-01
9.84167635e-01
9.84704196e-01
9.85231519e-01
9.85749602e-01
9.86258328e-01
9.86757815e-01
9.87248003e-01
9.87728834e-01
9.88200426e-01
9.88662660e-01
9.89115596e-01
9.89559174e-01
9.89993453e-01
9.90418375e-01
9.90833938e-01
9.91240084e-01
9.91636932e-01
9.92024362e-01
9.92402494e-01
9.92771208e-01
9.93130624e-01
9.93480623e-01
9.93821323e-01
9.94152606e-01
9.94474590e-01
9.94787157e-01
9.95090425e-01
9.95384276e-01
9.95668828e-01
9.95943964e-01
9.96209800e-01
9.96466219e-01
9.96713281e-01
9.96950924e-01
9.97179210e-01
9.97398019e-01
9.97607529e-01
9.97807562e-01
9.97998238e-01
9.98179495e-01
9.98351336e-01
9.98513818e-01
9.98666823e-01
9.98810470e-01
9.98944700e-01
9.99069512e-01
9.99184906e-01
9.99290824e-01
9.99387383e-01
9.99474525e-01
9.99552310e-01
9.99620616e-01
9.99679506e-01
9.99728918e-01
9.99768972e-01
9.99799550e-01
9.99820769e-01
9.99832511e-01
9.99834895e-01
9.99827862e-01
9.99811351e-01
9.99785423e-01
9.99750078e-01
9.99705374e-01
9.99651194e-01
9.99587655e-01
9.99514580e-01
9.99432147e-01
9.99340236e-01
9.99239028e-01
9.99128342e-01
9.99008298e-01
9.98878777e-01
9.98739839e-01
9.98591483e-01
9.98433769e-01
9.98266578e-01
9.98090029e-01
9.97904062e-01
9.97708738e-01
9.97503936e-01
9.97289777e-01
9.97066259e-01
9.96833265e-01
9.96590912e-01
9.96339202e-01
9.96078014e-01
9.95807528e-01
9.95527685e-01
9.95238483e-01
9.94939923e-01
9.94632006e-01
9.94314730e-01
9.93988097e-01
9.93652105e-01
9.93306756e-01
9.92952049e-01
9.92587984e-01
9.92214561e-01
9.91831779e-01
9.91439641e-01
9.91038144e-01
9.90627289e-01
9.90207076e-01
9.89777505e-01
9.89338577e-01
9.88890290e-01
9.88432705e-01
9.87965822e-01
9.87489581e-01
9.87004042e-01
9.86509264e-01
9.86005127e-01
9.85491693e-01
9.84969020e-01
9.84437108e-01
9.83895957e-01
9.83345568e-01
9.82785881e-01
9.82217014e-01
9.81638849e-01
9.81051505e-01
9.80454862e-01
9.79849041e-01
9.79233921e-01
9.78609622e-01
9.77976024e-01
9.77333248e-01
9.76681173e-01
9.76019919e-01
9.75349367e-01
9.74669635e-01
9.73980665e-01
9.73282576e-01
9.72575307e-01
9.71858978e-01
9.71133471e-01
9.70398903e-01
9.69655156e-01
9.68902349e-01
9.68140364e-01
9.67369318e-01
9.66589093e-01
9.65799809e-01
9.65001345e-01
9.64193821e-01
9.63377118e-01
9.62551355e-01
9.61716473e-01
9.60872471e-01
9.60019469e-01
9.59157467e-01
9.58286464e-01
9.57406521e-01
9.56517518e-01
9.55619574e-01
9.54712570e-01
9.53796625e-01
9.52871621e-01
9.51937675e-01
9.50994670e-01
9.50042725e-01
9.49081719e-01
9.48111773e-01
9.47132945e-01
9.46145236e-01
9.45148647e-01
9.44143176e-01
9.43128824e-01
9.42105591e-01
9.41073477e-01
9.40032482e-01
9.38982606e-01
9.37923849e-01
9.36856210e-01
9.35779750e-01
9.34694469e-01
9.33600426e-01
9.32497621e-01
9.31386054e-01
9.30265725e-01
9.29136634e-01
9.27998781e-01
9.26852167e-01
9.25696790e-01
9.24532652e-01
9.23359752e-01
9.22178209e-01
9.20987964e-01
9.19789135e-01
9.18581605e-01
9.17365491e-01
9.16140676e-01
9.14907277e-01
9.13665175e-01
9.12414491e-01
9.11155164e-01
9.09887195e-01
9.08610702e-01
9.07325685e-01
9.06032145e-01
9.04730082e-01
9.03419495e-01
9.02100444e-01
9.00772810e-01
8.99436712e-01
8.98092031e-01
8.96738946e-01
8.95377398e-01
8.94007504e-01
8.92629147e-01
8.91242445e-01
8.89847338e-01
8.88443828e-01
8.87031913e-01
8.85611594e-01
8.84182930e-01
8.82745981e-01
8.81300747e-01
8.79847169e-01
8.78385365e-01
8.76915216e-01
8.75436842e-01
8.73950124e-01
8.72455180e-01
8.70952010e-01
8.69440734e-01
8.67921233e-01
8.66393626e-01
8.64857793e-01
8.63313854e-01
8.61761749e-01
8.60201478e-01
8.58633101e-01
8.57056677e-01
8.55472207e-01
8.53879690e-01
8.52279127e-01
8.50670457e-01
8.49053800e-01
8.47429037e-01
8.45796406e-01
8.44155788e-01
8.42507303e-01
8.40850830e-01
8.39186430e-01
8.37514102e-01
8.35833848e-01
8.34145665e-01
8.32449675e-01
8.30745876e-01
8.29034269e-01
8.27314913e-01
8.25587690e-01
8.23852718e-01
8.22109878e-01
8.20359349e-01
8.18601072e-01
8.16835165e-01
8.15061510e-01
8.13280225e-01
8.11491251e-01
8.09694588e-01
8.07890296e-01
8.06078434e-01
8.04259002e-01
8.02432001e-01
8.00597429e-01
7.98755229e-01
7.96905518e-01
7.95048237e-01
7.93183565e-01
7.91311443e-01
7.89431870e-01
7.87544847e-01
7.85650373e-01
7.83748448e-01
7.81839192e-01
7.79922605e-01
7.77998686e-01
7.76067436e-01
7.74128854e-01
7.72182941e-01
7.70229697e-01
7.68269300e-01
7.66301632e-01
7.64326751e-01
7.62344658e-01
7.60355353e-01
7.58358836e-01
7.56355226e-01
7.54344523e-01
7.52326727e-01
7.50301898e-01
7.48269916e-01
7.46230900e-01
7.44184792e-01
7.42131770e-01
7.40071714e-01
7.38004744e-01
7.35930741e-01
7.33849823e-01
7.31761992e-01
7.29667246e-01
7.27565706e-01
7.25457251e-01
7.23342001e-01
7.21219838e-01
7.19090939e-01
7.16955245e-01
7.14812875e-01
7.12663710e-01
7.10507810e-01
7.08345175e-01
7.06175923e-01
7.03999996e-01
7.01817513e-01
6.99628353e-01
6.97432637e-01
6.95230246e-01
6.93021417e-01
6.90806031e-01
6.88584208e-01
6.86355829e-01
6.84121013e-01
6.81879640e-01
6.79631948e-01
6.77377820e-01
6.75117373e-01
6.72850490e-01
6.70577288e-01
6.68297708e-01
6.66011930e-01
6.63719833e-01
6.61421537e-01
6.59116983e-01
6.56806171e-01
6.54489219e-01
6.52166069e-01
6.49836838e-01
6.47501409e-01
6.45159900e-01
6.42812252e-01
6.40458643e-01
6.38098955e-01
6.35733306e-01
6.33361638e-01
6.30983949e-01
6.28600359e-01
6.26210868e-01
6.23815417e-01
6.21414125e-01
6.19006872e-01
6.16593897e-01
6.14175081e-01
6.11750543e-01
6.09320223e-01
6.06884122e-01
6.04442298e-01
6.01994872e-01
5.99541724e-01
5.97082973e-01
5.94618499e-01
5.92148483e-01
5.89672863e-01
5.87191761e-01
5.84705055e-01
5.82212806e-01
5.79715073e-01
5.77211916e-01
5.74703336e-01
5.72189331e-01
5.69669962e-01
5.67145109e-01
5.64615011e-01
5.62079608e-01
5.59538901e-01
5.56992888e-01
5.54441631e-01
5.51885188e-01
5.49323499e-01
5.46756685e-01
5.44184625e-01
5.41607499e-01
5.39025247e-01
5.36437988e-01
5.33845603e-01
5.31248152e-01
5.28645694e-01
5.26038289e-01
5.23425996e-01
5.20808697e-01
5.18186510e-01
5.15559435e-01
5.12927532e-01
5.10290802e-01
5.07649243e-01
5.05002856e-01
5.02351761e-01
4.99695957e-01
4.97035444e-01
4.94370252e-01
4.91700381e-01
4.89025891e-01
4.86346811e-01
4.83663142e-01
4.80974913e-01
4.78282124e-01
4.75584835e-01
4.72883046e-01
4.70176816e-01
4.67466176e-01
4.64751124e-01
4.62031692e-01
4.59307879e-01
4.56579775e-01
4.53847319e-01
4.51110631e-01
4.48369652e-01
4.45624501e-01
4.42875117e-01
4.40121561e-01
4.37363893e-01
4.34602052e-01
4.31836158e-01
4.29066151e-01
4.26292151e-01
4.23514098e-01
4.20732111e-01
4.17946130e-01
4.15156186e-01
4.12362367e-01
4.09564614e-01
4.06763047e-01
4.03957635e-01
4.01148409e-01
3.98335427e-01
3.95518661e-01
3.92698199e-01
3.89874011e-01
3.87046158e-01
3.84214669e-01
3.81379545e-01
3.78540844e-01
3.75698566e-01
3.72852743e-01
3.70003432e-01
3.67150635e-01
3.64294350e-01
3.61434639e-01
3.58571529e-01
3.55705023e-01
3.52835178e-01
3.49961996e-01
3.47085536e-01
3.44205797e-01
3.41322809e-01
3.38436633e-01
3.35547298e-01
3.32654744e-01
3.29759091e-01
3.26860309e-01
3.23958427e-01
3.21053505e-01
3.18145543e-01
3.15234601e-01
3.12320709e-01
3.09403837e-01
3.06484103e-01
3.03561449e-01
3.00635964e-01
2.97707617e-01
2.94776469e-01
2.91842550e-01
2.88905859e-01
2.85966456e-01
2.83024341e-01
2.80079573e-01
2.77132183e-01
2.74182171e-01
2.71229535e-01
2.68274397e-01
2.65316725e-01
2.62356550e-01
2.59393930e-01
2.56428838e-01
2.53461361e-01
2.50491440e-01
2.47519195e-01
2.44544610e-01
2.41567716e-01
2.38588542e-01
2.35607103e-01
2.32623473e-01
2.29637623e-01
2.26649627e-01
2.23659500e-01
2.20667258e-01
2.17672944e-01
2.14676589e-01
2.11678222e-01
2.08677858e-01
2.05675527e-01
2.02671275e-01
1.99665099e-01
1.96657032e-01
1.93647116e-01
1.90635368e-01
1.87621802e-01
1.84606478e-01
1.81589410e-01
1.78570628e-01
1.75550178e-01
1.72528058e-01
1.69504315e-01
1.66478977e-01
1.63452074e-01
1.60423636e-01
1.57393694e-01
1.54362261e-01
1.51329383e-01
1.48295090e-01
1.45259395e-01
1.42222345e-01
1.39183953e-01
1.36144251e-01
1.33103266e-01
1.30061015e-01
1.27017528e-01
1.23972833e-01
1.20926969e-01
1.17879964e-01
1.14831850e-01
1.11782655e-01
1.08732417e-01
1.05681151e-01
1.02628902e-01
9.95756835e-02
9.65215415e-02
9.34664831e-02
9.04105380e-02
8.73537362e-02
8.42961147e-02
8.12376887e-02
7.81784952e-02
7.51185641e-02
7.20579252e-02
6.89966083e-02
6.59346431e-02
6.28720596e-02
5.98088913e-02
5.67451604e-02
5.36808968e-02
5.06161265e-02
4.75508794e-02
4.44851778e-02
4.14190590e-02
3.83525491e-02
3.52856740e-02
3.22184712e-02
2.91509628e-02
2.60831807e-02
2.30151545e-02
1.99469104e-02
1.68784764e-02
1.38098858e-02
1.07411640e-02
7.67234061e-03
4.60344553e-03
1.53450645e-03
-1.53444684e-03
-4.60338593e-03
-7.67228100e-03
-1.07411044e-02
-1.38098262e-02
-1.68784168e-02
-1.99468508e-02
-2.30150949e-02
-2.60831211e-02
-2.91509032e-02
-3.22184116e-02
-3.52856144e-02
-3.83524895e-02
-4.14189994e-02
-4.44851182e-02
-4.75508198e-02
-5.06160669e-02
-5.36808372e-02
-5.67451008e-02
-5.98088317e-02
-6.28720000e-02
-6.59345835e-02
-6.89965487e-02
-7.20578656e-02
-7.51185045e-02
-7.81784356e-02
-8.12376291e-02
-8.42960551e-02
-8.73536766e-02
-9.04104784e-02
-9.34664235e-02
-9.65214819e-02
-9.95756239e-02
-1.02628842e-01
-1.05681092e-01
-1.08732358e-01
-1.11782596e-01
-1.14831790e-01
-1.17879905e-01
-1.20926909e-01
-1.23972774e-01
-1.27017468e-01
-1.30060956e-01
-1.33103207e-01
-1.36144191e-01
-1.39183894e-01
-1.42222285e-01
-1.45259336e-01
-1.48295030e-01
-1.51329324e-01
-1.54362202e-01
-1.57393634e-01
-1.60423577e-01
-1.63452014e-01
-1.66478917e-01
-1.69504255e-01
-1.72527999e-01
-1.75550118e-01
-1.78570569e-01
-1.81589350e-01
-1.84606418e-01
-1.87621742e-01
-1.90635309e-01
-1.93647057e-01
-1.96656972e-01
-1.99665040e-01
-2.02671215e-01
-2.05675483e-01
-2.08677799e-01
-2.11678162e-01
-2.14676529e-01
-2.17672884e-01
-2.20667198e-01
-2.23659441e-01
-2.26649567e-01
-2.29637563e-01
-2.32623413e-01
-2.35607043e-01
-2.38588482e-01
-2.41567656e-01
-2.44544551e-01
-2.47519135e-01
-2.50491381e-01
-2.53461301e-01
-2.56428778e-01
-2.59393871e-01
-2.62356490e-01
-2.65316665e-01
-2.68274337e-01
-2.71229476e-01
-2.74182111e-01
-2.77132124e-01
-2.80079514e-01
-2.83024281e-01
-2.85966396e-01
-2.88905799e-01
-2.91842490e-01
-2.94776410e-01
-2.97707558e-01
-3.00635904e-01
-3.03561389e-01
-3.06484044e-01
-3.09403777e-01
-3.12320650e-01
-3.15234542e-01
-3.18145484e-01
-3.21053445e-01
-3.23958367e-01
-3.26860249e-01
-3.29759032e-01
-3.32654715e-01
-3.35547239e-01
-3.38436604e-01
-3.41322780e-01
-3.44205767e-01
-3.47085476e-01
-3.49961966e-01
-3.52835119e-01
-3.55704993e-01
-3.58571500e-01
-3.61434609e-01
-3.64294320e-01
-3.67150605e-01
-3.70003402e-01
-3.72852713e-01
-3.75698507e-01
-3.78540784e-01
-3.81379515e-01
-3.84214610e-01
-3.87046129e-01
-3.89873952e-01
-3.92698139e-01
-3.95518601e-01
-3.98335338e-01
-4.01148319e-01
-4.03957546e-01
-4.06762987e-01
-4.09564555e-01
-4.12362307e-01
-4.15156126e-01
-4.17946070e-01
-4.20732051e-01
-4.23514068e-01
-4.26292092e-01
-4.29066122e-01
-4.31836128e-01
-4.34602022e-01
-4.37363863e-01
-4.40121531e-01
-4.42875087e-01
-4.45624441e-01
-4.48369592e-01
-4.51110572e-01
-4.53847259e-01
-4.56579655e-01
-4.59307760e-01
-4.62031573e-01
-4.64751005e-01
-4.67466056e-01
-4.70176727e-01
-4.72882956e-01
-4.75584745e-01
-4.78282034e-01
-4.80974823e-01
-4.83663052e-01
-4.86346722e-01
-4.89025831e-01
-4.91700321e-01
-4.94370192e-01
-4.97035384e-01
-4.99695897e-01
-5.02351701e-01
-5.05002797e-01
-5.07649183e-01
-5.10290742e-01
-5.12927473e-01
-5.15559375e-01
-5.18186450e-01
-5.20808637e-01
-5.23425937e-01
-5.26038229e-01
-5.28645635e-01
-5.31248093e-01
-5.33845544e-01
-5.36437929e-01
-5.39025187e-01
-5.41607440e-01
-5.44184566e-01
-5.46756625e-01
-5.49323440e-01
-5.51885128e-01
-5.54441571e-01
-5.56992829e-01
-5.59538841e-01
-5.62079549e-01
-5.64614952e-01
-5.67145050e-01
-5.69669902e-01
-5.72189271e-01
-5.74703276e-01
-5.77211857e-01
-5.79715014e-01
-5.82212746e-01
-5.84704995e-01
-5.87191701e-01
-5.89672863e-01
-5.92148423e-01
-5.94618499e-01
-5.97082913e-01
-5.99541724e-01
-6.01994812e-01
-6.04442298e-01
-6.06884122e-01
-6.09320223e-01
-6.11750543e-01
-6.14175081e-01
-6.16593897e-01
-6.19006872e-01
-6.21414125e-01
-6.23815417e-01
-6.26210868e-01
-6.28600359e-01
-6.30983949e-01
-6.33361638e-01
-6.35733306e-01
-6.38098955e-01
-6.40458643e-01
-6.42812252e-01
-6.45159900e-01
-6.47501409e-01
-6.49836838e-01
-6.52166069e-01
-6.54489219e-01
-6.56806171e-01
-6.59116983e-01
-6.61421537e-01
-6.63719833e-01
-6.66011930e-01
-6.68297708e-01
-6.70577288e-01
-6.72850490e-01
-6.75117373e-01
-6.77377820e-01
-6.79631948e-01
-6.81879640e-01
-6.84121013e-01
-6.86355829e-01
-6.88584208e-01
-6.90806031e-01
-6.93021417e-01
-6.95230246e-01
-6.97432637e-01
-6.99628353e-01
-7.01817513e-01
-7.03999996e-01
-7.06175923e-01
-7.08345175e-01
-7.10507751e-01
-7.12663651e-01
-7.14812756e-01
-7.16955185e-01
-7.19090819e-01
-7.21219778e-01
-7.23341882e-01
-7.25457191e-01
-7.27565587e-01
-7.29667187e-01
-7.31761873e-01
-7.33849764e-01
-7.35930741e-01
-7.38004684e-01
-7.40071714e-01
-7.42131710e-01
-7.44184792e-01
-7.46230841e-01
-7.48269916e-01
-7.50301838e-01
-7.52326727e-01
-7.54344523e-01
-7.56355226e-01
-7.58358836e-01
-7.60355353e-01
-7.62344658e-01
-7.64326751e-01
-7.66301632e-01
-7.68269300e-01
-7.70229697e-01
-7.72182941e-01
-7.74128854e-01
-7.76067436e-01
-7.77998686e-01
-7.79922605e-01
-7.81839192e-01
-7.83748448e-01
-7.85650373e-01
-7.87544847e-01
-7.89431870e-01
-7.91311443e-01
-7.93183565e-01
-7.95048237e-01
-7.96905458e-01
-7.98755169e-01
-8.00597370e-01
-8.02431941e-01
-8.04259002e-01
-8.06078434e-01
-8.07890296e-01
-8.09694588e-01
-8.11491251e-01
-8.13280225e-01
-8.15061510e-01
-8.16835105e-01
-8.18601072e-01
-8.20359290e-01
-8.22109878e-01
-8.23852658e-01
-8.25587690e-01
-8.27314854e-01
-8.29034269e-01
-8.30745876e-01
-8.32449675e-01
-8.34145665e-01
-8.35833848e-01
-8.37514102e-01
-8.39186430e-01
-8.40850830e-01
-8.42507243e-01
-8.44155788e-01
-8.45796347e-01
-8.47429037e-01
-8.49053741e-01
-8.50670457e-01
-8.52279067e-01
-8.53879690e-01
-8.55472207e-01
-8.57056677e-01
-8.58633101e-01
-8.60201478e-01
-8.61761749e-01
-8.63313854e-01
-8.64857793e-01
-8.66393566e-01
-8.67921233e-01
-8.69440675e-01
-8.70952010e-01
-8.72455120e-01
-8.73950124e-01
-8.75436783e-01
-8.76915216e-01
-8.78385305e-01
-8.79847169e-01
-8.81300688e-01
-8.82745922e-01
-8.84182870e-01
-8.85611534e-01
-8.87031853e-01
-8.88443768e-01
-8.89847338e-01
-8.91242445e-01
-8.92629206e-01
-8.94007504e-01
-8.95377457e-01
-8.96738946e-01
-8.98092091e-01
-8.99436712e-01
-9.00772870e-01
-9.02100444e-01
-9.03419554e-01
-9.04730082e-01
-9.06032145e-01
-9.07325685e-01
-9.08610702e-01
-9.09887195e-01
-9.11155164e-01
-9.12414491e-01
-9.13665175e-01
-9.14907217e-01
-9.16140676e-01
-9.17365432e-01
-9.18581605e-01
-9.19789076e-01
-9.20987964e-01
-9.22178149e-01
-9.23359752e-01
-9.24532592e-01
-9.25696731e-01
-9.26852107e-01
-9.27998722e-01
-9.29136574e-01
-9.30265665e-01
-9.31385994e-01
-9.32497561e-01
-9.33600366e-01
-9.34694409e-01
-9.35779691e-01
-9.36856210e-01
-9.37923849e-01
-9.38982606e-01
-9.40032482e-01
-9.41073477e-01
-9.42105591e-01
-9.43128824e-01
-9.44143176e-01
-9.45148647e-01
-9.46145236e-01
-9.47132945e-01
-9.48111773e-01
-9.49081719e-01
-9.50042665e-01
-9.50994670e-01
-9.51937616e-01
-9.52871621e-01
-9.53796566e-01
-9.54712570e-01
-9.55619514e-01
-9.56517518e-01
-9.57406461e-01
-9.58286464e-01
-9.59157467e-01
-9.60019469e-01
-9.60872471e-01
-9.61716473e-01
-9.62551355e-01
-9.63377118e-01
-9.64193761e-01
-9.65001345e-01
-9.65799749e-01
-9.66589093e-01
-9.67369258e-01
-9.68140364e-01
-9.68902290e-01
-9.69655156e-01
-9.70398843e-01
-9.71133471e-01
-9.71858919e-01
-9.72575307e-01
-9.73282516e-01
-9.73980665e-01
-9.74669576e-01
-9.75349367e-01
-9.76019859e-01
-9.76681173e-01
-9.77333188e-01
-9.77976024e-01
-9.78609562e-01
-9.79233921e-01
-9.79848981e-01
-9.80454862e-01
-9.81051445e-01
-9.81638849e-01
-9.82216954e-01
-9.82785881e-01
-9.83345509e-01
-9.83895957e-01
-9.84437108e-01
-9.84969020e-01
-9.85491693e-01
-9.86005127e-01
-9.86509264e-01
-9.87004042e-01
-9.87489581e-01
-9.87965763e-01
-9.88432705e-01
-9.88890290e-01
-9.89338577e-01
-9.89777505e-01
-9.90207076e-01
-9.90627289e-01
-9.91038144e-01
-9.91439641e-01
-9.91831779e-01
-9.92214561e-01
-9.92587984e-01
-9.92952049e-01
-9.93306756e-01
-9.93652105e-01
-9.93988097e-01
-9.94314730e-01
-9.94632006e-01
-9.94939923e-01
-9.95238483e-01
-9.95527685e-01
-9.95807528e-01
-9.96078014e-01
-9.96339142e-01
-9.96590912e-01
-9.96833265e-01
-9.97066200e-01
-9.97289777e-01
-9.97503936e-01
-9.97708738e-01
-9.97904062e-01
-9.98090029e-01
-9.98266578e-01
-9.98433769e-01
-9.98591542e-01
-9.98739839e-01
-9.98878777e-01
-9.99008238e-01
-9.99128342e-01
-9.99239028e-01
-9.99340296e-01
-9.99432147e-01
-9.99514520e-01
-9.99587595e-01
-9.99651194e-01
-9.99705374e-01
-9.99750078e-01
-9.99785423e-01
-9.99811351e-01
-9.99827862e-01
-9.99834895e-01
-9.99832511e-01
-9.99820769e-01
-9.99799550e-01
-9.99768972e-01
-9.99728918e-01
-9.99679506e-01
-9.99620616e-01
-9.99552310e-01
-9.99474525e-01
-9.99387383e-01
-9.99290824e-01
-9.99184906e-01
-9.99069512e-01
-9.98944700e-01
-9.98810470e-01
-9.98666883e-01
-9.98513818e-01
-9.98351395e-01
-9.98179495e-01
-9.97998238e-01
-9.97807562e-01
-9.97607529e-01
-9.97398019e-01
-9.97179210e-01
-9.96950924e-01
-9.96713281e-01
-9.96466219e-01
-9.96209800e-01
-9.95943964e-01
-9.95668828e-01
-9.95384276e-01
-9.95090425e-01
-9.94787157e-01
-9.94474590e-01
-9.94152606e-01
-9.93821323e-01
-9.93480623e-01
-9.93130624e-01
-9.92771208e-01
-9.92402494e-01
-9.92024362e-01
-9.91636932e-01
-9.91240084e-01
-9.90833938e-01
-9.90418375e-01
-9.89993513e-01
-9.89559233e-01
-9.89115596e-01
-9.88662660e-01
-9.88200426e-01
-9.87728834e-01
-9.87248003e-01
-9.86757815e-01
-9.86258328e-01
-9.85749602e-01
-9.85231519e-01
-9.84704196e-01
-9.84167635e-01
-9.83621836e-01
-9.83066797e-01
-9.82502520e-01
-9.81929004e-01
-9.81346250e-01
-9.80754256e-01
-9.80153024e-01
-9.79542553e-01
-9.78922844e-01
-9.78293896e-01
-9.77655709e-01
-9.77008283e-01
-9.76351678e-01
-9.75685775e-01
-9.75010693e-01
-9.74326313e-01
-9.73632812e-01
-9.72930133e-01
-9.72218335e-01
-9.71497416e-01
-9.70767379e-01
-9.70028222e-01
-9.69279945e-01
-9.68522549e-01
-9.67756033e-01
-9.66980398e-01
-9.66195643e-01
-9.65401769e-01
-9.64598775e-01
-9.63786662e-01
-9.62965429e-01
-9.62135077e-01
-9.61295664e-01
-9.60447192e-01
-9.59589720e-01
-9.58723247e-01
-9.57847774e-01
-9.56963301e-01
-9.56069827e-01
-9.55167353e-01
-9.54255879e-01
-9.53335345e-01
-9.52405870e-01
-9.51467335e-01
-9.50519860e-01
-9.49563324e-01
-9.48597848e-01
-9.47623432e-01
-9.46640193e-01
-9.45648015e-01
-9.44647014e-01
-9.43637073e-01
-9.42618310e-01
-9.41590607e-01
-9.40554082e-01
-9.39508617e-01
-9.38454330e-01
-9.37391162e-01
-9.36319113e-01
-9.35238242e-01
-9.34148610e-01
-9.33050156e-01
-9.31942999e-01
-9.30827022e-01
-9.29702342e-01
-9.28568840e-01
-9.27426636e-01
-9.26275611e-01
-9.25115883e-01
-9.23947334e-01
-9.22770083e-01
-9.21584189e-01
-9.20389652e-01
-9.19186473e-01
-9.17974651e-01
-9.16754186e-01
-9.15525079e-01
-9.14287329e-01
-9.13040936e-01
-9.11785901e-01
-9.10522223e-01
-9.09250021e-01
-9.07969296e-01
-9.06680048e-01
-9.05382276e-01
-9.04075980e-01
-9.02761161e-01
-9.01437819e-01
-9.00105894e-01
-8.98765504e-01
-8.97416592e-01
-8.96059334e-01
-8.94693613e-01
-8.93319547e-01
-8.91937017e-01
-8.90546083e-01
-8.89146745e-01
-8.87739003e-01
-8.86322856e-01
-8.84898305e-01
-8.83465469e-01
-8.82024348e-01
-8.80574942e-01
-8.79117250e-01
-8.77651334e-01
-8.76177073e-01
-8.74694586e-01
-8.73203754e-01
-8.71704757e-01
-8.70197535e-01
-8.68682206e-01
-8.67158651e-01
-8.65626931e-01
-8.64087045e-01
-8.62538993e-01
-8.60982776e-01
-8.59418392e-01
-8.57845962e-01
-8.56265485e-01
-8.54676962e-01
-8.53080451e-01
-8.51475835e-01
-8.49863231e-01
-8.48242521e-01
-8.46613824e-01
-8.44977140e-01
-8.43332589e-01
-8.41680050e-01
-8.40019643e-01
-8.38351250e-01
-8.36674988e-01
-8.34990799e-01
-8.33298743e-01
-8.31598878e-01
-8.29891205e-01
-8.28175724e-01
-8.26452434e-01
-8.24721336e-01
-8.22982371e-01
-8.21235716e-01
-8.19481313e-01
-8.17719281e-01
-8.15949500e-01
-8.14172029e-01
-8.12386870e-01
-8.10594022e-01
-8.08793485e-01
-8.06985378e-01
-8.05169702e-01
-8.03346455e-01
-8.01515698e-01
-7.99677312e-01
-7.97831416e-01
-7.95977890e-01
-7.94116974e-01
-7.92248547e-01
-7.90372729e-01
-7.88489401e-01
-7.86598682e-01
-7.84700453e-01
-7.82794833e-01
-7.80881882e-01
-7.78961599e-01
-7.77033985e-01
-7.75099039e-01
-7.73156762e-01
-7.71207213e-01
-7.69250393e-01
-7.67286360e-01
-7.65315115e-01
-7.63336658e-01
-7.61350989e-01
-7.59358108e-01
-7.57358074e-01
-7.55350947e-01
-7.53336728e-01
-7.51315415e-01
-7.49286950e-01
-7.47251451e-01
-7.45208800e-01
-7.43159235e-01
-7.41102695e-01
-7.39039183e-01
-7.36968696e-01
-7.34891236e-01
-7.32806802e-01
-7.30715513e-01
-7.28617370e-01
-7.26512372e-01
-7.24400520e-01
-7.22281814e-01
-7.20156312e-01
-7.18024015e-01
-7.15884984e-01
-7.13739216e-01
-7.11586714e-01
-7.09427476e-01
-7.07261503e-01
-7.05088913e-01
-7.02909708e-01
-7.00723886e-01
-6.98531449e-01
-6.96332455e-01
-6.94126785e-01
-6.91914678e-01
-6.89696014e-01
-6.87470913e-01
-6.85239255e-01
-6.83001161e-01
-6.80756629e-01
-6.78505719e-01
-6.76248431e-01
-6.73984766e-01
-6.71714723e-01
-6.69438362e-01
-6.67155683e-01
-6.64866745e-01
-6.62571549e-01
-6.60270095e-01
-6.57962382e-01
-6.55648470e-01
-6.53328419e-01
-6.51002228e-01
-6.48669899e-01
-6.46331429e-01
-6.43986762e-01
-6.41636133e-01
-6.39279485e-01
-6.36916816e-01
-6.34548128e-01
-6.32173419e-01
-6.29792809e-01
-6.27406299e-01
-6.25013888e-01
-6.22615576e-01
-6.20211363e-01
-6.17801249e-01
-6.15385413e-01
-6.12963736e-01
-6.10536337e-01
-6.08103096e-01
-6.05664074e-01
-6.03219450e-01
-6.00769103e-01
-5.98313153e-01
-5.95851481e-01
-5.93384206e-01
-5.90911329e-01
-5.88432968e-01
-5.85949004e-01
-5.83459556e-01
-5.80964506e-01
-5.78464091e-01
-5.75958192e-01
-5.73446929e-01
-5.70930183e-01
-5.68408072e-01
-5.65880597e-01
-5.63347876e-01
-5.60809791e-01
-5.58266461e-01
-5.55717766e-01
-5.53163886e-01
-5.50604880e-01
-5.48040628e-01
-5.45471251e-01
-5.42896628e-01
-5.40316999e-01
-5.37732244e-01
-5.35142481e-01
-5.32547593e-01
-5.29947639e-01
-5.27342737e-01
-5.24732947e-01
-5.22118151e-01
-5.19498467e-01
-5.16873777e-01
-5.14244318e-01
-5.11609972e-01
-5.08970857e-01
-5.06326854e-01
-5.03678083e-01
-5.01024604e-01
-4.98366386e-01
-4.95703489e-01
-4.93035972e-01
-4.90363777e-01
-4.87686992e-01
-4.85005558e-01
-4.82319593e-01
-4.79629070e-01
-4.76934046e-01
-4.74234521e-01
-4.71530497e-01
-4.68822062e-01
-4.66109216e-01
-4.63391960e-01
-4.60670292e-01
-4.57944334e-01
-4.55214053e-01
-4.52479511e-01
-4.49740708e-01
-4.46997613e-01
-4.44250345e-01
-4.41498905e-01
-4.38743293e-01
-4.35983509e-01
-4.33219671e-01
-4.30451751e-01
-4.27679747e-01
-4.24903721e-01
-4.22123671e-01
-4.19339657e-01
-4.16551679e-01
-4.13759798e-01
-4.10964012e-01
-4.08164382e-01
-4.05360907e-01
-4.02553588e-01
-3.99742484e-01
-3.96927595e-01
-3.94108981e-01
-3.91286641e-01
-3.88460636e-01
-3.85630965e-01
-3.82797658e-01
-3.79960746e-01
-3.77120256e-01
-3.74276191e-01
-3.71428609e-01
-3.68577510e-01
-3.65722984e-01
-3.62864971e-01
-3.60003561e-01
-3.57138723e-01
-3.54270548e-01
-3.51399064e-01
-3.48524243e-01
-3.45646143e-01
-3.42764765e-01
-3.39880198e-01
-3.36992383e-01
-3.34101409e-01
-3.31207275e-01
-3.28310043e-01
-3.25409740e-01
-3.22506338e-01
-3.19599926e-01
-3.16690505e-01
-3.13778073e-01
-3.10862690e-01
-3.07944387e-01
-3.05023164e-01
-3.02099049e-01
-2.99172133e-01
-2.96242356e-01
-2.93309838e-01
-2.90374517e-01
-2.87436485e-01
-2.84495771e-01
-2.81552345e-01
-2.78606266e-01
-2.75657564e-01
-2.72706270e-01
-2.69752353e-01
-2.66795933e-01
-2.63837010e-01
-2.60875583e-01
-2.57911652e-01
-2.54945338e-01
-2.51976639e-01
-2.49005556e-01
-2.46032134e-01
-2.43056402e-01
-2.40078390e-01
-2.37098113e-01
-2.34115615e-01
-2.31130898e-01
-2.28144005e-01
-2.25154951e-01
-2.22163767e-01
-2.19170481e-01
-2.16175139e-01
-2.13177755e-01
-2.10178345e-01
-2.07176983e-01
-2.04173639e-01
-2.01168388e-01
-1.98161244e-01
-1.95152223e-01
-1.92141384e-01
-1.89128727e-01
-1.86114296e-01
-1.83098108e-01
-1.80080205e-01
-1.77060619e-01
-1.74039364e-01
-1.71016470e-01
-1.67991966e-01
-1.64965853e-01
-1.61938205e-01
-1.58909008e-01
-1.55878320e-01
-1.52846143e-01
-1.49812549e-01
-1.46777526e-01
-1.43741116e-01
-1.40703365e-01
-1.37664273e-01
-1.34623900e-01
-1.31582245e-01
-1.28539369e-01
-1.25495270e-01
-1.22449994e-01
-1.19403571e-01
-1.16356015e-01
-1.13307372e-01
-1.10257663e-01
-1.07206918e-01
-1.04155168e-01
-1.01102442e-01
-9.80487615e-02
-9.49941576e-02
-9.19386595e-02
-8.88822898e-02
-8.58250782e-02
-8.27670544e-02
-7.97082484e-02
-7.66486898e-02
-7.35884160e-02
-7.05274791e-02
-6.74659163e-02
-6.44038022e-02
-6.13412410e-02
-5.82783781e-02
-5.52154593e-02
-5.21528274e-02
-4.90910113e-02
-4.60307524e-02
-4.29730751e-02
-3.99193317e-02
-3.68712433e-02
-3.38308886e-02
-3.08006611e-02
-2.77831461e-02
-2.47809440e-02
-2.17964314e-02
-1.88314766e-02
-1.58871524e-02
-1.29634738e-02
-1.00592114e-02
-7.17182504e-03
-4.29754052e-03
-1.43156433e-03
1.43156433e-03
4.29754052e-03
