-2.87347985e-03
-9.57829645e-04
9.57829645e-04
2.87347985e-03
4.78910329e-03
6.70468155e-03
8.62019695e-03
1.05356313e-02
1.24509661e-02
1.43661844e-02
1.62812676e-02
1.81961991e-02
2.01109610e-02
2.20255330e-02
2.39399001e-02
2.58540399e-02
2.77679376e-02
2.96815746e-02
3.15949321e-02
3.35079990e-02
3.54207493e-02
3.73331644e-02
3.92452292e-02
4.11569253e-02
4.30682339e-02
4.49791402e-02
4.68896218e-02
4.87996638e-02
5.07092476e-02
5.26183583e-02
5.45269735e-02
5.64350747e-02
5.83426468e-02
6.02496713e-02
6.21561334e-02
6.40620142e-02
6.59672841e-02
6.78719357e-02
6.97759539e-02
7.16793090e-02
7.35819861e-02
7.54839778e-02
7.73852542e-02
7.92858005e-02
8.11855942e-02
8.30846280e-02
8.49828795e-02
8.68803263e-02
8.87769610e-02
9.06727538e-02
9.25676897e-02
9.44617540e-02
9.63549316e-02
9.82472077e-02
1.00138560e-01
1.02028981e-01
1.03918433e-01
1.05806910e-01
1.07694395e-01
1.09580874e-01
1.11466318e-01
1.13350719e-01
1.15234055e-01
1.17116302e-01
1.18997455e-01
1.20877497e-01
1.22756399e-01
1.24634147e-01
1.26510724e-01
1.28386125e-01
1.30260319e-01
1.32133290e-01
1.34005010e-01
1.35875463e-01
1.37744665e-01
1.39612556e-01
1.41479135e-01
1.43344373e-01
1.45208269e-01
1.47070810e-01
1.48931950e-01
1.50791720e-01
1.52650058e-01
1.54506966e-01
1.56362414e-01
1.58216402e-01
1.60068899e-01
1.61919892e-01
1.63769364e-01
1.65617302e-01
1.67463675e-01
1.69308484e-01
1.71151698e-01
1.72993302e-01
1.74833283e-01
1.76671624e-01
1.78508312e-01
1.80343315e-01
1.82176635e-01
1.84008241e-01
1.85838103e-01
1.87666222e-01
1.89492583e-01
1.91317141e-01
1.93139926e-01
1.94960892e-01
1.96780026e-01
1.98597297e-01
2.00412706e-01
2.02226236e-01
2.04037845e-01
2.05847561e-01
2.07655340e-01
2.09461167e-01
2.11265013e-01
2.13066891e-01
2.14866742e-01
2.16664582e-01
2.18460381e-01
2.20254153e-01
2.22045839e-01
2.23835438e-01
2.25622937e-01
2.27408305e-01
2.29191542e-01
2.30972618e-01
2.32751533e-01
2.34528258e-01
2.36302793e-01
2.38075107e-01
2.39845186e-01
2.41612986e-01
2.43378535e-01
2.45141789e-01
2.46902749e-01
2.48661384e-01
2.50417680e-01
2.52171636e-01
2.53923237e-01
2.55672425e-01
2.57419199e-01
2.59163558e-01
2.60905504e-01
2.62644976e-01
2.64381975e-01
2.66116500e-01
2.67848551e-01
2.69578069e-01
2.71305054e-01
2.73029506e-01
2.74751365e-01
2.76470631e-01
2.78187305e-01
2.79901385e-01
2.81612813e-01
2.83321589e-01
2.85027713e-01
2.86731213e-01
2.88431972e-01
2.90130019e-01
2.91825354e-01
2.93517917e-01
2.95207709e-01
2.96894729e-01
2.98579007e-01
3.00260425e-01
3.01939040e-01
3.03614795e-01
3.05287719e-01
3.06957752e-01
3.08624893e-01
3.10289174e-01
3.11950535e-01
3.13608974e-01
3.15264434e-01
3.16916943e-01
3.18566501e-01
3.20213050e-01
3.21856588e-01
3.23497146e-01
3.25134605e-01
3.26769024e-01
3.28400373e-01
3.30028653e-01
3.31653804e-01
3.33275825e-01
3.34894717e-01
3.36510450e-01
3.38123024e-01
3.39732409e-01
3.41338605e-01
3.42941612e-01
3.44541371e-01
3.46137881e-01
3.47731143e-01
3.49321157e-01
3.50907862e-01
3.52491260e-01
3.54071349e-01
3.55648130e-01
3.57221544e-01
3.58791590e-01
3.60358268e-01
3.61921608e-01
3.63481492e-01
3.65037978e-01
3.66591007e-01
3.68140608e-01
3.69686723e-01
3.71229351e-01
3.72768521e-01
3.74304175e-01
3.75836313e-01
3.77364874e-01
3.78889918e-01
3.80411416e-01
3.81929338e-01
3.83443654e-01
3.84954393e-01
3.86461496e-01
3.87964994e-01
3.89464825e-01
3.90960991e-01
3.92453492e-01
3.93942326e-01
3.95427436e-01
3.96908820e-01
3.98386478e-01
3.99860412e-01
4.01330560e-01
4.02796924e-01
4.04259503e-01
4.05718297e-01
4.07173306e-01
4.08624470e-01
4.10071790e-01
4.11515266e-01
4.12954867e-01
4.14390594e-01
4.15822417e-01
4.17250335e-01
4.18674350e-01
4.20094401e-01
4.21510488e-01
4.22922611e-01
4.24330771e-01
4.25734967e-01
4.27135140e-01
4.28531289e-01
4.29923415e-01
4.31311518e-01
4.32695538e-01
4.34075475e-01
4.35451359e-01
4.36823130e-01
4.38190848e-01
4.39554393e-01
4.40913826e-01
4.42269087e-01
4.43620235e-01
4.44967180e-01
4.46309984e-01
4.47648555e-01
4.48982954e-01
4.50313121e-01
4.51639056e-01
4.52960730e-01
4.54278141e-01
4.55591291e-01
4.56900179e-01
4.58204746e-01
4.59504992e-01
4.60800916e-01
4.62092519e-01
4.63379830e-01
4.64662731e-01
4.65941280e-01
4.67215419e-01
4.68485177e-01
4.69750553e-01
4.71011490e-01
4.72267985e-01
4.73520041e-01
4.74767685e-01
4.76010859e-01
4.77249563e-01
4.78483737e-01
4.79713440e-01
4.80938613e-01
4.82159287e-01
4.83375400e-01
4.84586984e-01
4.85793978e-01
4.86996442e-01
4.88194317e-01
4.89387631e-01
4.90576297e-01
4.91760373e-01
4.92939800e-01
4.94114608e-01
4.95284796e-01
4.96450305e-01
4.97611135e-01
4.98767316e-01
4.99918818e-01
5.01065612e-01
5.02207756e-01
5.03345132e-01
5.04477799e-01
5.05605757e-01
5.06729007e-01
5.07847548e-01
5.08961260e-01
5.10070145e-01
5.11174202e-01
5.12273431e-01
5.13367832e-01
5.14457405e-01
5.15542150e-01
5.16622066e-01
5.17697155e-01
5.18767416e-01
5.19832850e-01
5.20893335e-01
5.21948934e-01
5.22999525e-01
5.24045169e-01
5.25085866e-01
5.26121616e-01
5.27152419e-01
5.28178275e-01
5.29199183e-01
5.30215144e-01
5.31226158e-01
5.32232225e-01
5.33233345e-01
5.34229398e-01
5.35220385e-01
5.36206305e-01
5.37187159e-01
5.38162947e-01
5.39133668e-01
5.40099323e-01
5.41059911e-01
5.42015374e-01
5.42965829e-01
5.43911159e-01
5.44851482e-01
5.45786679e-01
5.46716750e-01
5.47641575e-01
5.48561275e-01
5.49475729e-01
5.50385058e-01
5.51289141e-01
5.52188098e-01
5.53081810e-01
5.53970397e-01
5.54853797e-01
5.55732012e-01
5.56605041e-01
5.57472885e-01
5.58335543e-01
5.59192896e-01
5.60044944e-01
5.60891688e-01
5.61733127e-01
5.62569261e-01
5.63400030e-01
5.64225554e-01
5.65045714e-01
5.65860629e-01
5.66670179e-01
5.67474484e-01
5.68273425e-01
5.69067121e-01
5.69855452e-01
5.70638537e-01
5.71416199e-01
5.72188497e-01
5.72955310e-01
5.73716760e-01
5.74472725e-01
5.75223267e-01
5.75968385e-01
5.76708078e-01
5.77442348e-01
5.78171194e-01
5.78894615e-01
5.79612613e-01
5.80325186e-01
5.81032336e-01
5.81734061e-01
5.82430363e-01
5.83121240e-01
5.83806634e-01
5.84486485e-01
5.85160792e-01
5.85829556e-01
5.86492777e-01
5.87150455e-01
5.87802589e-01
5.88449180e-01
5.89090228e-01
5.89725733e-01
5.90355694e-01
5.90980113e-01
5.91598988e-01
5.92212319e-01
5.92820108e-01
5.93422413e-01
5.94019115e-01
5.94610333e-01
5.95195949e-01
5.95776081e-01
5.96350491e-01
5.96919298e-01
5.97482443e-01
5.98039925e-01
5.98591745e-01
5.99137902e-01
5.99678397e-01
6.00213230e-01
6.00742400e-01
6.01265907e-01
6.01783752e-01
6.02295935e-01
6.02802455e-01
6.03303313e-01
6.03798509e-01
6.04288042e-01
6.04771912e-01
6.05250120e-01
6.05722666e-01
6.06189549e-01
6.06650770e-01
6.07106328e-01
6.07556224e-01
6.08000457e-01
6.08439028e-01
6.08871818e-01
6.09298825e-01
6.09720051e-01
6.10135496e-01
6.10545158e-01
6.10949039e-01
6.11347139e-01
6.11739457e-01
6.12125993e-01
6.12506747e-01
6.12881720e-01
6.13250911e-01
6.13614321e-01
6.13971949e-01
6.14323795e-01
6.14669919e-01
6.15010202e-01
6.15344763e-01
6.15673482e-01
6.15996480e-01
6.16313636e-01
6.16625071e-01
6.16930664e-01
6.17230535e-01
6.17524564e-01
6.17812872e-01
6.18095338e-01
6.18372083e-01
6.18642986e-01
6.18908167e-01
6.19167507e-01
6.19421124e-01
6.19668901e-01
6.19910955e-01
6.20147169e-01
6.20377660e-01
6.20602310e-01
6.20821238e-01
6.21034265e-01
6.21241450e-01
6.21442676e-01
6.21638060e-01
6.21827483e-01
6.22011065e-01
6.22188687e-01
6.22360468e-01
6.22526288e-01
6.22686267e-01
6.22840285e-01
6.22988462e-01
6.23130679e-01
6.23267055e-01
6.23397470e-01
6.23522043e-01
6.23640656e-01
6.23753428e-01
6.23860240e-01
6.23961210e-01
6.24056220e-01
6.24145389e-01
6.24228597e-01
6.24305964e-01
6.24377370e-01
6.24442935e-01
6.24502540e-01
6.24556303e-01
6.24604106e-01
6.24646068e-01
6.24682069e-01
6.24712229e-01
6.24736428e-01
6.24754786e-01
6.24767184e-01
6.24773741e-01
6.24774337e-01
6.24769092e-01
6.24757886e-01
6.24740839e-01
6.24717832e-01
6.24688983e-01
6.24654174e-01
6.24613523e-01
6.24566913e-01
6.24514461e-01
6.24456048e-01
6.24391794e-01
6.24321580e-01
6.24245524e-01
6.24163508e-01
6.24075651e-01
6.23981833e-01
6.23882174e-01
6.23776555e-01
6.23665094e-01
6.23547673e-01
6.23424411e-01
6.23295188e-01
6.23160124e-01
6.23019099e-01
6.22872233e-01
6.22719407e-01
6.22560740e-01
6.22396111e-01
6.22225642e-01
6.22049212e-01
6.21866941e-01
6.21678710e-01
6.21484637e-01
6.21284604e-01
6.21078730e-01
6.20866895e-01
6.20649219e-01
6.20425642e-01
6.20196342e-01
6.19961202e-01
6.19720340e-01
6.19473636e-01
6.19221210e-01
6.18962944e-01
6.18698955e-01
6.18429124e-01
6.18153572e-01
6.17872179e-01
6.17585063e-01
6.17292106e-01
6.16993427e-01
6.16688907e-01
6.16378665e-01
6.16062582e-01
6.15740776e-01
6.15413129e-01
6.15079761e-01
6.14740551e-01
6.14395618e-01
6.14044845e-01
6.13688350e-01
6.13326013e-01
6.12957954e-01
6.12584054e-01
6.12204432e-01
6.11818969e-01
6.11427784e-01
6.11030757e-01
6.10628009e-01
6.10219419e-01
6.09805107e-01
6.09385014e-01
6.08959138e-01
6.08527482e-01
6.08090043e-01
6.07646823e-01
6.07197940e-01
6.06743395e-01
6.06283247e-01
6.05817378e-01
6.05345905e-01
6.04868710e-01
6.04385912e-01
6.03897393e-01
6.03403270e-01
6.02903426e-01
6.02397978e-01
6.01886809e-01
6.01370037e-01
6.00847542e-01
6.00319445e-01
5.99785626e-01
5.99246204e-01
5.98701060e-01
5.98150313e-01
5.97593844e-01
5.97031772e-01
5.96463978e-01
5.95890582e-01
5.95311463e-01
5.94726801e-01
5.94136536e-01
5.93540788e-01
5.92939436e-01
5.92332602e-01
5.91720164e-01
5.91102242e-01
5.90478718e-01
5.89849710e-01
5.89215100e-01
5.88575006e-01
5.87929368e-01
5.87278187e-01
5.86621463e-01
5.85959196e-01
5.85291386e-01
5.84618032e-01
5.83939135e-01
5.83254695e-01
5.82564712e-01
5.81869245e-01
5.81168354e-01
5.80462039e-01
5.79750299e-01
5.79033136e-01
5.78310549e-01
5.77582538e-01
5.76849163e-01
5.76110303e-01
5.75366080e-01
5.74616373e-01
5.73861301e-01
5.73100746e-01
5.72334826e-01
5.71563423e-01
5.70786655e-01
5.70004404e-01
5.69216847e-01
5.68423927e-01
5.67625761e-01
5.66822231e-01
5.66013455e-01
5.65199316e-01
5.64379930e-01
5.63555181e-01
5.62725186e-01
5.61889827e-01
5.61049223e-01
5.60203254e-01
5.59351981e-01
5.58495402e-01
5.57633519e-01
5.56766391e-01
5.55894077e-01
5.55016577e-01
5.54133892e-01
5.53246021e-01
5.52352965e-01
5.51454723e-01
5.50551295e-01
5.49642622e-01
5.48728824e-01
5.47809780e-01
5.46885610e-01
5.45956194e-01
5.45021653e-01
5.44081926e-01
5.43137193e-01
5.42187333e-01
5.41232407e-01
5.40272415e-01
5.39307356e-01
5.38337231e-01
5.37362039e-01
5.36381781e-01
5.35396457e-01
5.34406066e-01
5.33410609e-01
5.32410085e-01
5.31404495e-01
5.30393958e-01
5.29378474e-01
5.28358042e-01
5.27332664e-01
5.26302338e-01
5.25267065e-01
5.24226844e-01
5.23181677e-01
5.22131562e-01
5.21076500e-01
5.20016551e-01
5.18951595e-01
5.17881811e-01
5.16807139e-01
5.15727699e-01
5.14643431e-01
5.13554335e-01
5.12460411e-01
5.11361659e-01
5.10258079e-01
5.09149671e-01
5.08036435e-01
5.06918371e-01
5.05795479e-01
5.04667878e-01
5.03535569e-01
5.02398551e-01
5.01256764e-01
5.00110328e-01
4.98959124e-01
4.97803301e-01
4.96642768e-01
4.95477587e-01
4.94307727e-01
4.93133187e-01
4.91954029e-01
4.90770251e-01
4.89581853e-01
4.88388836e-01
4.87191170e-01
4.85988975e-01
4.84782219e-01
4.83570904e-01
4.82355028e-01
4.81134593e-01
4.79909658e-01
4.78680223e-01
4.77446288e-01
4.76207852e-01
4.74964917e-01
4.73717481e-01
4.72465634e-01
4.71209317e-01
4.69948560e-01
4.68683362e-01
4.67413723e-01
4.66139704e-01
4.64861304e-01
4.63578552e-01
4.62291390e-01
4.60999876e-01
4.59704012e-01
4.58403856e-01
4.57099348e-01
4.55790550e-01
4.54477459e-01
4.53160107e-01
4.51838523e-01
4.50512648e-01
4.49182540e-01
4.47848201e-01
4.46509689e-01
4.45166945e-01
4.43820000e-01
4.42468882e-01
4.41113591e-01
4.39754188e-01
4.38390613e-01
4.37022924e-01
4.35651094e-01
4.34275180e-01
4.32895184e-01
4.31511104e-01
4.30122942e-01
4.28730756e-01
4.27334547e-01
4.25934315e-01
4.24530089e-01
4.23121810e-01
4.21709597e-01
4.20293391e-01
4.18873221e-01
4.17449087e-01
4.16021049e-01
4.14589107e-01
4.13153261e-01
4.11713541e-01
4.10269886e-01
4.08822417e-01
4.07371104e-01
4.05915946e-01
4.04456943e-01
4.02994156e-01
4.01527584e-01
4.00057197e-01
3.98583055e-01
3.97105157e-01
3.95623565e-01
3.94138247e-01
3.92649204e-01
3.91156435e-01
3.89660001e-01
3.88159901e-01
3.86656165e-01
3.85148734e-01
3.83637726e-01
3.82123083e-01
3.80604833e-01
3.79083008e-01
3.77557606e-01
3.76028657e-01
3.74496192e-01
3.72960150e-01
3.71420652e-01
3.69877636e-01
3.68331134e-01
3.66781175e-01
3.65227759e-01
3.63670915e-01
3.62110674e-01
3.60546976e-01
3.58979911e-01
3.57409447e-01
3.55835617e-01
3.54258418e-01
3.52677882e-01
3.51094007e-01
3.49506855e-01
3.47916365e-01
3.46322596e-01
3.44725579e-01
3.43125314e-01
3.41521800e-01
3.39915097e-01
3.38305205e-01
3.36692125e-01
3.35075855e-01
3.33456427e-01
3.31833899e-01
3.30208242e-01
3.28579485e-01
3.26947629e-01
3.25312704e-01
3.23674679e-01
3.22033614e-01
3.20389509e-01
3.18742424e-01
3.17092329e-01
3.15439254e-01
3.13783199e-01
3.12124193e-01
3.10462207e-01
3.08797300e-01
3.07129502e-01
3.05458814e-01
3.03785235e-01
3.02108824e-01
3.00429583e-01
2.98747510e-01
2.97062576e-01
2.95374870e-01
2.93684363e-01
2.91991115e-01
2.90295124e-01
2.88596392e-01
2.86894917e-01
2.85190761e-01
2.83483893e-01
2.81774372e-01
2.80062199e-01
2.78347373e-01
2.76629955e-01
2.74909943e-01
2.73187310e-01
2.71462113e-01
2.69734353e-01
2.68004090e-01
2.66271293e-01
2.64535964e-01
2.62798160e-01
2.61057884e-01
2.59315133e-01
2.57569939e-01
2.55822361e-01
2.54072338e-01
2.52319902e-01
2.50565112e-01
2.48807997e-01
2.47048527e-01
2.45286718e-01
2.43522614e-01
2.41756216e-01
2.39987537e-01
2.38216609e-01
2.36443445e-01
2.34668046e-01
2.32890427e-01
2.31110632e-01
2.29328647e-01
2.27544501e-01
2.25758225e-01
2.23969832e-01
2.22179323e-01
2.20386714e-01
2.18592048e-01
2.16795295e-01
2.14996517e-01
2.13195726e-01
2.11392909e-01
2.09588125e-01
2.07781345e-01
2.05972627e-01
2.04161942e-01
2.02349365e-01
2.00534865e-01
1.98718488e-01
1.96900234e-01
1.95080146e-01
1.93258196e-01
1.91434428e-01
1.89608872e-01
1.87781528e-01
1.85952395e-01
1.84121534e-01
1.82288945e-01
1.80454627e-01
1.78618610e-01
1.76780909e-01
1.74941555e-01
1.73100561e-01
1.71257928e-01
1.69413671e-01
1.67567819e-01
1.65720403e-01
1.63871437e-01
1.62020922e-01
1.60168871e-01
1.58315316e-01
1.56460270e-01
1.54603735e-01
1.52745768e-01
1.50886342e-01
1.49025500e-01
1.47163272e-01
1.45299643e-01
1.43434659e-01
1.41568303e-01
1.39700636e-01
1.37831643e-01
1.35961339e-01
1.34089783e-01
1.32216945e-01
1.30342886e-01
1.28467575e-01
1.26591071e-01
1.24713369e-01
1.22834504e-01
1.20954469e-01
1.19073309e-01
1.17191017e-01
1.15307622e-01
1.13423139e-01
1.11537591e-01
1.09650992e-01
1.07763365e-01
1.05874717e-01
1.03985071e-01
1.02094449e-01
1.00202873e-01
9.83103439e-02
9.64168906e-02
9.45225209e-02
9.26272720e-02
9.07311514e-02
8.88341740e-02
8.69363546e-02
8.50377232e-02
8.31382871e-02
8.12380686e-02
7.93370903e-02
7.74353594e-02
7.55328909e-02
7.36297220e-02
7.17258528e-02
6.98213130e-02
6.79161102e-02
6.60102740e-02
6.41038120e-02
6.21967465e-02
6.02890961e-02
5.83808795e-02
5.64721115e-02
5.45628145e-02
5.26530035e-02
5.07427007e-02
4.88319173e-02
4.69206758e-02
4.50089872e-02
4.30968776e-02
4.11843620e-02
3.92714590e-02
3.73581871e-02
3.54445577e-02
3.35306004e-02
3.16163301e-02
2.97017600e-02
2.77869124e-02
2.58718040e-02
2.39564516e-02
2.20408738e-02
2.01250892e-02
1.82091147e-02
1.62929688e-02
1.43766683e-02
1.24602336e-02
1.05436817e-02
8.62702914e-03
6.71029696e-03
4.79350146e-03
2.87666032e-03
9.59792349e-04
-9.57084587e-04
-2.87395250e-03
-4.79079364e-03
-6.70758914e-03
-8.62432178e-03
-1.05409734e-02
-1.24575263e-02
-1.43739600e-02
-1.62902605e-02
-1.82064064e-02
-2.01223791e-02
-2.20381636e-02
-2.39537414e-02
-2.58690938e-02
-2.77842022e-02
-2.96990480e-02
-3.16136144e-02
-3.35278884e-02
-3.54418457e-02
-3.73554714e-02
-3.92687432e-02
-4.11816463e-02
-4.30941619e-02
-4.50062715e-02
-4.69179600e-02
-4.88292053e-02
-5.07399924e-02
-5.26502989e-02
-5.45601100e-02
-5.64694107e-02
-5.83781786e-02
-6.02863990e-02
-6.21940494e-02
-6.41011149e-02
-6.60075769e-02
-6.79134130e-02
-6.98186159e-02
-7.17231557e-02
-7.36270174e-02
-7.55301937e-02
-7.74326548e-02
-7.93343857e-02
-8.12353641e-02
-8.31355825e-02
-8.50350112e-02
-8.69336426e-02
-8.88314620e-02
-9.07284394e-02
-9.26245600e-02
-9.45198089e-02
-9.64141712e-02
-9.83076245e-02
-1.00200146e-01
-1.02091730e-01
-1.03982352e-01
-1.05871998e-01
-1.07760645e-01
-1.09648272e-01
-1.11534871e-01
-1.13420419e-01
-1.15304895e-01
-1.17188290e-01
-1.19070575e-01
-1.20951734e-01
-1.22831754e-01
-1.24710619e-01
-1.26588315e-01
-1.28464818e-01
-1.30340129e-01
-1.32214189e-01
-1.34087026e-01
-1.35958582e-01
-1.37828887e-01
-1.39697865e-01
-1.41565546e-01
-1.43431887e-01
-1.45296872e-01
-1.47160500e-01
-1.49022743e-01
-1.50883585e-01
-1.52742997e-01
-1.54600963e-01
-1.56457499e-01
-1.58312544e-01
-1.60166100e-01
-1.62018150e-01
-1.63868666e-01
-1.65717646e-01
-1.67565063e-01
-1.69410899e-01
-1.71255141e-01
-1.73097774e-01
-1.74938783e-01
-1.76778138e-01
-1.78615823e-01
-1.80451840e-01
-1.82286158e-01
-1.84118748e-01
-1.85949609e-01
-1.87778726e-01
-1.89606071e-01
-1.91431642e-01
-1.93255395e-01
-1.95077330e-01
-1.96897432e-01
-1.98715672e-01
-2.00532049e-01
-2.02346534e-01
-2.04159126e-01
-2.05969796e-01
-2.07778528e-01
-2.09585294e-01
-2.11390078e-01
-2.13192895e-01
-2.14993685e-01
-2.16792464e-01
-2.18589216e-01
-2.20383883e-01
-2.22176492e-01
-2.23967001e-01
-2.25755394e-01
-2.27541670e-01
-2.29325801e-01
-2.31107786e-01
-2.32887596e-01
-2.34665200e-01
-2.36440599e-01
-2.38213792e-01
-2.39984721e-01
-2.41753399e-01
-2.43519798e-01
-2.45283902e-01
-2.47045696e-01
-2.48805180e-01
-2.50562310e-01
-2.52317101e-01
-2.54069537e-01
-2.55819559e-01
-2.57567137e-01
-2.59312332e-01
-2.61055082e-01
-2.62795359e-01
-2.64533162e-01
-2.66268492e-01
-2.68001288e-01
-2.69731551e-01
-2.71459311e-01
-2.73184508e-01
-2.74907142e-01
-2.76627153e-01
-2.78344572e-01
-2.80059397e-01
-2.81771570e-01
-2.83481091e-01
-2.85187960e-01
-2.86892116e-01
-2.88593590e-01
-2.90292323e-01
-2.91988313e-01
-2.93681562e-01
-2.95372069e-01
-2.97059774e-01
-2.98744708e-01
-3.00426781e-01
-3.02106023e-01
-3.03782433e-01
-3.05456012e-01
-3.07126701e-01
-3.08794498e-01
-3.10459405e-01
-3.12121391e-01
-3.13780397e-01
-3.15436453e-01
-3.17089528e-01
-3.18739623e-01
-3.20386708e-01
-3.22030813e-01
-3.23671877e-01
-3.25309902e-01
-3.26944828e-01
-3.28576684e-01
-3.30205441e-01
-3.31831098e-01
-3.33453625e-01
-3.35073054e-01
-3.36689323e-01
-3.38302404e-01
-3.39912295e-01
-3.41518998e-01
-3.43122512e-01
-3.44722778e-01
-3.46319795e-01
-3.47913563e-01
-3.49504054e-01
-3.51091206e-01
-3.52675080e-01
-3.54255617e-01
-3.55832815e-01
-3.57406646e-01
-3.58977109e-01
-3.60544175e-01
-3.62107873e-01
-3.63668114e-01
-3.65224957e-01
-3.66778374e-01
-3.68328333e-01
-3.69874835e-01
-3.71417850e-01
-3.72957349e-01
-3.74493390e-01
-3.76025856e-01
-3.77554804e-01
-3.79080206e-01
-3.80602032e-01
-3.82120281e-01
-3.83634925e-01
-3.85145932e-01
-3.86653364e-01
-3.88157099e-01
-3.89657199e-01
-3.91153634e-01
-3.92646402e-01
-3.94135445e-01
-3.95620793e-01
-3.97102386e-01
-3.98580283e-01
-4.00054425e-01
-4.01524812e-01
-4.02991384e-01
-4.04454201e-01
-4.05913174e-01
-4.07368362e-01
-4.08819675e-01
-4.10267174e-01
-4.11710799e-01
-4.13150579e-01
-4.14586425e-01
-4.16018367e-01
-4.17446405e-01
-4.18870509e-01
-4.20290679e-01
-4.21706885e-01
-4.23119128e-01
-4.24527436e-01
-4.25931692e-01
-4.27331954e-01
-4.28728163e-01
-4.30120349e-01
-4.31508482e-01
-4.32892561e-01
-4.34272557e-01
-4.35648501e-01
-4.37020332e-01
-4.38388050e-01
-4.39751625e-01
-4.41111058e-01
-4.42466348e-01
-4.43817496e-01
-4.45164442e-01
-4.46507186e-01
-4.47845727e-01
-4.49180067e-01
-4.50510174e-01
-4.51836050e-01
-4.53157663e-01
-4.54475015e-01
-4.55788106e-01
-4.57096934e-01
-4.58401442e-01
-4.59701627e-01
-4.60997492e-01
-4.62289035e-01
-4.63576198e-01
-4.64858979e-01
-4.66137379e-01
-4.67411399e-01
-4.68681037e-01
-4.69946235e-01
-4.71206993e-01
-4.72463310e-01
-4.73715186e-01
-4.74962652e-01
-4.76205587e-01
-4.77444053e-01
-4.78677988e-01
-4.79907453e-01
-4.81132388e-01
-4.82352823e-01
-4.83568698e-01
-4.84780014e-01
-4.85986799e-01
-4.87188995e-01
-4.88386661e-01
-4.89579678e-01
-4.90768105e-01
-4.91951883e-01
-4.93131071e-01
-4.94305611e-01
-4.95475471e-01
-4.96640682e-01
-4.97801214e-01
-4.98957038e-01
-5.00108242e-01
-5.01254678e-01
-5.02396464e-01
-5.03533542e-01
-5.04665852e-01
-5.05793452e-01
-5.06916344e-01
-5.08034408e-01
-5.09147644e-01
-5.10256052e-01
-5.11359632e-01
-5.12458384e-01
-5.13552368e-01
-5.14641464e-01
-5.15725791e-01
-5.16805232e-01
-5.17879903e-01
-5.18949687e-01
-5.20014703e-01
-5.21074712e-01
-5.22129774e-01
-5.23179889e-01
-5.24225056e-01
-5.25265276e-01
-5.26300550e-01
-5.27330875e-01
-5.28356254e-01
-5.29376686e-01
-5.30392170e-01
-5.31402707e-01
-5.32408297e-01
-5.33408821e-01
-5.34404278e-01
-5.35394669e-01
-5.36379993e-01
-5.37360251e-01
-5.38335443e-01
-5.39305568e-01
-5.40270627e-01
-5.41230619e-01
-5.42185545e-01
-5.43135405e-01
-5.44080198e-01
-5.45019984e-01
-5.45954525e-01
-5.46883941e-01
-5.47808111e-01
-5.48727155e-01
-5.49640954e-01
-5.50549626e-01
-5.51453054e-01
-5.52351356e-01
-5.53244412e-01
-5.54132342e-01
-5.55015028e-01
-5.55892587e-01
-5.56764901e-01
-5.57632029e-01
-5.58493912e-01
-5.59350491e-01
-5.60201764e-01
-5.61047733e-01
-5.61888397e-01
-5.62723756e-01
-5.63553810e-01
-5.64378560e-01
-5.65198004e-01
-5.66012144e-01
-5.66820979e-01
-5.67624450e-01
-5.68422675e-01
-5.69215536e-01
-5.70003152e-01
-5.70785344e-01
-5.71562171e-01
-5.72333515e-01
-5.73099494e-01
-5.73859990e-01
-5.74615121e-01
-5.75364828e-01
-5.76109111e-01
-5.76847970e-01
-5.77581406e-01
-5.78309417e-01
-5.79032004e-01
-5.79749167e-01
-5.80460906e-01
-5.81167221e-01
-5.81868112e-01
-5.82563579e-01
-5.83253562e-01
-5.83938003e-01
-5.84616959e-01
-5.85290313e-01
-5.85958183e-01
-5.86620450e-01
-5.87277234e-01
-5.87928414e-01
-5.88574111e-01
-5.89214206e-01
-5.89848816e-01
-5.90477824e-01
-5.91101348e-01
-5.91719270e-01
-5.92331707e-01
-5.92938542e-01
-5.93539894e-01
-5.94135642e-01
-5.94725907e-01
-5.95310569e-01
-5.95889688e-01
-5.96463084e-01
-5.97030878e-01
-5.97592950e-01
-5.98149419e-01
-5.98700166e-01
-5.99245310e-01
-5.99784732e-01
-6.00318551e-01
-6.00846648e-01
-6.01369143e-01
-6.01885915e-01
-6.02397084e-01
-6.02902532e-01
-6.03402376e-01
-6.03896558e-01
-6.04385078e-01
-6.04867935e-01
-6.05345130e-01
-6.05816662e-01
-6.06282532e-01
-6.06742740e-01
-6.07197285e-01
-6.07646167e-01
-6.08089387e-01
-6.08526886e-01
-6.08958602e-01
-6.09384537e-01
-6.09804690e-01
-6.10219061e-01
-6.10627592e-01
-6.11030400e-01
-6.11427367e-01
-6.11818612e-01
-6.12204015e-01
-6.12583697e-01
-6.12957537e-01
-6.13325655e-01
-6.13687932e-01
-6.14044487e-01
-6.14395201e-01
-6.14740193e-01
-6.15079343e-01
-6.15412772e-01
-6.15740359e-01
-6.16062224e-01
-6.16378248e-01
-6.16688550e-01
-6.16993010e-01
-6.17291749e-01
-6.17584646e-01
-6.17871821e-01
-6.18153155e-01
-6.18428767e-01
-6.18698537e-01
-6.18962586e-01
-6.19220793e-01
-6.19473279e-01
-6.19719923e-01
-6.19960845e-01
-6.20195925e-01
-6.20425284e-01
-6.20648801e-01
-6.20866537e-01
-6.21078312e-01
-6.21284246e-01
-6.21484220e-01
-6.21678352e-01
-6.21866524e-01
-6.22048855e-01
-6.22225225e-01
-6.22395754e-01
-6.22560322e-01
-6.22719049e-01
-6.22871816e-01
-6.23018742e-01
-6.23159707e-01
-6.23294830e-01
-6.23423994e-01
-6.23547316e-01
-6.23664677e-01
-6.23776197e-01
-6.23881757e-01
-6.23981476e-01
-6.24075234e-01
-6.24163151e-01
-6.24245107e-01
-6.24321222e-01
-6.24391377e-01
-6.24455690e-01
-6.24514043e-01
-6.24566555e-01
-6.24613106e-01
-6.24653816e-01
-6.24688566e-01
-6.24717474e-01
-6.24740422e-01
-6.24757528e-01
-6.24768674e-01
-6.24773979e-01
-6.24773324e-01
-6.24766827e-01
-6.24754369e-01
-6.24736071e-01
-6.24711812e-01
-6.24681711e-01
-6.24645650e-01
-6.24603748e-01
-6.24555886e-01
-6.24502182e-01
-6.24442518e-01
-6.24377012e-01
-6.24305546e-01
-6.24228239e-01
-6.24144971e-01
-6.24055862e-01
-6.23960793e-01
-6.23859882e-01
-6.23753011e-01
-6.23640299e-01
-6.23521626e-01
-6.23397112e-01
-6.23266697e-01
-6.23130441e-01
-6.22988224e-01
-6.22840166e-01
-6.22686148e-01
-6.22526288e-01
-6.22360468e-01
-6.22188807e-01
-6.22011185e-01
-6.21827722e-01
-6.21638298e-01
-6.21443033e-01
-6.21241808e-01
-6.21034741e-01
-6.20821714e-01
-6.20602846e-01
-6.20378137e-01
-6.20147705e-01
-6.19911432e-01
-6.19669437e-01
-6.19421601e-01
-6.19168043e-01
-6.18908644e-01
-6.18643522e-01
-6.18372560e-01
-6.18095875e-01
-6.17813349e-01
-6.17525101e-01
-6.17231011e-01
-6.16931200e-01
-6.16625547e-01
-6.16314173e-01
-6.15996957e-01
-6.15674019e-01
-6.15345299e-01
-6.15010798e-01
-6.14670515e-01
-6.14324450e-01
-6.13972604e-01
-6.13614976e-01
-6.13251567e-01
-6.12882376e-01
-6.12507403e-01
-6.12126648e-01
-6.11740112e-01
-6.11347795e-01
-6.10949695e-01
-6.10545814e-01
-6.10136151e-01
-6.09720707e-01
-6.09299481e-01
-6.08872473e-01
-6.08439684e-01
-6.08001113e-01
-6.07556880e-01
-6.07106984e-01
-6.06651425e-01
-6.06190205e-01
-6.05723321e-01
-6.05250776e-01
-6.04772568e-01
-6.04288697e-01
-6.03799164e-01
-6.03303969e-01
-6.02803111e-01
-6.02296591e-01
-6.01784408e-01
-6.01266563e-01
-6.00743055e-01
-6.00213885e-01
-5.99679053e-01
-5.99138558e-01
-5.98592401e-01
-5.98040581e-01
-5.97483158e-01
-5.96920013e-01
-5.96351266e-01
-5.95776796e-01
-5.95196724e-01
-5.94611049e-01
-5.94019890e-01
-5.93423188e-01
-5.92820942e-01
-5.92213154e-01
-5.91599822e-01
-5.90980947e-01
-5.90356529e-01
-5.89726567e-01
-5.89091063e-01
-5.88450015e-01
-5.87803423e-01
-5.87151289e-01
-5.86493611e-01
-5.85830390e-01
-5.85161626e-01
-5.84487319e-01
-5.83807468e-01
-5.83122075e-01
-5.82431197e-01
-5.81734896e-01
-5.81033170e-01
-5.80326021e-01
-5.79613447e-01
-5.78895450e-01
-5.78172028e-01
-5.77443182e-01
-5.76708913e-01
-5.75969219e-01
-5.75224102e-01
-5.74473560e-01
-5.73717594e-01
-5.72956204e-01
-5.72189391e-01
-5.71417153e-01
-5.70639491e-01
-5.69856465e-01
-5.69068074e-01
-5.68274438e-01
-5.67475438e-01
-5.66671193e-01
-5.65861583e-01
-5.65046728e-01
-5.64226508e-01
-5.63401043e-01
-5.62570214e-01
-5.61734140e-01
-5.60892701e-01
-5.60046017e-01
-5.59193969e-01
-5.58336616e-01
-5.57473958e-01
-5.56606114e-01
-5.55733085e-01
-5.54854929e-01
-5.53971529e-01
-5.53083003e-01
-5.52189231e-01
-5.51290333e-01
-5.50386190e-01
-5.49476922e-01
-5.48562407e-01
-5.47642767e-01
-5.46717882e-01
-5.45787871e-01
-5.44852614e-01
-5.43912351e-01
-5.42966962e-01
-5.42016566e-01
-5.41061044e-01
-5.40100515e-01
-5.39134860e-01
-5.38164198e-01
-5.37188411e-01
-5.36207557e-01
-5.35221636e-01
-5.34230649e-01
-5.33234596e-01
-5.32233477e-01
-5.31227410e-01
-5.30216396e-01
-5.29200435e-01
-5.28179526e-01
-5.27153671e-01
-5.26122868e-01
-5.25087118e-01
-5.24046421e-01
-5.23000777e-01
-5.21950185e-01
-5.20894647e-01
-5.19834161e-01
-5.18768787e-01
-5.17698526e-01
-5.16623437e-01
-5.15543520e-01
-5.14458776e-01
-5.13369203e-01
-5.12274802e-01
-5.11175573e-01
-5.10071516e-01
-5.08962631e-01
-5.07848918e-01
-5.06730437e-01
-5.05607188e-01
-5.04479229e-01
-5.03346562e-01
-5.02209187e-01
-5.01067102e-01
-4.99920279e-01
-4.98768777e-01
-4.97612625e-01
-4.96451795e-01
-4.95286286e-01
-4.94116098e-01
-4.92941290e-01
-4.91761863e-01
-4.90577817e-01
-4.89389151e-01
-4.88195866e-01
-4.86997962e-01
-4.85795528e-01
-4.84588504e-01
-4.83376950e-01
-4.82160836e-01
-4.80940163e-01
-4.79714990e-01
-4.78485316e-01
-4.77251112e-01
-4.76012439e-01
-4.74769235e-01
-4.73521620e-01
-4.72269565e-01
-4.71013069e-01
-4.69752133e-01
-4.68486756e-01
-4.67216998e-01
-4.65942860e-01
-4.64664340e-01
-4.63381439e-01
-4.62094158e-01
-4.60802555e-01
-4.59506631e-01
-4.58206385e-01
-4.56901819e-01
-4.55592930e-01
-4.54279780e-01
-4.52962369e-01
-4.51640695e-01
-4.50314760e-01
-4.48984593e-01
-4.47650224e-01
-4.46311653e-01
-4.44968879e-01
-4.43621904e-01
-4.42270786e-01
-4.40915525e-01
-4.39556122e-01
-4.38192576e-01
-4.36824858e-01
-4.35453087e-01
-4.34077233e-01
-4.32697296e-01
-4.31313276e-01
-4.29925174e-01
-4.28533047e-01
-4.27136898e-01
-4.25736755e-01
-4.24332559e-01
-4.22924429e-01
-4.21512306e-01
-4.20096219e-01
-4.18676168e-01
-4.17252183e-01
-4.15824264e-01
-4.14392442e-01
-4.12956715e-01
-4.11517113e-01
-4.10073638e-01
-4.08626318e-01
-4.07175153e-01
-4.05720145e-01
-4.04261351e-01
-4.02798742e-01
-4.01332378e-01
-3.99862200e-01
-3.98388267e-01
-3.96910578e-01
-3.95429194e-01
-3.93944085e-01
-3.92455250e-01
-3.90962750e-01
-3.89466554e-01
-3.87966722e-01
-3.86463195e-01
-3.84956092e-01
-3.83445352e-01
-3.81931037e-01
-3.80413085e-01
-3.78891587e-01
-3.77366543e-01
-3.75837952e-01
-3.74305815e-01
-3.72770160e-01
-3.71230990e-01
-3.69688362e-01
-3.68142217e-01
-3.66592586e-01
-3.65039557e-01
-3.63483071e-01
-3.61923188e-01
-3.60359848e-01
-3.58793169e-01
-3.57223094e-01
-3.55649680e-01
-3.54072899e-01
-3.52492809e-01
-3.50909382e-01
-3.49322677e-01
-3.47732633e-01
-3.46139371e-01
-3.44542861e-01
-3.42943102e-01
-3.41340095e-01
-3.39733899e-01
-3.38124514e-01
-3.36511910e-01
-3.34896147e-01
-3.33277255e-01
-3.31655234e-01
-3.30030084e-01
-3.28401804e-01
-3.26770455e-01
-3.25136036e-01
-3.23498547e-01
-3.21857989e-01
-3.20214450e-01
-3.18567872e-01
-3.16918314e-01
-3.15265775e-01
-3.13610315e-01
-3.11951876e-01
-3.10290515e-01
-3.08626235e-01
-3.06959093e-01
-3.05289030e-01
-3.03616077e-01
-3.01940322e-01
-3.00261706e-01
-2.98580289e-01
-2.96896011e-01
-2.95208991e-01
-2.93519169e-01
-2.91826606e-01
-2.90131271e-01
-2.88433224e-01
-2.86732435e-01
-2.85028964e-01
-2.83322811e-01
-2.81614035e-01
-2.79902607e-01
-2.78188527e-01
-2.76471853e-01
-2.74752557e-01
-2.73030698e-01
-2.71306217e-01
-2.69579232e-01
-2.67849714e-01
-2.66117662e-01
-2.64383137e-01
-2.62646139e-01
-2.60906637e-01
-2.59164691e-01
-2.57420301e-01
-2.55673528e-01
-2.53924340e-01
-2.52172738e-01
-2.50418782e-01
-2.48662472e-01
-2.46903822e-01
-2.45142862e-01
-2.43379608e-01
-2.41614059e-01
-2.39846244e-01
-2.38076165e-01
-2.36303851e-01
-2.34529302e-01
-2.32752562e-01
-2.30973646e-01
-2.29192555e-01
-2.27409318e-01
-2.25623935e-01
-2.23836437e-01
-2.22046822e-01
-2.20255122e-01
-2.18461365e-01
-2.16665551e-01
-2.14867696e-01
-2.13067830e-01
-2.11265966e-01
-2.09462106e-01
-2.07656264e-01
-2.05848485e-01
-2.04038769e-01
-2.02227131e-01
-2.00413600e-01
-1.98598191e-01
-1.96780905e-01
-1.94961756e-01
-1.93140790e-01
-1.91318005e-01
-1.89493418e-01
-1.87667057e-01
-1.85838938e-01
-1.84009060e-01
-1.82177454e-01
-1.80344120e-01
-1.78509116e-01
-1.76672429e-01
-1.74834087e-01
-1.72994077e-01
-1.71152458e-01
-1.69309244e-01
-1.67464420e-01
-1.65618047e-01
-1.63770109e-01
-1.61920637e-01
-1.60069630e-01
-1.58217117e-01
-1.56363130e-01
-1.54507667e-01
-1.52650759e-01
-1.50792405e-01
-1.48932636e-01
-1.47071481e-01
-1.45208940e-01
-1.43345043e-01
-1.41479790e-01
-1.39613211e-01
-1.37745306e-01
-1.35876119e-01
-1.34005651e-01
-1.32133916e-01
-1.30260944e-01
-1.28386751e-01
-1.26511335e-01
-1.24634750e-01
-1.22757003e-01
-1.20878093e-01
-1.18998051e-01
-1.17116883e-01
-1.15234621e-01
-1.13351285e-01
-1.11466877e-01
-1.09581426e-01
-1.07694939e-01
-1.05807446e-01
-1.03918970e-01
-1.02029502e-01
-1.00139089e-01
-9.82477218e-02
-9.63554382e-02
-9.44622457e-02
-9.25681740e-02
-9.06732231e-02
-8.87774229e-02
-8.68807808e-02
-8.49833190e-02
-8.30850601e-02
-8.11860189e-02
-7.92862102e-02
-7.73856565e-02
-7.54843652e-02
-7.35823661e-02
-7.16796741e-02
-6.97763115e-02
-6.78722858e-02
-6.59676194e-02
-6.40623420e-02
-6.21564537e-02
-6.02499843e-02
-5.83429486e-02
-5.64353690e-02
-5.45272529e-02
-5.26186302e-02
-5.07095121e-02
-4.87999171e-02
-4.68898676e-02
-4.49793711e-02
-4.30684574e-02
-4.11571339e-02
-3.92454304e-02
-3.73333544e-02
-3.54209282e-02
-3.35081667e-02
-3.15950960e-02
-2.96817236e-02
-2.77680773e-02
-2.58541703e-02
-2.39400193e-02
-2.20256448e-02
-2.01110616e-02
-1.81962904e-02
-1.62813496e-02
-1.43662570e-02
-1.24510285e-02
-1.05356844e-02
-8.62023979e-03
-6.70471508e-03
-4.78912750e-03
-2.87349429e-03
-9.57834418e-04
9.57834418e-04
2.87349429e-03
