-2.27188109e-03
-7.57296104e-04
7.57296104e-04
2.27188109e-03
3.78644466e-03
5.30097261e-03
6.81545073e-03
8.32986459e-03
9.84419975e-03
1.13584418e-02
1.28725776e-02
1.43865915e-02
1.59004703e-02
1.74141992e-02
1.89277641e-02
2.04411522e-02
2.19543483e-02
2.34673377e-02
2.49801055e-02
2.64926385e-02
2.80049220e-02
2.95169428e-02
3.10286861e-02
3.25401388e-02
3.40512805e-02
3.55621092e-02
3.70726027e-02
3.85827534e-02
4.00925390e-02
4.16019522e-02
4.31109741e-02
4.46195900e-02
4.61277850e-02
4.76355441e-02
4.91428524e-02
5.06496951e-02
5.21560647e-02
5.36619462e-02
5.51673248e-02
5.66721857e-02
5.81765138e-02
5.96802942e-02
6.11835122e-02
6.26861528e-02
6.41882047e-02
6.56896532e-02
6.71904832e-02
6.86906874e-02
7.01902360e-02
7.16891289e-02
7.31873438e-02
7.46848658e-02
7.61816874e-02
7.76777864e-02
7.91731551e-02
8.06677863e-02
8.21616575e-02
8.36547613e-02
8.51470828e-02
8.66385996e-02
8.81293118e-02
8.96191895e-02
9.11082253e-02
9.25964117e-02
9.40837190e-02
9.55701470e-02
9.70556736e-02
9.85402837e-02
1.00023963e-01
1.01506703e-01
1.02988482e-01
1.04469292e-01
1.05949126e-01
1.07427962e-01
1.08905800e-01
1.10382609e-01
1.11858383e-01
1.13333106e-01
1.14806764e-01
1.16279341e-01
1.17750831e-01
1.19221203e-01
1.20690450e-01
1.22158565e-01
1.23625532e-01
1.25091329e-01
1.26555964e-01
1.28019407e-01
1.29481643e-01
1.30942672e-01
1.32402480e-01
1.33861020e-01
1.35318324e-01
1.36774346e-01
1.38229087e-01
1.39682516e-01
1.41134620e-01
1.42585412e-01
1.44034848e-01
1.45482928e-01
1.46929651e-01
1.48374990e-01
1.49818957e-01
1.51261494e-01
1.52702615e-01
1.54142290e-01
1.55580521e-01
1.57017291e-01
1.58452570e-01
1.59886360e-01
1.61318660e-01
1.62749439e-01
1.64178684e-01
1.65606394e-01
1.67032540e-01
1.68457121e-01
1.69880122e-01
1.71301514e-01
1.72721282e-01
1.74139440e-01
1.75555959e-01
1.76970840e-01
1.78384036e-01
1.79795578e-01
1.81205422e-01
1.82613567e-01
1.84019983e-01
1.85424656e-01
1.86827600e-01
1.88228786e-01
1.89628214e-01
1.91025838e-01
1.92421690e-01
1.93815723e-01
1.95207939e-01
1.96598306e-01
1.97986826e-01
1.99373469e-01
2.00758263e-01
2.02141151e-01
2.03522161e-01
2.04901233e-01
2.06278399e-01
2.07653597e-01
2.09026858e-01
2.10398167e-01
2.11767495e-01
2.13134825e-01
2.14500159e-01
2.15863481e-01
2.17224762e-01
2.18583986e-01
2.19941184e-01
2.21296296e-01
2.22649321e-01
2.24000260e-01
2.25349113e-01
2.26695821e-01
2.28040397e-01
2.29382843e-01
2.30723128e-01
2.32061252e-01
2.33397186e-01
2.34730929e-01
2.36062452e-01
2.37391770e-01
2.38718852e-01
2.40043700e-01
2.41366282e-01
2.42686585e-01
2.44004622e-01
2.45320350e-01
2.46633783e-01
2.47944891e-01
2.49253675e-01
2.50560105e-01
2.51864195e-01
2.53165931e-01
2.54465282e-01
2.55762249e-01
2.57056803e-01
2.58348942e-01
2.59638637e-01
2.60925949e-01
2.62210757e-01
2.63493121e-01
2.64773011e-01
2.66050428e-01
2.67325312e-01
2.68597662e-01
2.69867480e-01
2.71134764e-01
2.72399545e-01
2.73661703e-01
2.74921298e-01
2.76178271e-01
2.77432680e-01
2.78684467e-01
2.79933661e-01
2.81180203e-01
2.82424092e-01
2.83665329e-01
2.84903944e-01
2.86139846e-01
2.87373066e-01
2.88603544e-01
2.89831340e-01
2.91056395e-01
2.92278767e-01
2.93498337e-01
2.94715166e-01
2.95929193e-01
2.97140479e-01
2.98348963e-01
2.99554646e-01
3.00757468e-01
3.01957488e-01
3.03154647e-01
3.04349005e-01
3.05540502e-01
3.06729078e-01
3.07914793e-01
3.09097588e-01
3.10277522e-01
3.11454535e-01
3.12628627e-01
3.13799739e-01
3.14967930e-01
3.16133142e-01
3.17295432e-01
3.18454713e-01
3.19610983e-01
3.20764214e-01
3.21914464e-01
3.23061675e-01
3.24205875e-01
3.25346977e-01
3.26485038e-01
3.27620000e-01
3.28751922e-01
3.29880774e-01
3.31006497e-01
3.32129091e-01
3.33248556e-01
3.34364891e-01
3.35478097e-01
3.36588174e-01
3.37695092e-01
3.38798791e-01
3.39899302e-01
3.40996623e-01
3.42090756e-01
3.43181670e-01
3.44269365e-01
3.45353812e-01
3.46435010e-01
3.47512960e-01
3.48587692e-01
3.49659085e-01
3.50727201e-01
3.51791978e-01
3.52853477e-01
3.53911668e-01
3.54966551e-01
3.56018066e-01
3.57066214e-01
3.58110994e-01
3.59152406e-01
3.60190451e-01
3.61225158e-01
3.62256438e-01
3.63284320e-01
3.64308745e-01
3.65329742e-01
3.66347313e-01
3.67361456e-01
3.68372142e-01
3.69379371e-01
3.70383114e-01
3.71383369e-01
3.72380137e-01
3.73373449e-01
3.74363244e-01
3.75349522e-01
3.76332223e-01
3.77311379e-01
3.78286988e-01
3.79259050e-01
3.80227566e-01
3.81192535e-01
3.82153898e-01
3.83111656e-01
3.84065807e-01
3.85016352e-01
3.85963291e-01
3.86906594e-01
3.87846261e-01
3.88782263e-01
3.89714599e-01
3.90643269e-01
3.91568273e-01
3.92489612e-01
3.93407285e-01
3.94321233e-01
3.95231456e-01
3.96137953e-01
3.97040725e-01
3.97939771e-01
3.98835093e-01
3.99726689e-01
4.00614530e-01
4.01498556e-01
4.02378798e-01
4.03255254e-01
4.04127926e-01
4.04996812e-01
4.05861914e-01
4.06723201e-01
4.07580644e-01
4.08434212e-01
4.09283966e-01
4.10129845e-01
4.10971910e-01
4.11810100e-01
4.12644476e-01
4.13474917e-01
4.14301485e-01
4.15124118e-01
4.15942878e-01
4.16757703e-01
4.17568654e-01
4.18375701e-01
4.19178784e-01
4.19977903e-01
4.20773059e-01
4.21564251e-01
4.22351480e-01
4.23134744e-01
4.23914045e-01
4.24689412e-01
4.25460726e-01
4.26228046e-01
4.26991314e-01
4.27750587e-01
4.28505838e-01
4.29257065e-01
4.30004269e-01
4.30747449e-01
4.31486607e-01
4.32221681e-01
4.32952672e-01
4.33679581e-01
4.34402406e-01
4.35121149e-01
4.35835779e-01
4.36546355e-01
4.37252820e-01
4.37955201e-01
4.38653409e-01
4.39347506e-01
4.40037429e-01
4.40723240e-01
4.41404879e-01
4.42082405e-01
4.42755759e-01
4.43425000e-01
4.44090098e-01
4.44750994e-01
4.45407659e-01
4.46060151e-01
4.46708411e-01
4.47352499e-01
4.47992355e-01
4.48628038e-01
4.49259490e-01
4.49886769e-01
4.50509787e-01
4.51128572e-01
4.51743066e-01
4.52353299e-01
4.52959269e-01
4.53560978e-01
4.54158425e-01
4.54751611e-01
4.55340534e-01
4.55925196e-01
4.56505597e-01
4.57081676e-01
4.57653433e-01
4.58220869e-01
4.58783984e-01
4.59342778e-01
4.59897250e-01
4.60447401e-01
4.60993230e-01
4.61534768e-01
4.62071955e-01
4.62604851e-01
4.63133335e-01
4.63657469e-01
4.64177191e-01
4.64692563e-01
4.65203524e-01
4.65710133e-01
4.66212332e-01
4.66710180e-01
4.67203617e-01
4.67692703e-01
4.68177378e-01
4.68657702e-01
4.69133615e-01
4.69605088e-01
4.70072120e-01
4.70534712e-01
4.70992863e-01
4.71446574e-01
4.71895844e-01
4.72340703e-01
4.72781092e-01
4.73217070e-01
4.73648578e-01
4.74075675e-01
4.74498302e-01
4.74916518e-01
4.75330234e-01
4.75739479e-01
4.76144195e-01
4.76544440e-01
4.76940185e-01
4.77331430e-01
4.77718174e-01
4.78100419e-01
4.78478163e-01
4.78851408e-01
4.79220152e-01
4.79584396e-01
4.79944140e-01
4.80299383e-01
4.80650127e-01
4.80996370e-01
4.81338114e-01
4.81675327e-01
4.82007980e-01
4.82336074e-01
4.82659608e-01
4.82978582e-01
4.83292997e-01
4.83602852e-01
4.83908147e-01
4.84208882e-01
4.84505057e-01
4.84796673e-01
4.85083729e-01
4.85366225e-01
4.85644162e-01
4.85917538e-01
4.86186326e-01
4.86450583e-01
4.86710250e-01
4.86965388e-01
4.87215936e-01
4.87461954e-01
4.87703383e-01
4.87940222e-01
4.88172412e-01
4.88400012e-01
4.88622963e-01
4.88841325e-01
4.89055037e-01
4.89264160e-01
4.89468634e-01
4.89668518e-01
4.89863753e-01
4.90054399e-01
4.90240395e-01
4.90421802e-01
4.90598589e-01
4.90770757e-01
4.90938306e-01
4.91101235e-01
4.91259545e-01
4.91413236e-01
4.91562307e-01
4.91706759e-01
4.91846591e-01
4.91981804e-01
4.92112398e-01
4.92238373e-01
4.92359728e-01
4.92476463e-01
4.92588580e-01
4.92696077e-01
4.92798954e-01
4.92897213e-01
4.92990851e-01
4.93079871e-01
4.93164271e-01
4.93244052e-01
4.93319154e-01
4.93389577e-01
4.93455321e-01
4.93516386e-01
4.93572772e-01
4.93624479e-01
4.93671507e-01
4.93713856e-01
4.93751526e-01
4.93784517e-01
4.93812829e-01
4.93836462e-01
4.93855417e-01
4.93869692e-01
4.93879288e-01
4.93884206e-01
4.93884444e-01
4.93880004e-01
4.93870884e-01
4.93857086e-01
4.93838608e-01
4.93815452e-01
4.93787616e-01
4.93755102e-01
4.93717909e-01
4.93676037e-01
4.93629515e-01
4.93578315e-01
4.93522435e-01
4.93461877e-01
4.93396640e-01
4.93326724e-01
4.93252128e-01
4.93172854e-01
4.93088931e-01
4.93000388e-01
4.92907226e-01
4.92809445e-01
4.92707044e-01
4.92600024e-01
4.92488384e-01
4.92372125e-01
4.92251247e-01
4.92125750e-01
4.91995633e-01
4.91860896e-01
4.91721541e-01
4.91577566e-01
4.91428971e-01
4.91275758e-01
4.91117924e-01
4.90955472e-01
4.90788400e-01
4.90616709e-01
4.90440398e-01
4.90259469e-01
4.90073949e-01
4.89883780e-01
4.89689022e-01
4.89489615e-01
4.89285618e-01
4.89076972e-01
4.88863736e-01
4.88645852e-01
4.88423377e-01
4.88196254e-01
4.87964541e-01
4.87728179e-01
4.87487227e-01
4.87241656e-01
4.86991554e-01
4.86736864e-01
4.86477643e-01
4.86213833e-01
4.85945463e-01
4.85672534e-01
4.85395044e-01
4.85112995e-01
4.84826386e-01
4.84535217e-01
4.84239489e-01
4.83939201e-01
4.83634353e-01
4.83324945e-01
4.83010978e-01
4.82692450e-01
4.82369363e-01
4.82041717e-01
4.81709510e-01
4.81372744e-01
4.81031448e-01
4.80685622e-01
4.80335295e-01
4.79980469e-01
4.79621142e-01
4.79257315e-01
4.78888988e-01
4.78516161e-01
4.78138864e-01
4.77757037e-01
4.77370739e-01
4.76979911e-01
4.76584613e-01
4.76184785e-01
4.75780487e-01
4.75371659e-01
4.74958360e-01
4.74540561e-01
4.74118352e-01
4.73691672e-01
4.73260581e-01
4.72825021e-01
4.72385019e-01
4.71940577e-01
4.71491694e-01
4.71038371e-01
4.70580608e-01
4.70118403e-01
4.69651759e-01
4.69180673e-01
4.68705148e-01
4.68225211e-01
4.67740893e-01
4.67252195e-01
4.66759115e-01
4.66261655e-01
4.65759814e-01
4.65253592e-01
4.64742959e-01
4.64227974e-01
4.63708580e-01
4.63184834e-01
4.62656677e-01
4.62124169e-01
4.61587310e-01
4.61046159e-01
4.60500658e-01
4.59950864e-01
4.59396750e-01
4.58838314e-01
4.58275557e-01
4.57708478e-01
4.57137078e-01
4.56561357e-01
4.55981314e-01
4.55396980e-01
4.54808384e-01
4.54215527e-01
4.53618407e-01
4.53017026e-01
4.52411383e-01
4.51801479e-01
4.51187283e-01
4.50568855e-01
4.49946135e-01
4.49319184e-01
4.48688000e-01
4.48052645e-01
4.47413087e-01
4.46769327e-01
4.46121365e-01
4.45469201e-01
4.44812834e-01
4.44152266e-01
4.43487495e-01
4.42818552e-01
4.42145467e-01
4.41468239e-01
4.40786868e-01
4.40101355e-01
4.39411700e-01
4.38717902e-01
4.38019931e-01
4.37317848e-01
4.36611593e-01
4.35901284e-01
4.35186893e-01
4.34468418e-01
4.33745861e-01
4.33019221e-01
4.32288498e-01
4.31553692e-01
4.30814803e-01
4.30071861e-01
4.29324895e-01
4.28573906e-01
4.27818894e-01
4.27059859e-01
4.26296830e-01
4.25529748e-01
4.24758673e-01
4.23983544e-01
4.23204482e-01
4.22421426e-01
4.21634436e-01
4.20843452e-01
4.20048505e-01
4.19249594e-01
4.18446720e-01
4.17639881e-01
4.16829139e-01
4.16014493e-01
4.15195972e-01
4.14373517e-01
4.13547188e-01
4.12716925e-01
4.11882788e-01
4.11044747e-01
4.10202861e-01
4.09357131e-01
4.08507556e-01
4.07654136e-01
4.06796873e-01
4.05935764e-01
4.05070812e-01
4.04202074e-01
4.03329551e-01
4.02453244e-01
4.01573151e-01
4.00689274e-01
3.99801612e-01
3.98910165e-01
3.98014992e-01
3.97116065e-01
3.96213442e-01
3.95307064e-01
3.94396991e-01
3.93483162e-01
3.92565608e-01
3.91644388e-01
3.90719503e-01
3.89790952e-01
3.88858736e-01
3.87922853e-01
3.86983305e-01
3.86040121e-01
3.85093302e-01
3.84142876e-01
3.83188844e-01
3.82231206e-01
3.81269962e-01
3.80305111e-01
3.79336655e-01
3.78364652e-01
3.77389103e-01
3.76410007e-01
3.75427365e-01
3.74441206e-01
3.73451471e-01
3.72458279e-01
3.71461570e-01
3.70461375e-01
3.69457692e-01
3.68450522e-01
3.67439866e-01
3.66425782e-01
3.65408242e-01
3.64387304e-01
3.63362908e-01
3.62335116e-01
3.61303866e-01
3.60269219e-01
3.59231174e-01
3.58189791e-01
3.57145011e-01
3.56096894e-01
3.55045408e-01
3.53990555e-01
3.52932394e-01
3.51870894e-01
3.50806117e-01
3.49738002e-01
3.48666608e-01
3.47591877e-01
3.46513927e-01
3.45432699e-01
3.44348252e-01
3.43260556e-01
3.42169613e-01
3.41075420e-01
3.39978069e-01
3.38877499e-01
3.37773770e-01
3.36666822e-01
3.35556716e-01
3.34443450e-01
3.33327085e-01
3.32207561e-01
3.31084937e-01
3.29959154e-01
3.28830242e-01
3.27698290e-01
3.26563239e-01
3.25425148e-01
3.24283957e-01
3.23139727e-01
3.21992397e-01
3.20842087e-01
3.19688767e-01
3.18532437e-01
3.17373097e-01
3.16210747e-01
3.15045446e-01
3.13877195e-01
3.12705994e-01
3.11531842e-01
3.10354710e-01
3.09174716e-01
3.07991803e-01
3.06805998e-01
3.05617303e-01
3.04425716e-01
3.03231239e-01
3.02033931e-01
3.00833791e-01
2.99630821e-01
2.98425049e-01
2.97216415e-01
2.96005040e-01
2.94790864e-01
2.93573916e-01
2.92354196e-01
2.91131735e-01
2.89906532e-01
2.88678616e-01
2.87447989e-01
2.86214650e-01
2.84978628e-01
2.83739895e-01
2.82498538e-01
2.81254500e-01
2.80007809e-01
2.78758466e-01
2.77506500e-01
2.76251942e-01
2.74994761e-01
2.73735017e-01
2.72472650e-01
2.71207720e-01
2.69940227e-01
2.68670231e-01
2.67397702e-01
2.66122639e-01
2.64845043e-01
2.63564974e-01
2.62282431e-01
2.60997385e-01
2.59709895e-01
2.58419931e-01
2.57127583e-01
2.55832791e-01
2.54535615e-01
2.53235996e-01
2.51934022e-01
2.50629723e-01
2.49323040e-01
2.48014033e-01
2.46702686e-01
2.45389029e-01
2.44073063e-01
2.42754787e-01
2.41434231e-01
2.40111396e-01
2.38786310e-01
2.37458974e-01
2.36129403e-01
2.34797627e-01
2.33463645e-01
2.32127458e-01
2.30789065e-01
2.29448512e-01
2.28105798e-01
2.26760939e-01
2.25413948e-01
2.24064812e-01
2.22713590e-01
2.21360266e-01
2.20004871e-01
2.18647406e-01
2.17287868e-01
2.15926290e-01
2.14562669e-01
2.13197038e-01
2.11829394e-01
2.10459769e-01
2.09088162e-01
2.07714587e-01
2.06339046e-01
2.04961568e-01
2.03582168e-01
2.02200845e-01
2.00817630e-01
1.99432507e-01
1.98045522e-01
1.96656674e-01
1.95265964e-01
1.93873420e-01
1.92479044e-01
1.91082865e-01
1.89684883e-01
1.88285127e-01
1.86883599e-01
1.85480326e-01
1.84075296e-01
1.82668522e-01
1.81260034e-01
1.79849848e-01
1.78437963e-01
1.77024394e-01
1.75609171e-01
1.74192294e-01
1.72773778e-01
1.71353623e-01
1.69931859e-01
1.68508500e-01
1.67083532e-01
1.65657014e-01
1.64228931e-01
1.62799299e-01
1.61368147e-01
1.59935474e-01
1.58501297e-01
1.57065630e-01
1.55628487e-01
1.54189855e-01
1.52749792e-01
1.51308283e-01
1.49865344e-01
1.48421004e-01
1.46975264e-01
1.45528153e-01
1.44079670e-01
1.42629847e-01
1.41178653e-01
1.39726147e-01
1.38272315e-01
1.36817172e-01
1.35360748e-01
1.33903041e-01
1.32444084e-01
1.30983889e-01
1.29522443e-01
1.28059804e-01
1.26595944e-01
1.25130892e-01
1.23664677e-01
1.22197293e-01
1.20728754e-01
1.19259074e-01
1.17788270e-01
1.16316363e-01
1.14843361e-01
1.13369271e-01
1.11894123e-01
1.10417917e-01
1.08940676e-01
1.07462414e-01
1.05983146e-01
1.04502879e-01
1.03021629e-01
1.01539411e-01
1.00056231e-01
9.85721052e-02
9.70870480e-02
9.56010744e-02
9.41142067e-02
9.26264524e-02
9.11378190e-02
8.96483362e-02
8.81580040e-02
8.66668522e-02
8.51748809e-02
8.36821124e-02
8.21885541e-02
8.06942359e-02
7.91991577e-02
7.77033344e-02
7.62067735e-02
7.47094899e-02
7.32115060e-02
7.17128292e-02
7.02134669e-02
6.87134564e-02
6.72127903e-02
6.57114908e-02
6.42095804e-02
6.27070665e-02
6.12039603e-02
5.97002767e-02
5.81960306e-02
5.66912368e-02
5.51859103e-02
5.36800660e-02
5.21737188e-02
5.06668836e-02
4.91595753e-02
4.76518013e-02
4.61435765e-02
4.46349159e-02
4.31258343e-02
4.16163467e-02
4.01064679e-02
3.85962129e-02
3.70856002e-02
3.55746374e-02
3.40633467e-02
3.25517282e-02
3.10398042e-02
2.95275878e-02
2.80150939e-02
2.65023373e-02
2.49893311e-02
2.34760866e-02
2.19626222e-02
2.04489511e-02
1.89350881e-02
1.74210481e-02
1.59068443e-02
1.43924886e-02
1.28779970e-02
1.13633834e-02
9.84866358e-03
8.33385065e-03
6.81895856e-03
5.30400267e-03
3.78899649e-03
2.27395515e-03
7.58892391e-04
-7.56177586e-04
-2.27124034e-03
-3.78628192e-03
-5.30128786e-03
-6.81624422e-03
-8.33113585e-03
-9.84594785e-03
-1.13606686e-02
-1.28752813e-02
-1.43897729e-02
-1.59041286e-02
-1.74183324e-02
-1.89323723e-02
-2.04462353e-02
-2.19599064e-02
-2.34733708e-02
-2.49866135e-02
-2.64996216e-02
-2.80123763e-02
-2.95248702e-02
-3.10370866e-02
-3.25490125e-02
-3.40606272e-02
-3.55719216e-02
-3.70828807e-02
-3.85934971e-02
-4.01037484e-02
-4.16136272e-02
-4.31231149e-02
-4.46321964e-02
-4.61408570e-02
-4.76490818e-02
-4.91568558e-02
-5.06641641e-02
-5.21709993e-02
-5.36773428e-02
-5.51831871e-02
-5.66885099e-02
-5.81933036e-02
-5.96975461e-02
-6.12012297e-02
-6.27043322e-02
-6.42068535e-02
-6.57087639e-02
-6.72100559e-02
-6.87107220e-02
-7.02107325e-02
-7.17100874e-02
-7.32087642e-02
-7.47067481e-02
-7.62040317e-02
-7.77005926e-02
-7.91964158e-02
-8.06914940e-02
-8.21858123e-02
-8.36793631e-02
-8.51721317e-02
-8.66641030e-02
-8.81552622e-02
-8.96455869e-02
-9.11350697e-02
-9.26236957e-02
-9.41114575e-02
-9.55983251e-02
-9.70842913e-02
-9.85693485e-02
-1.00053474e-01
-1.01536654e-01
-1.03018872e-01
-1.04500122e-01
-1.05980389e-01
-1.07459657e-01
-1.08937919e-01
-1.10415161e-01
-1.11891359e-01
-1.13366507e-01
-1.14840589e-01
-1.16313599e-01
-1.17785506e-01
-1.19256303e-01
-1.20725982e-01
-1.22194514e-01
-1.23661898e-01
-1.25128120e-01
-1.26593158e-01
-1.28057018e-01
-1.29519686e-01
-1.30981117e-01
-1.32441312e-01
-1.33900270e-01
-1.35357961e-01
-1.36814386e-01
-1.38269514e-01
-1.39723346e-01
-1.41175851e-01
-1.42627046e-01
-1.44076869e-01
-1.45525351e-01
-1.46972463e-01
-1.48418188e-01
-1.49862528e-01
-1.51305467e-01
-1.52746961e-01
-1.54187039e-01
-1.55625656e-01
-1.57062814e-01
-1.58498481e-01
-1.59932658e-01
-1.61365315e-01
-1.62796482e-01
-1.64226100e-01
-1.65654182e-01
-1.67080700e-01
-1.68505654e-01
-1.69929028e-01
-1.71350792e-01
-1.72770947e-01
-1.74189463e-01
-1.75606340e-01
-1.77021563e-01
-1.78435132e-01
-1.79847002e-01
-1.81257203e-01
-1.82665676e-01
-1.84072435e-01
-1.85477465e-01
-1.86880738e-01
-1.88282266e-01
-1.89682022e-01
-1.91080004e-01
-1.92476168e-01
-1.93870544e-01
-1.95263073e-01
-1.96653783e-01
-1.98042616e-01
-1.99429601e-01
-2.00814709e-01
-2.02197939e-01
-2.03579247e-01
-2.04958662e-01
-2.06336141e-01
-2.07711682e-01
-2.09085256e-01
-2.10456863e-01
-2.11826488e-01
-2.13194117e-01
-2.14559749e-01
-2.15923354e-01
-2.17284933e-01
-2.18644470e-01
-2.20001936e-01
-2.21357331e-01
-2.22710639e-01
-2.24061862e-01
-2.25410983e-01
-2.26757973e-01
-2.28102833e-01
-2.29445547e-01
-2.30786085e-01
-2.32124478e-01
-2.33460665e-01
-2.34794676e-01
-2.36126468e-01
-2.37456024e-01
-2.38783374e-01
-2.40108460e-01
-2.41431311e-01
-2.42751881e-01
-2.44070157e-01
-2.45386139e-01
-2.46699810e-01
-2.48011172e-01
-2.49320194e-01
-2.50626862e-01
-2.51931190e-01
-2.53233165e-01
-2.54532784e-01
-2.55829990e-01
-2.57124782e-01
-2.58417159e-01
-2.59707093e-01
-2.60994613e-01
-2.62279630e-01
-2.63562202e-01
-2.64842272e-01
-2.66119868e-01
-2.67394960e-01
-2.68667489e-01
-2.69937515e-01
-2.71204978e-01
-2.72469938e-01
-2.73732275e-01
-2.74992049e-01
-2.76249200e-01
-2.77503788e-01
-2.78755784e-01
-2.80005127e-01
-2.81251818e-01
-2.82495856e-01
-2.83737242e-01
-2.84975976e-01
-2.86212027e-01
-2.87445366e-01
-2.88675994e-01
-2.89903909e-01
-2.91129112e-01
-2.92351604e-01
-2.93571323e-01
-2.94788271e-01
-2.96002448e-01
-2.97213852e-01
-2.98422486e-01
-2.99628288e-01
-3.00831258e-01
-3.02031398e-01
-3.03228706e-01
-3.04423183e-01
-3.05614769e-01
-3.06803465e-01
-3.07989269e-01
-3.09172183e-01
-3.10352236e-01
-3.11529338e-01
-3.12703520e-01
-3.13874722e-01
-3.15043002e-01
-3.16208303e-01
-3.17370623e-01
-3.18529963e-01
-3.19686323e-01
-3.20839643e-01
-3.21989983e-01
-3.23137283e-01
-3.24281543e-01
-3.25422704e-01
-3.26560825e-01
-3.27695876e-01
-3.28827858e-01
-3.29956740e-01
-3.31082523e-01
-3.32205176e-01
-3.33324701e-01
-3.34441066e-01
-3.35554332e-01
-3.36664438e-01
-3.37771386e-01
-3.38875115e-01
-3.39975685e-01
-3.41073066e-01
-3.42167258e-01
-3.43258202e-01
-3.44345897e-01
-3.45430374e-01
-3.46511573e-01
-3.47589552e-01
-3.48664254e-01
-3.49735677e-01
-3.50803763e-01
-3.51868570e-01
-3.52930039e-01
-3.53988230e-01
-3.55043083e-01
-3.56094569e-01
-3.57142717e-01
-3.58187467e-01
-3.59228879e-01
-3.60266894e-01
-3.61301571e-01
-3.62332791e-01
-3.63360614e-01
-3.64384979e-01
-3.65405947e-01
-3.66423458e-01
-3.67437571e-01
-3.68448228e-01
-3.69455397e-01
-3.70459080e-01
-3.71459275e-01
-3.72455984e-01
-3.73449206e-01
-3.74438941e-01
-3.75425130e-01
-3.76407772e-01
-3.77386868e-01
-3.78362417e-01
-3.79334420e-01
-3.80302876e-01
-3.81267726e-01
-3.82228971e-01
-3.83186609e-01
-3.84140640e-01
-3.85091066e-01
-3.86037886e-01
-3.86981130e-01
-3.87920678e-01
-3.88856560e-01
-3.89788777e-01
-3.90717328e-01
-3.91642213e-01
-3.92563432e-01
-3.93480986e-01
-3.94394815e-01
-3.95304918e-01
-3.96211296e-01
-3.97113919e-01
-3.98012847e-01
-3.98908019e-01
-3.99799496e-01
-4.00687158e-01
-4.01571035e-01
-4.02451128e-01
-4.03327435e-01
-4.04199958e-01
-4.05068696e-01
-4.05933619e-01
-4.06794727e-01
-4.07651991e-01
-4.08505410e-01
-4.09354985e-01
-4.10200715e-01
-4.11042601e-01
-4.11880672e-01
-4.12714809e-01
-4.13545072e-01
-4.14371401e-01
-4.15193856e-01
-4.16012406e-01
-4.16827053e-01
-4.17637795e-01
-4.18444633e-01
-4.19247508e-01
-4.20046419e-01
-4.20841366e-01
-4.21632349e-01
-4.22419369e-01
-4.23202425e-01
-4.23981518e-01
-4.24756616e-01
-4.25527722e-01
-4.26294804e-01
-4.27057862e-01
-4.27816898e-01
-4.28571910e-01
-4.29322898e-01
-4.30069864e-01
-4.30812806e-01
-4.31551695e-01
-4.32286501e-01
-4.33017224e-01
-4.33743864e-01
-4.34466422e-01
-4.35184896e-01
-4.35899317e-01
-4.36609626e-01
-4.37315881e-01
-4.38017964e-01
-4.38715935e-01
-4.39409733e-01
-4.40099418e-01
-4.40784931e-01
-4.41466302e-01
-4.42143530e-01
-4.42816615e-01
-4.43485558e-01
-4.44150329e-01
-4.44810897e-01
-4.45467263e-01
-4.46119428e-01
-4.46767390e-01
-4.47411180e-01
-4.48050737e-01
-4.48686123e-01
-4.49317276e-01
-4.49944258e-01
-4.50566947e-01
-4.51185405e-01
-4.51799572e-01
-4.52409506e-01
-4.53015149e-01
-4.53616560e-01
-4.54213679e-01
-4.54806536e-01
-4.55395132e-01
-4.55979466e-01
-4.56559509e-01
-4.57135230e-01
-4.57706630e-01
-4.58273709e-01
-4.58836496e-01
-4.59394932e-01
-4.59949076e-01
-4.60498869e-01
-4.61044371e-01
-4.61585522e-01
-4.62122381e-01
-4.62654889e-01
-4.63183045e-01
-4.63706791e-01
-4.64226186e-01
-4.64741170e-01
-4.65251803e-01
-4.65758026e-01
-4.66259897e-01
-4.66757357e-01
-4.67250466e-01
-4.67739165e-01
-4.68223482e-01
-4.68703419e-01
-4.69178945e-01
-4.69650030e-01
-4.70116675e-01
-4.70578879e-01
-4.71036643e-01
-4.71489966e-01
-4.71938848e-01
-4.72383291e-01
-4.72823292e-01
-4.73258853e-01
-4.73689973e-01
-4.74116653e-01
-4.74538922e-01
-4.74956721e-01
-4.75370049e-01
-4.75778848e-01
-4.76183176e-01
-4.76583004e-01
-4.76978332e-01
-4.77369159e-01
-4.77755487e-01
-4.78137314e-01
-4.78514642e-01
-4.78887469e-01
-4.79255795e-01
-4.79619622e-01
-4.79978949e-01
-4.80333775e-01
-4.80684102e-01
-4.81029928e-01
-4.81371254e-01
-4.81708020e-01
-4.82040226e-01
-4.82367873e-01
-4.82690960e-01
-4.83009487e-01
-4.83323455e-01
-4.83632863e-01
-4.83937711e-01
-4.84237999e-01
-4.84533727e-01
-4.84824896e-01
-4.85111505e-01
-4.85393584e-01
-4.85671073e-01
-4.85944033e-01
-4.86212403e-01
-4.86476243e-01
-4.86735493e-01
-4.86990213e-01
-4.87240344e-01
-4.87485945e-01
-4.87726927e-01
-4.87963319e-01
-4.88195062e-01
-4.88422215e-01
-4.88644719e-01
-4.88862634e-01
-4.89075899e-01
-4.89284575e-01
-4.89488602e-01
-4.89688039e-01
-4.89882827e-01
-4.90073025e-01
-4.90258574e-01
-4.90439534e-01
-4.90615845e-01
-4.90787566e-01
-4.90954638e-01
-4.91117120e-01
-4.91274953e-01
-4.91428196e-01
-4.91576791e-01
-4.91720796e-01
-4.91860151e-01
-4.91994888e-01
-4.92125005e-01
-4.92250502e-01
-4.92371380e-01
-4.92487639e-01
-4.92599279e-01
-4.92706299e-01
-4.92808700e-01
-4.92906481e-01
-4.92999643e-01
-4.93088186e-01
-4.93172109e-01
-4.93251413e-01
-4.93326038e-01
-4.93395984e-01
-4.93461251e-01
-4.93521839e-01
-4.93577749e-01
-4.93628979e-01
-4.93675530e-01
-4.93717402e-01
-4.93754596e-01
-4.93787110e-01
-4.93814945e-01
-4.93838102e-01
-4.93856579e-01
-4.93870378e-01
-4.93879497e-01
-4.93883938e-01
-4.93883699e-01
-4.93878782e-01
-4.93869185e-01
-4.93854910e-01
-4.93835956e-01
-4.93812323e-01
-4.93784010e-01
-4.93751019e-01
-4.93713349e-01
-4.93671000e-01
-4.93623972e-01
-4.93572265e-01
-4.93515879e-01
-4.93454814e-01
-4.93389070e-01
-4.93318647e-01
-4.93243545e-01
-4.93163764e-01
-4.93079364e-01
-4.92990375e-01
-4.92896736e-01
-4.92798507e-01
-4.92695630e-01
-4.92588162e-01
-4.92476046e-01
-4.92359340e-01
-4.92237985e-01
-4.92112041e-01
-4.91981447e-01
-4.91846263e-01
-4.91706431e-01
-4.91562009e-01
-4.91412938e-01
-4.91259277e-01
-4.91100967e-01
-4.90938067e-01
-4.90770519e-01
-4.90598381e-01
-4.90421593e-01
-4.90240216e-01
-4.90054190e-01
-4.89863575e-01
-4.89668310e-01
-4.89468455e-01
-4.89263952e-01
-4.89054859e-01
-4.88841116e-01
-4.88622785e-01
-4.88399804e-01
-4.88172233e-01
-4.87940013e-01
-4.87703204e-01
-4.87461746e-01
-4.87215757e-01
-4.86965179e-01
-4.86710072e-01
-4.86450374e-01
-4.86186147e-01
-4.85917330e-01
-4.85643983e-01
-4.85366046e-01
-4.85083580e-01
-4.84796524e-01
-4.84504938e-01
-4.84208763e-01
-4.83908057e-01
-4.83602762e-01
-4.83292937e-01
-4.82978523e-01
-4.82659578e-01
-4.82336044e-01
-4.82007980e-01
-4.81675327e-01
-4.81338114e-01
-4.80996370e-01
-4.80650127e-01
-4.80299383e-01
-4.79944140e-01
-4.79584396e-01
-4.79220182e-01
-4.78851438e-01
-4.78478223e-01
-4.78100479e-01
-4.77718264e-01
-4.77331519e-01
-4.76940304e-01
-4.76544559e-01
-4.76144344e-01
-4.75739598e-01
-4.75330383e-01
-4.74916637e-01
-4.74498481e-01
-4.74075854e-01
-4.73648787e-01
-4.73217279e-01
-4.72781330e-01
-4.72340941e-01
-4.71896112e-01
-4.71446842e-01
-4.70993131e-01
-4.70534980e-01
-4.70072389e-01
-4.69605356e-01
-4.69133884e-01
-4.68657970e-01
-4.68177676e-01
-4.67693001e-01
-4.67203945e-01
-4.66710508e-01
-4.66212690e-01
-4.65710491e-01
-4.65203911e-01
-4.64692950e-01
-4.64177579e-01
-4.63657856e-01
-4.63133723e-01
-4.62605238e-01
-4.62072372e-01
-4.61535215e-01
-4.60993707e-01
-4.60447878e-01
-4.59897727e-01
-4.59343255e-01
-4.58784461e-01
-4.58221346e-01
-4.57653910e-01
-4.57082152e-01
-4.56506073e-01
-4.55925673e-01
-4.55341011e-01
-4.54752088e-01
-4.54158902e-01
-4.53561455e-01
-4.52959746e-01
-4.52353805e-01
-4.51743573e-01
-4.51129109e-01
-4.50510353e-01
-4.49887365e-01
-4.49260086e-01
-4.48628634e-01
-4.47992951e-01
-4.47353095e-01
-4.46709007e-01
-4.46060747e-01
-4.45408285e-01
-4.44751620e-01
-4.44090754e-01
-4.43425685e-01
-4.42756474e-01
-4.42083120e-01
-4.41405624e-01
-4.40723985e-01
-4.40038204e-01
-4.39348251e-01
-4.38654184e-01
-4.37955946e-01
-4.37253594e-01
-4.36547101e-01
-4.35836554e-01
-4.35121894e-01
-4.34403181e-01
-4.33680356e-01
-4.32953477e-01
-4.32222486e-01
-4.31487441e-01
-4.30748284e-01
-4.30005103e-01
-4.29257929e-01
-4.28506702e-01
-4.27751482e-01
-4.26992208e-01
-4.26228940e-01
-4.25461620e-01
-4.24690306e-01
-4.23914969e-01
-4.23135698e-01
-4.22352433e-01
-4.21565205e-01
-4.20774013e-01
-4.19978857e-01
-4.19179738e-01
-4.18376654e-01
-4.17569637e-01
-4.16758686e-01
-4.15943861e-01
-4.15125102e-01
-4.14302468e-01
-4.13475901e-01
-4.12645459e-01
-4.11811084e-01
-4.10972893e-01
-4.10130829e-01
-4.09284949e-01
-4.08435196e-01
-4.07581627e-01
-4.06724185e-01
-4.05862927e-01
-4.04997826e-01
-4.04128939e-01
-4.03256267e-01
-4.02379811e-01
-4.01499569e-01
-4.00615543e-01
-3.99727732e-01
-3.98836166e-01
-3.97940844e-01
-3.97041798e-01
-3.96139026e-01
-3.95232528e-01
-3.94322306e-01
-3.93408358e-01
-3.92490685e-01
-3.91569346e-01
-3.90644342e-01
-3.89715672e-01
-3.88783336e-01
-3.87847334e-01
-3.86907697e-01
-3.85964364e-01
-3.85017455e-01
-3.84066910e-01
-3.83112758e-01
-3.82155001e-01
-3.81193638e-01
-3.80228668e-01
-3.79260153e-01
-3.78288090e-01
-3.77312481e-01
-3.76333326e-01
-3.75350624e-01
-3.74364346e-01
-3.73374552e-01
-3.72381270e-01
-3.71384501e-01
-3.70384246e-01
-3.69380504e-01
-3.68373275e-01
-3.67362559e-01
-3.66348416e-01
-3.65330845e-01
-3.64309847e-01
-3.63285422e-01
-3.62257570e-01
-3.61226290e-01
-3.60191584e-01
-3.59153539e-01
-3.58112127e-01
-3.57067347e-01
-3.56019199e-01
-3.54967684e-01
-3.53912801e-01
-3.52854609e-01
-3.51793140e-01
-3.50728333e-01
-3.49660248e-01
-3.48588824e-01
-3.47514123e-01
-3.46436173e-01
-3.45354974e-01
-3.44270527e-01
-3.43182832e-01
-3.42091918e-01
-3.40997785e-01
-3.39900464e-01
-3.38799953e-01
-3.37696254e-01
-3.36589366e-01
-3.35479289e-01
-3.34366083e-01
-3.33249748e-01
-3.32130283e-01
-3.31007689e-01
-3.29881966e-01
-3.28753144e-01
-3.27621222e-01
-3.26486260e-01
-3.25348198e-01
-3.24207097e-01
-3.23062897e-01
-3.21915686e-01
-3.20765436e-01
-3.19612205e-01
-3.18455935e-01
-3.17296684e-01
-3.16134423e-01
-3.14969182e-01
-3.13801020e-01
-3.12629879e-01
-3.11455816e-01
-3.10278773e-01
-3.09098870e-01
-3.07916045e-01
-3.06730360e-01
-3.05541754e-01
-3.04350287e-01
-3.03155959e-01
-3.01958770e-01
-3.00758779e-01
-2.99555928e-01
-2.98350275e-01
-2.97141761e-01
-2.95930505e-01
-2.94716448e-01
-2.93499649e-01
-2.92280048e-01
-2.91057706e-01
-2.89832652e-01
-2.88604856e-01
-2.87374377e-01
-2.86141157e-01
-2.84905255e-01
-2.83666641e-01
-2.82425404e-01
-2.81181514e-01
-2.79934973e-01
-2.78685778e-01
-2.77433991e-01
-2.76179582e-01
-2.74922609e-01
-2.73663014e-01
-2.72400856e-01
-2.71136075e-01
-2.69868791e-01
-2.68598974e-01
-2.67326623e-01
-2.66051739e-01
-2.64774323e-01
-2.63494462e-01
-2.62212098e-01
-2.60927290e-01
-2.59639978e-01
-2.58350283e-01
-2.57058144e-01
-2.55763620e-01
-2.54466653e-01
-2.53167272e-01
-2.51865536e-01
-2.50561476e-01
-2.49255031e-01
-2.47946262e-01
-2.46635154e-01
-2.45321736e-01
-2.44005993e-01
-2.42687970e-01
-2.41367653e-01
-2.40045071e-01
-2.38720238e-01
-2.37393141e-01
-2.36063838e-01
-2.34732300e-01
-2.33398542e-01
-2.32062608e-01
-2.30724469e-01
-2.29384184e-01
-2.28041723e-01
-2.26697147e-01
-2.25350425e-01
-2.24001586e-01
-2.22650632e-01
-2.21297607e-01
-2.19942480e-01
-2.18585297e-01
-2.17226043e-01
-2.15864763e-01
-2.14501426e-01
-2.13136092e-01
-2.11768731e-01
-2.10399404e-01
-2.09028095e-01
-2.07654819e-01
-2.06279606e-01
-2.04902425e-01
-2.03523338e-01
-2.02142328e-01
-2.00759426e-01
-1.99374631e-01
-1.97987959e-01
-1.96599439e-01
-1.95209056e-01
-1.93816841e-01
-1.92422792e-01
-1.91026941e-01
-1.89629287e-01
-1.88229859e-01
-1.86828658e-01
-1.85425714e-01
-1.84021026e-01
-1.82614595e-01
-1.81206450e-01
-1.79796591e-01
-1.78385049e-01
-1.76971838e-01
-1.75556958e-01
-1.74140424e-01
-1.72722265e-01
-1.71302482e-01
-1.69881076e-01
-1.68458074e-01
-1.67033479e-01
-1.65607318e-01
-1.64179608e-01
-1.62750348e-01
-1.61319554e-01
-1.59887254e-01
-1.58453450e-01
-1.57018155e-01
-1.55581385e-01
-1.54143155e-01
-1.52703464e-01
-1.51262328e-01
-1.49819776e-01
-1.48375824e-01
-1.46930471e-01
-1.45483732e-01
-1.44035637e-01
-1.42586201e-01
-1.41135409e-01
-1.39683291e-01
-1.38229847e-01
-1.36775106e-01
-1.35319069e-01
-1.33861765e-01
-1.32403210e-01
-1.30943403e-01
-1.29482374e-01
-1.28020123e-01
-1.26556665e-01
-1.25092030e-01
-1.23626217e-01
-1.22159243e-01
-1.20691121e-01
-1.19221859e-01
-1.17751479e-01
-1.16279989e-01
-1.14807397e-01
-1.13333732e-01
-1.11859001e-01
-1.10383220e-01
-1.08906396e-01
-1.07428558e-01
-1.05949707e-01
-1.04469866e-01
-1.02989048e-01
-1.01507261e-01
-1.00024514e-01
-9.85408202e-02
-9.70562026e-02
-9.55706686e-02
-9.40842330e-02
-9.25969109e-02
-9.11087245e-02
-8.96196738e-02
-8.81297812e-02
-8.66390690e-02
-8.51475373e-02
-8.36552083e-02
-8.21620896e-02
-8.06682110e-02
-7.91735724e-02
-7.76781961e-02
-7.61820897e-02
-7.46852607e-02
-7.31877312e-02
-7.16895089e-02
-7.01906085e-02
-6.86910450e-02
-6.71908408e-02
-6.56900033e-02
-6.41885474e-02
-6.26864806e-02
-6.11838326e-02
-5.96806072e-02
-5.81768155e-02
-5.66724800e-02
-5.51676117e-02
-5.36622256e-02
-5.21563366e-02
-5.06499596e-02
-4.91431095e-02
-4.76357937e-02
-4.61280271e-02
-4.46198247e-02
-4.31112014e-02
-4.16021720e-02
-4.00927514e-02
-3.85829546e-02
-3.70727964e-02
-3.55622955e-02
-3.40514593e-02
-3.25403102e-02
-3.10288481e-02
-2.95170974e-02
-2.80050673e-02
-2.64927763e-02
-2.49802358e-02
-2.34674606e-02
-2.19544619e-02
-2.04412583e-02
-1.89278610e-02
-1.74142886e-02
-1.59005523e-02
-1.43866651e-02
-1.28726438e-02
-1.13585005e-02
-9.84425005e-03
-8.32990743e-03
-6.81548566e-03
-5.30099962e-03
-3.78646399e-03
-2.27189274e-03
-7.57299946e-04
7.57299946e-04
2.27189274e-03
