-1.12236070e-03
-3.74121417e-04
3.74121417e-04
1.12236070e-03
1.87058956e-03
2.61880062e-03
3.36698722e-03
4.11514193e-03
4.86325799e-03
5.61132794e-03
6.35934528e-03
7.10730301e-03
7.85519369e-03
8.60301126e-03
9.35074780e-03
1.00983949e-02
1.08459489e-02
1.15934005e-02
1.23407431e-02
1.30879693e-02
1.38350716e-02
1.45820444e-02
1.53288804e-02
1.60755720e-02
1.68221127e-02
1.75684951e-02
1.83147117e-02
1.90607551e-02
1.98066179e-02
2.05522943e-02
2.12977789e-02
2.20430642e-02
2.27881428e-02
2.35330071e-02
2.42776498e-02
2.50220634e-02
2.57662386e-02
2.65101716e-02
2.72538569e-02
2.79972870e-02
2.87404545e-02
2.94833519e-02
3.02259717e-02
3.09683066e-02
3.17103490e-02
3.24520916e-02
3.31935249e-02
3.39346491e-02
3.46754566e-02
3.54159400e-02
3.61560918e-02
3.68959010e-02
3.76353674e-02
3.83744761e-02
3.91132273e-02
3.98516096e-02
4.05896157e-02
4.13272381e-02
4.20644693e-02
4.28013057e-02
4.35377359e-02
4.42737602e-02
4.50093634e-02
4.57445495e-02
4.64793071e-02
4.72136252e-02
4.79475036e-02
4.86809276e-02
4.94138934e-02
5.01463972e-02
5.08784279e-02
5.16099781e-02
5.23410402e-02
5.30716106e-02
5.38016781e-02
5.45312464e-02
5.52603006e-02
5.59888370e-02
5.67168444e-02
5.74443229e-02
5.81712611e-02
5.88976517e-02
5.96234873e-02
6.03487603e-02
6.10734634e-02
6.17975928e-02
6.25211373e-02
6.32440969e-02
6.39664680e-02
6.46882355e-02
6.54093996e-02
6.61299452e-02
6.68498650e-02
6.75691590e-02
6.82878196e-02
6.90058321e-02
6.97231963e-02
7.04399124e-02
7.11559653e-02
7.18713477e-02
7.25860521e-02
7.33000711e-02
7.40134045e-02
7.47260451e-02
7.54379779e-02
7.61492029e-02
7.68597052e-02
7.75694847e-02
7.82785341e-02
7.89868459e-02
7.96944126e-02
8.04012343e-02
8.11073035e-02
8.18126053e-02
8.25171396e-02
8.32208917e-02
8.39238614e-02
8.46260414e-02
8.53274241e-02
8.60280022e-02
8.67277756e-02
8.74267370e-02
8.81248713e-02
8.88221785e-02
8.95186439e-02
9.02142674e-02
9.09090415e-02
9.16029587e-02
9.22960192e-02
9.29882079e-02
9.36795250e-02
9.43699554e-02
9.50594991e-02
9.57481563e-02
9.64359120e-02
9.71227661e-02
9.78087038e-02
9.84937251e-02
9.91778150e-02
9.98609737e-02
1.00543186e-01
1.01224452e-01
1.01904772e-01
1.02584131e-01
1.03262536e-01
1.03939958e-01
1.04616404e-01
1.05291866e-01
1.05966330e-01
1.06639810e-01
1.07312277e-01
1.07983738e-01
1.08654179e-01
1.09323606e-01
1.09991997e-01
1.10659361e-01
1.11325681e-01
1.11990958e-01
1.12655178e-01
1.13318339e-01
1.13980427e-01
1.14641458e-01
1.15301400e-01
1.15960270e-01
1.16618037e-01
1.17274716e-01
1.17930293e-01
1.18584760e-01
1.19238108e-01
1.19890340e-01
1.20541446e-01
1.21191412e-01
1.21840239e-01
1.22487925e-01
1.23134449e-01
1.23779818e-01
1.24424018e-01
1.25067055e-01
1.25708923e-01
1.26349598e-01
1.26989111e-01
1.27627417e-01
1.28264502e-01
1.28900394e-01
1.29535064e-01
1.30168542e-01
1.30800769e-01
1.31431773e-01
1.32061526e-01
1.32690057e-01
1.33317351e-01
1.33943379e-01
1.34568140e-01
1.35191619e-01
1.35813847e-01
1.36434793e-01
1.37054458e-01
1.37672812e-01
1.38289884e-01
1.38905659e-01
1.39520139e-01
1.40133291e-01
1.40745118e-01
1.41355619e-01
1.41964793e-01
1.42572641e-01
1.43179163e-01
1.43784314e-01
1.44388109e-01
1.44990548e-01
1.45591632e-01
1.46191359e-01
1.46789700e-01
1.47386655e-01
1.47982225e-01
1.48576409e-01
1.49169207e-01
1.49760604e-01
1.50350571e-01
1.50939122e-01
1.51526257e-01
1.52111977e-01
1.52696267e-01
1.53279111e-01
1.53860509e-01
1.54440463e-01
1.55018955e-01
1.55596018e-01
1.56171590e-01
1.56745702e-01
1.57318339e-01
1.57889500e-01
1.58459187e-01
1.59027368e-01
1.59594044e-01
1.60159230e-01
1.60722896e-01
1.61285073e-01
1.61845729e-01
1.62404865e-01
1.62962452e-01
1.63518518e-01
1.64073035e-01
1.64626017e-01
1.65177464e-01
1.65727347e-01
1.66275680e-01
1.66822433e-01
1.67367637e-01
1.67911261e-01
1.68453321e-01
1.68993771e-01
1.69532642e-01
1.70069903e-01
1.70605585e-01
1.71139672e-01
1.71672136e-01
1.72202975e-01
1.72732174e-01
1.73259765e-01
1.73785716e-01
1.74310058e-01
1.74832731e-01
1.75353765e-01
1.75873131e-01
1.76390857e-01
1.76906928e-01
1.77421346e-01
1.77934110e-01
1.78445175e-01
1.78954571e-01
1.79462269e-01
1.79968297e-01
1.80472627e-01
1.80975273e-01
1.81476191e-01
1.81975409e-01
1.82472900e-01
1.82968691e-01
1.83462754e-01
1.83955118e-01
1.84445739e-01
1.84934616e-01
1.85421735e-01
1.85907125e-01
1.86390758e-01
1.86872661e-01
1.87352806e-01
1.87831193e-01
1.88307792e-01
1.88782632e-01
1.89255685e-01
1.89726979e-01
1.90196499e-01
1.90664217e-01
1.91130131e-01
1.91594243e-01
1.92056552e-01
1.92517057e-01
1.92975760e-01
1.93432644e-01
1.93887711e-01
1.94340944e-01
1.94792345e-01
1.95241913e-01
1.95689648e-01
1.96135551e-01
1.96579620e-01
1.97021827e-01
1.97462171e-01
1.97900653e-01
1.98337272e-01
1.98772028e-01
1.99204922e-01
1.99635953e-01
2.00065121e-01
2.00492382e-01
2.00917765e-01
2.01341242e-01
2.01762825e-01
2.02182516e-01
2.02600315e-01
2.03016222e-01
2.03430206e-01
2.03842267e-01
2.04252407e-01
2.04660624e-01
2.05066934e-01
2.05471307e-01
2.05873773e-01
2.06274286e-01
2.06672862e-01
2.07069471e-01
2.07464129e-01
2.07856834e-01
2.08247587e-01
2.08636388e-01
2.09023237e-01
2.09408119e-01
2.09791034e-01
2.10171953e-01
2.10550904e-01
2.10927859e-01
2.11302847e-01
2.11675838e-01
2.12046862e-01
2.12415889e-01
2.12782919e-01
2.13147923e-01
2.13510931e-01
2.13871911e-01
2.14230895e-01
2.14587852e-01
2.14942813e-01
2.15295747e-01
2.15646684e-01
2.15995565e-01
2.16342419e-01
2.16687217e-01
2.17029989e-01
2.17370704e-01
2.17709392e-01
2.18046024e-01
2.18380630e-01
2.18713179e-01
2.19043672e-01
2.19372079e-01
2.19698429e-01
2.20022693e-01
2.20344901e-01
2.20665023e-01
2.20983088e-01
2.21299067e-01
2.21612990e-01
2.21924841e-01
2.22234592e-01
2.22542241e-01
2.22847775e-01
2.23151222e-01
2.23452553e-01
2.23751798e-01
2.24048927e-01
2.24343970e-01
2.24636897e-01
2.24927738e-01
2.25216433e-01
2.25503013e-01
2.25787446e-01
2.26069763e-01
2.26349935e-01
2.26627991e-01
2.26903901e-01
2.27177694e-01
2.27449358e-01
2.27718890e-01
2.27986291e-01
2.28251547e-01
2.28514642e-01
2.28775576e-01
2.29034364e-01
2.29290977e-01
2.29545444e-01
2.29797736e-01
2.30047882e-01
2.30295852e-01
2.30541676e-01
2.30785325e-01
2.31026828e-01
2.31266156e-01
2.31503308e-01
2.31738254e-01
2.31971025e-01
2.32201591e-01
2.32429981e-01
2.32656181e-01
2.32880190e-01
2.33102009e-01
2.33321637e-01
2.33539075e-01
2.33754322e-01
2.33967379e-01
2.34178245e-01
2.34386921e-01
2.34593391e-01
2.34797642e-01
2.34999657e-01
2.35199466e-01
2.35397041e-01
2.35592410e-01
2.35785544e-01
2.35976472e-01
2.36165166e-01
2.36351654e-01
2.36535907e-01
2.36717954e-01
2.36897767e-01
2.37075374e-01
2.37250745e-01
2.37423912e-01
2.37594843e-01
2.37763539e-01
2.37929970e-01
2.38094166e-01
2.38256097e-01
2.38415793e-01
2.38573223e-01
2.38728419e-01
2.38881350e-01
2.39032045e-01
2.39180475e-01
2.39326671e-01
2.39470601e-01
2.39612296e-01
2.39751726e-01
2.39888921e-01
2.40023851e-01
2.40156546e-01
2.40286976e-01
2.40415171e-01
2.40541101e-01
2.40664795e-01
2.40786210e-01
2.40905344e-01
2.41022199e-01
2.41136774e-01
2.41249070e-01
2.41359085e-01
2.41466820e-01
2.41572276e-01
2.41675451e-01
2.41776347e-01
2.41874963e-01
2.41971299e-01
2.42065355e-01
2.42157131e-01
2.42246628e-01
2.42333844e-01
2.42418781e-01
2.42501438e-01
2.42581815e-01
2.42659912e-01
2.42735729e-01
2.42809266e-01
2.42880523e-01
2.42949501e-01
2.43016198e-01
2.43080616e-01
2.43142754e-01
2.43202612e-01
2.43260190e-01
2.43315488e-01
2.43368506e-01
2.43419245e-01
2.43467718e-01
2.43513897e-01
2.43557796e-01
2.43599370e-01
2.43638650e-01
2.43675604e-01
2.43710265e-01
2.43742600e-01
2.43772641e-01
2.43800372e-01
2.43825808e-01
2.43848920e-01
2.43869737e-01
2.43888229e-01
2.43904427e-01
2.43918300e-01
2.43929878e-01
2.43939131e-01
2.43946090e-01
2.43950725e-01
2.43953064e-01
2.43953079e-01
2.43950799e-01
2.43946195e-01
2.43939295e-01
2.43930072e-01
2.43918553e-01
2.43904710e-01
2.43888572e-01
2.43870109e-01
2.43849352e-01
2.43826270e-01
2.43800893e-01
2.43773192e-01
2.43743196e-01
2.43710876e-01
2.43676260e-01
2.43639320e-01
2.43600085e-01
2.43558526e-01
2.43514672e-01
2.43468523e-01
2.43420109e-01
2.43369401e-01
2.43316427e-01
2.43261158e-01
2.43203625e-01
2.43143797e-01
2.43081689e-01
2.43017301e-01
2.42950633e-01
2.42881685e-01
2.42810458e-01
2.42736951e-01
2.42661163e-01
2.42583096e-01
2.42502749e-01
2.42420122e-01
2.42335215e-01
2.42248029e-01
2.42158562e-01
2.42066815e-01
2.41972789e-01
2.41876483e-01
2.41777897e-01
2.41677031e-01
2.41573885e-01
2.41468459e-01
2.41360754e-01
2.41250768e-01
2.41138503e-01
2.41023958e-01
2.40907133e-01
2.40788028e-01
2.40666643e-01
2.40542993e-01
2.40417093e-01
2.40288943e-01
2.40158543e-01
2.40025893e-01
2.39890993e-01
2.39753827e-01
2.39614427e-01
2.39472762e-01
2.39328861e-01
2.39182696e-01
2.39034295e-01
2.38883629e-01
2.38730729e-01
2.38575563e-01
2.38418162e-01
2.38258496e-01
2.38096595e-01
2.37932429e-01
2.37766027e-01
2.37597361e-01
2.37426460e-01
2.37253323e-01
2.37077981e-01
2.36900404e-01
2.36720622e-01
2.36538604e-01
2.36354381e-01
2.36167923e-01
2.35979259e-01
2.35788360e-01
2.35595256e-01
2.35399917e-01
2.35202372e-01
2.35002592e-01
2.34800607e-01
2.34596387e-01
2.34389961e-01
2.34181315e-01
2.33970478e-01
2.33757451e-01
2.33542234e-01
2.33324826e-01
2.33105227e-01
2.32883438e-01
2.32659459e-01
2.32433289e-01
2.32204929e-01
2.31974378e-01
2.31741652e-01
2.31506720e-01
2.31269613e-01
2.31030300e-01
2.30788842e-01
2.30545208e-01
2.30299428e-01
2.30051473e-01
2.29801372e-01
2.29549095e-01
2.29294673e-01
2.29038075e-01
2.28779331e-01
2.28518412e-01
2.28255346e-01
2.27990106e-01
2.27722734e-01
2.27453232e-01
2.27181599e-01
2.26907834e-01
2.26631939e-01
2.26353914e-01
2.26073757e-01
2.25791469e-01
2.25507051e-01
2.25220501e-01
2.24931821e-01
2.24641025e-01
2.24348113e-01
2.24053100e-01
2.23755985e-01
2.23456770e-01
2.23155454e-01
2.22852036e-01
2.22546518e-01
2.22238898e-01
2.21929178e-01
2.21617356e-01
2.21303463e-01
2.20987499e-01
2.20669463e-01
2.20349357e-01
2.20027179e-01
2.19702929e-01
2.19376609e-01
2.19048217e-01
2.18717754e-01
2.18385205e-01
2.18050629e-01
2.17714012e-01
2.17375353e-01
2.17034653e-01
2.16691911e-01
2.16347128e-01
2.16000304e-01
2.15651438e-01
2.15300530e-01
2.14947611e-01
2.14592680e-01
2.14235738e-01
2.13876784e-01
2.13515803e-01
2.13152826e-01
2.12787822e-01
2.12420821e-01
2.12051794e-01
2.11680800e-01
2.11307809e-01
2.10932851e-01
2.10555896e-01
2.10176975e-01
2.09796071e-01
2.09413186e-01
2.09028319e-01
2.08641484e-01
2.08252698e-01
2.07861960e-01
2.07469270e-01
2.07074627e-01
2.06678033e-01
2.06279486e-01
2.05878988e-01
2.05476537e-01
2.05072179e-01
2.04665884e-01
2.04257682e-01
2.03847557e-01
2.03435510e-01
2.03021541e-01
2.02605650e-01
2.02187866e-01
2.01768190e-01
2.01346621e-01
2.00923160e-01
2.00497791e-01
2.00070545e-01
1.99641392e-01
1.99210376e-01
1.98777482e-01
1.98342741e-01
1.97906137e-01
1.97467670e-01
1.97027341e-01
1.96585149e-01
1.96141094e-01
1.95695207e-01
1.95247486e-01
1.94797933e-01
1.94346547e-01
1.93893313e-01
1.93438262e-01
1.92981362e-01
1.92522675e-01
1.92062184e-01
1.91599891e-01
1.91135794e-01
1.90669894e-01
1.90202191e-01
1.89732686e-01
1.89261407e-01
1.88788354e-01
1.88313529e-01
1.87836930e-01
1.87358558e-01
1.86878413e-01
1.86396524e-01
1.85912892e-01
1.85427517e-01
1.84940398e-01
1.84451535e-01
1.83960930e-01
1.83468595e-01
1.82974532e-01
1.82478756e-01
1.81981266e-01
1.81482062e-01
1.80981144e-01
1.80478513e-01
1.79974183e-01
1.79468170e-01
1.78960472e-01
1.78451091e-01
1.77940026e-01
1.77427277e-01
1.76912874e-01
1.76396802e-01
1.75879091e-01
1.75359711e-01
1.74838692e-01
1.74316004e-01
1.73791677e-01
1.73265710e-01
1.72738135e-01
1.72208920e-01
1.71678096e-01
1.71145648e-01
1.70611575e-01
1.70075908e-01
1.69538632e-01
1.68999776e-01
1.68459311e-01
1.67917266e-01
1.67373627e-01
1.66828439e-01
1.66281670e-01
1.65733352e-01
1.65183470e-01
1.64632022e-01
1.64079040e-01
1.63524523e-01
1.62968457e-01
1.62410870e-01
1.61851734e-01
1.61291078e-01
1.60728902e-01
1.60165235e-01
1.59600049e-01
1.59033373e-01
1.58465192e-01
1.57895505e-01
1.57324344e-01
1.56751707e-01
1.56177595e-01
1.55602023e-01
1.55024961e-01
1.54446468e-01
1.53866515e-01
1.53285116e-01
1.52702272e-01
1.52117983e-01
1.51532263e-01
1.50945112e-01
1.50356561e-01
1.49766579e-01
1.49175197e-01
1.48582384e-01
1.47988200e-01
1.47392616e-01
1.46795660e-01
1.46197319e-01
1.45597592e-01
1.44996509e-01
1.44394055e-01
1.43790260e-01
1.43185094e-01
1.42578587e-01
1.41970724e-01
1.41361549e-01
1.40751034e-01
1.40139207e-01
1.39526054e-01
1.38911575e-01
1.38295799e-01
1.37678728e-01
1.37060344e-01
1.36440679e-01
1.35819703e-01
1.35197476e-01
1.34573981e-01
1.33949220e-01
1.33323193e-01
1.32695898e-01
1.32067367e-01
1.31437600e-01
1.30806595e-01
1.30174354e-01
1.29540861e-01
1.28906175e-01
1.28270283e-01
1.27633184e-01
1.26994878e-01
1.26355380e-01
1.25714689e-01
1.25072822e-01
1.24429777e-01
1.23785563e-01
1.23140186e-01
1.22493654e-01
1.21845961e-01
1.21197127e-01
1.20547153e-01
1.19896039e-01
1.19243801e-01
1.18590437e-01
1.17935963e-01
1.17280379e-01
1.16623685e-01
1.15965903e-01
1.15307018e-01
1.14647061e-01
1.13986015e-01
1.13323905e-01
1.12660736e-01
1.11996494e-01
1.11331210e-01
1.10664867e-01
1.09997489e-01
1.09329075e-01
1.08659633e-01
1.07989170e-01
1.07317694e-01
1.06645204e-01
1.05971709e-01
1.05297223e-01
1.04621746e-01
1.03945278e-01
1.03267834e-01
1.02589421e-01
1.01910040e-01
1.01229697e-01
1.00548409e-01
9.98661742e-02
9.91830006e-02
9.84988883e-02
9.78138521e-02
9.71278921e-02
9.64410231e-02
9.57532451e-02
9.50645655e-02
9.43749994e-02
9.36845392e-02
9.29931998e-02
9.23009813e-02
9.16079059e-02
9.09139588e-02
9.02191624e-02
8.95235091e-02
8.88270214e-02
8.81296918e-02
8.74315277e-02
8.67325440e-02
8.60327482e-02
8.53321403e-02
8.46307352e-02
8.39285329e-02
8.32255334e-02
8.25217590e-02
8.18172023e-02
8.11118707e-02
8.04057792e-02
7.96989352e-02
7.89913386e-02
7.82830045e-02
7.75739327e-02
7.68641233e-02
7.61535987e-02
7.54423514e-02
7.47303963e-02
7.40177333e-02
7.33043775e-02
7.25903288e-02
7.18756020e-02
7.11601973e-02
7.04441220e-02
6.97273836e-02
6.90099970e-02
6.82919547e-02
6.75732717e-02
6.68539479e-02
6.61340058e-02
6.54134303e-02
6.46922439e-02
6.39704540e-02
6.32480606e-02
6.25250712e-02
6.18015006e-02
6.10773452e-02
6.03526160e-02
5.96273132e-02
5.89014515e-02
5.81750348e-02
5.74480705e-02
5.67205697e-02
5.59925288e-02
5.52639663e-02
5.45348860e-02
5.38052917e-02
5.30751944e-02
5.23445979e-02
5.16135097e-02
5.08819297e-02
5.01498766e-02
4.94173467e-02
4.86843511e-02
4.79508974e-02
4.72169928e-02
4.64826487e-02
4.57478650e-02
4.50126529e-02
4.42770161e-02
4.35409695e-02
4.28045094e-02
4.20676470e-02
4.13303860e-02
4.05927338e-02
3.98547016e-02
3.91162932e-02
3.83775122e-02
3.76383774e-02
3.68988812e-02
3.61590423e-02
3.54188643e-02
3.46783549e-02
3.39375176e-02
3.31963636e-02
3.24549004e-02
3.17131281e-02
3.09710596e-02
3.02286949e-02
2.94860471e-02
2.87431199e-02
2.79999245e-02
2.72564646e-02
2.65127514e-02
2.57687885e-02
2.50245836e-02
2.42801402e-02
2.35354695e-02
2.27905754e-02
2.20454689e-02
2.13001538e-02
2.05546413e-02
1.98089350e-02
1.90630425e-02
1.83169693e-02
1.75707228e-02
1.68243125e-02
1.60777420e-02
1.53310224e-02
1.45841567e-02
1.38371540e-02
1.30900219e-02
1.23427659e-02
1.15953935e-02
1.08479122e-02
1.01003302e-02
9.35265236e-03
8.60488694e-03
7.85703957e-03
7.10911956e-03
6.36113249e-03
5.61308535e-03
4.86498605e-03
4.11684019e-03
3.36865615e-03
2.62044021e-03
1.87219959e-03
1.12394139e-03
3.75672535e-04
-3.72599752e-04
-1.12086849e-03
-1.86912669e-03
-2.61736731e-03
-3.36558325e-03
-4.11376730e-03
-4.86191269e-03
-5.61001245e-03
-6.35805912e-03
-7.10604573e-03
-7.85396527e-03
-8.60181265e-03
-9.34957806e-03
-1.00972559e-02
-1.08448379e-02
-1.15923192e-02
-1.23396907e-02
-1.30869467e-02
-1.38340788e-02
-1.45810815e-02
-1.53279463e-02
-1.60746668e-02
-1.68212354e-02
-1.75676476e-02
-1.83138922e-02
-1.90599654e-02
-1.98058579e-02
-2.05515623e-02
-2.12970749e-02
-2.20423900e-02
-2.27874964e-02
-2.35323906e-02
-2.42770612e-02
-2.50215046e-02
-2.57657096e-02
-2.65096724e-02
-2.72533856e-02
-2.79968455e-02
-2.87400410e-02
-2.94829682e-02
-3.02256159e-02
-3.09679806e-02
-3.17100510e-02
-3.24518196e-02
-3.31932828e-02
-3.39344367e-02
-3.46752703e-02
-3.54157835e-02
-3.61559615e-02
-3.68958004e-02
-3.76352929e-02
-3.83744277e-02
-3.91132087e-02
-3.98516171e-02
-4.05896492e-02
-4.13273014e-02
-4.20645624e-02
-4.28014249e-02
-4.35378850e-02
-4.42739315e-02
-4.50095646e-02
-4.57447805e-02
-4.64795604e-02
-4.72139083e-02
-4.79478128e-02
-4.86812629e-02
-4.94142585e-02
-5.01467884e-02
-5.08788452e-02
-5.16104214e-02
-5.23415133e-02
-5.30721098e-02
-5.38022071e-02
-5.45317978e-02
-5.52608818e-02
-5.59894405e-02
-5.67174815e-02
-5.74449822e-02
-5.81719466e-02
-5.88983633e-02
-5.96242249e-02
-6.03495277e-02
-6.10742569e-02
-6.17984124e-02
-6.25219867e-02
-6.32449687e-02
-6.39673620e-02
-6.46891594e-02
-6.54103458e-02
-6.61309212e-02
-6.68508634e-02
-6.75701872e-02
-6.82888702e-02
-6.90069124e-02
-6.97242990e-02
-7.04410374e-02
-7.11571127e-02
-7.18725175e-02
-7.25872442e-02
-7.33012930e-02
-7.40146488e-02
-7.47273117e-02
-7.54392669e-02
-7.61505142e-02
-7.68610388e-02
-7.75708407e-02
-7.82799125e-02
-7.89882466e-02
-7.96958432e-02
-8.04026872e-02
-8.11087787e-02
-8.18141028e-02
-8.25186595e-02
-8.32224339e-02
-8.39254260e-02
-8.46276283e-02
-8.53290334e-02
-8.60296413e-02
-8.67294371e-02
-8.74284208e-02
-8.81265774e-02
-8.88239071e-02
-8.95203948e-02
-9.02160406e-02
-9.09108445e-02
-9.16047841e-02
-9.22978595e-02
-9.29900706e-02
-9.36814174e-02
-9.43718702e-02
-9.50614363e-02
-9.57501158e-02
-9.64378938e-02
-9.71247628e-02
-9.78107229e-02
-9.84957591e-02
-9.91798714e-02
-9.98630524e-02
-1.00545287e-01
-1.01226576e-01
-1.01906911e-01
-1.02586292e-01
-1.03264712e-01
-1.03942156e-01
-1.04618624e-01
-1.05294101e-01
-1.05968587e-01
-1.06642082e-01
-1.07314572e-01
-1.07986055e-01
-1.08656518e-01
-1.09325960e-01
-1.09994374e-01
-1.10661745e-01
-1.11328088e-01
-1.11993372e-01
-1.12657614e-01
-1.13320783e-01
-1.13982894e-01
-1.14643939e-01
-1.15303896e-01
-1.15962781e-01
-1.16620563e-01
-1.17277257e-01
-1.17932841e-01
-1.18587315e-01
-1.19240686e-01
-1.19892925e-01
-1.20544039e-01
-1.21194012e-01
-1.21842846e-01
-1.22490548e-01
-1.23137087e-01
-1.23782471e-01
-1.24426685e-01
-1.25069737e-01
-1.25711620e-01
-1.26352310e-01
-1.26991838e-01
-1.27630159e-01
-1.28267273e-01
-1.28903165e-01
-1.29537866e-01
-1.30171344e-01
-1.30803600e-01
-1.31434605e-01
-1.32064387e-01
-1.32692933e-01
-1.33320242e-01
-1.33946285e-01
-1.34571061e-01
-1.35194570e-01
-1.35816798e-01
-1.36437774e-01
-1.37057438e-01
-1.37675822e-01
-1.38292909e-01
-1.38908699e-01
-1.39523193e-01
-1.40136361e-01
-1.40748203e-01
-1.41358718e-01
-1.41967908e-01
-1.42575771e-01
-1.43182278e-01
-1.43787444e-01
-1.44391254e-01
-1.44993708e-01
-1.45594805e-01
-1.46194533e-01
-1.46792889e-01
-1.47389859e-01
-1.47985443e-01
-1.48579627e-01
-1.49172440e-01
-1.49763823e-01
-1.50353804e-01
-1.50942370e-01
-1.51529521e-01
-1.52115256e-01
-1.52699545e-01
-1.53282389e-01
-1.53863788e-01
-1.54443756e-01
-1.55022264e-01
-1.55599341e-01
-1.56174928e-01
-1.56749055e-01
-1.57321692e-01
-1.57892853e-01
-1.58462539e-01
-1.59030735e-01
-1.59597427e-01
-1.60162613e-01
-1.60726279e-01
-1.61288455e-01
-1.61849111e-01
-1.62408248e-01
-1.62965834e-01
-1.63521901e-01
-1.64076433e-01
-1.64629430e-01
-1.65180877e-01
-1.65730774e-01
-1.66279107e-01
-1.66825876e-01
-1.67371064e-01
-1.67914703e-01
-1.68456748e-01
-1.68997213e-01
-1.69536069e-01
-1.70073345e-01
-1.70609027e-01
-1.71143115e-01
-1.71675578e-01
-1.72206417e-01
-1.72735631e-01
-1.73263207e-01
-1.73789173e-01
-1.74313501e-01
-1.74836189e-01
-1.75357208e-01
-1.75876588e-01
-1.76394314e-01
-1.76910385e-01
-1.77424803e-01
-1.77937552e-01
-1.78448617e-01
-1.78957999e-01
-1.79465711e-01
-1.79971725e-01
-1.80476069e-01
-1.80978701e-01
-1.81479633e-01
-1.81978837e-01
-1.82476342e-01
-1.82972118e-01
-1.83466181e-01
-1.83958530e-01
-1.84449136e-01
-1.84937999e-01
-1.85425118e-01
-1.85910508e-01
-1.86394140e-01
-1.86876044e-01
-1.87356189e-01
-1.87834576e-01
-1.88311175e-01
-1.88786015e-01
-1.89259067e-01
-1.89730346e-01
-1.90199852e-01
-1.90667570e-01
-1.91133469e-01
-1.91597581e-01
-1.92059875e-01
-1.92520380e-01
-1.92979068e-01
-1.93435967e-01
-1.93891019e-01
-1.94344252e-01
-1.94795638e-01
-1.95245206e-01
-1.95692927e-01
-1.96138829e-01
-1.96582898e-01
-1.97025105e-01
-1.97465435e-01
-1.97903916e-01
-1.98340520e-01
-1.98775277e-01
-1.99208155e-01
-1.99639186e-01
-2.00068325e-01
-2.00495586e-01
-2.00920939e-01
-2.01344416e-01
-2.01765984e-01
-2.02185676e-01
-2.02603474e-01
-2.03019381e-01
-2.03433365e-01
-2.03845426e-01
-2.04255551e-01
-2.04663768e-01
-2.05070049e-01
-2.05474421e-01
-2.05876857e-01
-2.06277370e-01
-2.06675917e-01
-2.07072526e-01
-2.07467169e-01
-2.07859874e-01
-2.08250612e-01
-2.08639413e-01
-2.09026247e-01
-2.09411129e-01
-2.09794030e-01
-2.10174933e-01
-2.10553870e-01
-2.10930809e-01
-2.11305782e-01
-2.11678758e-01
-2.12049767e-01
-2.12418780e-01
-2.12785795e-01
-2.13150784e-01
-2.13513777e-01
-2.13874742e-01
-2.14233711e-01
-2.14590654e-01
-2.14945599e-01
-2.15298533e-01
-2.15649441e-01
-2.15998322e-01
-2.16345146e-01
-2.16689944e-01
-2.17032686e-01
-2.17373401e-01
-2.17712060e-01
-2.18048692e-01
-2.18383268e-01
-2.18715817e-01
-2.19046280e-01
-2.19374686e-01
-2.19701007e-01
-2.20025271e-01
-2.20347449e-01
-2.20667571e-01
-2.20985606e-01
-2.21301585e-01
-2.21615478e-01
-2.21927300e-01
-2.22237021e-01
-2.22544640e-01
-2.22850174e-01
-2.23153591e-01
-2.23454922e-01
-2.23754138e-01
-2.24051267e-01
-2.24346280e-01
-2.24639207e-01
-2.24930018e-01
-2.25218713e-01
-2.25505263e-01
-2.25789696e-01
-2.26071984e-01
-2.26352155e-01
-2.26630181e-01
-2.26906091e-01
-2.27179855e-01
-2.27451503e-01
-2.27721006e-01
-2.27988377e-01
-2.28253618e-01
-2.28516698e-01
-2.28777617e-01
-2.29036376e-01
-2.29292974e-01
-2.29547411e-01
-2.29799688e-01
-2.30049804e-01
-2.30297759e-01
-2.30543554e-01
-2.30787188e-01
-2.31028661e-01
-2.31267974e-01
-2.31505096e-01
-2.31740043e-01
-2.31972784e-01
-2.32203349e-01
-2.32431710e-01
-2.32657894e-01
-2.32881874e-01
-2.33103678e-01
-2.33323276e-01
-2.33540699e-01
-2.33755916e-01
-2.33968943e-01
-2.34179780e-01
-2.34388426e-01
-2.34594867e-01
-2.34799087e-01
-2.35001087e-01
-2.35200867e-01
-2.35398427e-01
-2.35593766e-01
-2.35786885e-01
-2.35977784e-01
-2.36166462e-01
-2.36352921e-01
-2.36537158e-01
-2.36719176e-01
-2.36898974e-01
-2.37076536e-01
-2.37251893e-01
-2.37425014e-01
-2.37595931e-01
-2.37764582e-01
-2.37930998e-01
-2.38095149e-01
-2.38257065e-01
-2.38416716e-01
-2.38574132e-01
-2.38729283e-01
-2.38882199e-01
-2.39032850e-01
-2.39181265e-01
-2.39327431e-01
-2.39471346e-01
-2.39613011e-01
-2.39752427e-01
-2.39889592e-01
-2.40024507e-01
-2.40157172e-01
-2.40287587e-01
-2.40415752e-01
-2.40541667e-01
-2.40665331e-01
-2.40786716e-01
-2.40905821e-01
-2.41022646e-01
-2.41137192e-01
-2.41249457e-01
-2.41359442e-01
-2.41467148e-01
-2.41572574e-01
-2.41675720e-01
-2.41776586e-01
-2.41875172e-01
-2.41971478e-01
-2.42065504e-01
-2.42157251e-01
-2.42246717e-01
-2.42333904e-01
-2.42418811e-01
-2.42501438e-01
-2.42581785e-01
-2.42659852e-01
-2.42735639e-01
-2.42809162e-01
-2.42880389e-01
-2.42949352e-01
-2.43016019e-01
-2.43080422e-01
-2.43142530e-01
-2.43202373e-01
-2.43259922e-01
-2.43315205e-01
-2.43368194e-01
-2.43418917e-01
-2.43467346e-01
-2.43513510e-01
-2.43557364e-01
-2.43598923e-01
-2.43638173e-01
-2.43675128e-01
-2.43709758e-01
-2.43742093e-01
-2.43772104e-01
-2.43799821e-01
-2.43825212e-01
-2.43848309e-01
-2.43869081e-01
-2.43887559e-01
-2.43903711e-01
-2.43917570e-01
-2.43929103e-01
-2.43938342e-01
-2.43945256e-01
-2.43949875e-01
-2.43952170e-01
-2.43952170e-01
-2.43949845e-01
-2.43945226e-01
-2.43938282e-01
-2.43929043e-01
-2.43917480e-01
-2.43903622e-01
-2.43887439e-01
-2.43868962e-01
-2.43848160e-01
-2.43825063e-01
-2.43799642e-01
-2.43771926e-01
-2.43741885e-01
-2.43709549e-01
-2.43674889e-01
-2.43637934e-01
-2.43598655e-01
-2.43557081e-01
-2.43513182e-01
-2.43467018e-01
-2.43418559e-01
-2.43367836e-01
-2.43314818e-01
-2.43259534e-01
-2.43201956e-01
-2.43142113e-01
-2.43079975e-01
-2.43015572e-01
-2.42948875e-01
-2.42879912e-01
-2.42808655e-01
-2.42735133e-01
-2.42659315e-01
-2.42581233e-01
-2.42500857e-01
-2.42418215e-01
-2.42333278e-01
-2.42246062e-01
-2.42156565e-01
-2.42064789e-01
-2.41970733e-01
-2.41874397e-01
-2.41775781e-01
-2.41674885e-01
-2.41571710e-01
-2.41466254e-01
-2.41358519e-01
-2.41248503e-01
-2.41136208e-01
-2.41021633e-01
-2.40904778e-01
-2.40785643e-01
-2.40664229e-01
-2.40540549e-01
-2.40414619e-01
-2.40286440e-01
-2.40156010e-01
-2.40023330e-01
-2.39888400e-01
-2.39751220e-01
-2.39611790e-01
-2.39470109e-01
-2.39326179e-01
-2.39179999e-01
-2.39031568e-01
-2.38880888e-01
-2.38727957e-01
-2.38572776e-01
-2.38415346e-01
-2.38255650e-01
-2.38093719e-01
-2.37929523e-01
-2.37763092e-01
-2.37594396e-01
-2.37423465e-01
-2.37250298e-01
-2.37074926e-01
-2.36897320e-01
-2.36717507e-01
-2.36535460e-01
-2.36351207e-01
-2.36164734e-01
-2.35976040e-01
-2.35785127e-01
-2.35591993e-01
-2.35396639e-01
-2.35199064e-01
-2.34999269e-01
-2.34797254e-01
-2.34593019e-01
-2.34386563e-01
-2.34177902e-01
-2.33967051e-01
-2.33754009e-01
-2.33538762e-01
-2.33321339e-01
-2.33101711e-01
-2.32879907e-01
-2.32655898e-01
-2.32429713e-01
-2.32201323e-01
-2.31970757e-01
-2.31737986e-01
-2.31503040e-01
-2.31265888e-01
-2.31026560e-01
-2.30785072e-01
-2.30541423e-01
-2.30295613e-01
-2.30047643e-01
-2.29797512e-01
-2.29545221e-01
-2.29290769e-01
-2.29034156e-01
-2.28775382e-01
-2.28514448e-01
-2.28251353e-01
-2.27986097e-01
-2.27718711e-01
-2.27449194e-01
-2.27177545e-01
-2.26903751e-01
-2.26627842e-01
-2.26349786e-01
-2.26069614e-01
-2.25787297e-01
-2.25502864e-01
-2.25216284e-01
-2.24927589e-01
-2.24636748e-01
-2.24343821e-01
-2.24048778e-01
-2.23751649e-01
-2.23452404e-01
-2.23151073e-01
-2.22847626e-01
-2.22542092e-01
-2.22234458e-01
-2.21924722e-01
-2.21612900e-01
-2.21298993e-01
-2.20983014e-01
-2.20664963e-01
-2.20344827e-01
-2.20022634e-01
-2.19698355e-01
-2.19372019e-01
-2.19043598e-01
-2.18713120e-01
-2.18380556e-01
-2.18045965e-01
-2.17709318e-01
-2.17370644e-01
-2.17029914e-01
-2.16687158e-01
-2.16342360e-01
-2.15995520e-01
-2.15646639e-01
-2.15295717e-01
-2.14942783e-01
-2.14587837e-01
-2.14230880e-01
-2.13871911e-01
-2.13510916e-01
-2.13147923e-01
-2.12782905e-01
-2.12415889e-01
-2.12046847e-01
-2.11675838e-01
-2.11302832e-01
-2.10927859e-01
-2.10550889e-01
-2.10171953e-01
-2.09791034e-01
-2.09408134e-01
-2.09023252e-01
-2.08636403e-01
-2.08247602e-01
-2.07856849e-01
-2.07464144e-01
-2.07069486e-01
-2.06672877e-01
-2.06274316e-01
-2.05873817e-01
-2.05471367e-01
-2.05066994e-01
-2.04660699e-01
-2.04252481e-01
-2.03842342e-01
-2.03430280e-01
-2.03016296e-01
-2.02600390e-01
-2.02182591e-01
-2.01762900e-01
-2.01341316e-01
-2.00917840e-01
-2.00492471e-01
-2.00065210e-01
-1.99636072e-01
-1.99205041e-01
-1.98772147e-01
-1.98337391e-01
-1.97900772e-01
-1.97462291e-01
-1.97021946e-01
-1.96579739e-01
-1.96135670e-01
-1.95689768e-01
-1.95242032e-01
-1.94792464e-01
-1.94341063e-01
-1.93887845e-01
-1.93432778e-01
-1.92975894e-01
-1.92517191e-01
-1.92056701e-01
-1.91594392e-01
-1.91130280e-01
-1.90664366e-01
-1.90196648e-01
-1.89727142e-01
-1.89255863e-01
-1.88782796e-01
-1.88307971e-01
-1.87831357e-01
-1.87352985e-01
-1.86872825e-01
-1.86390936e-01
-1.85907289e-01
-1.85421914e-01
-1.84934780e-01
-1.84445918e-01
-1.83955312e-01
-1.83462963e-01
-1.82968900e-01
-1.82473123e-01
-1.81975618e-01
-1.81476414e-01
-1.80975482e-01
-1.80472851e-01
-1.79968506e-01
-1.79462492e-01
-1.78954780e-01
-1.78445399e-01
-1.77934334e-01
-1.77421585e-01
-1.76907167e-01
-1.76391110e-01
-1.75873384e-01
-1.75354019e-01
-1.74832985e-01
-1.74310312e-01
-1.73785970e-01
-1.73260018e-01
-1.72732428e-01
-1.72203228e-01
-1.71672389e-01
-1.71139941e-01
-1.70605868e-01
-1.70070186e-01
-1.69532925e-01
-1.68994054e-01
-1.68453604e-01
-1.67911544e-01
-1.67367920e-01
-1.66822717e-01
-1.66275963e-01
-1.65727645e-01
-1.65177763e-01
-1.64626315e-01
-1.64073333e-01
-1.63518816e-01
-1.62962765e-01
-1.62405178e-01
-1.61846042e-01
-1.61285385e-01
-1.60723209e-01
-1.60159543e-01
-1.59594372e-01
-1.59027696e-01
-1.58459514e-01
-1.57889828e-01
-1.57318667e-01
-1.56746045e-01
-1.56171933e-01
-1.55596361e-01
-1.55019298e-01
-1.54440805e-01
-1.53860852e-01
-1.53279468e-01
-1.52696624e-01
-1.52112335e-01
-1.51526615e-01
-1.50939479e-01
-1.50350928e-01
-1.49760962e-01
-1.49169579e-01
-1.48576796e-01
-1.47982612e-01
-1.47387043e-01
-1.46790087e-01
-1.46191746e-01
-1.45592019e-01
-1.44990936e-01
-1.44388497e-01
-1.43784702e-01
-1.43179551e-01
-1.42573059e-01
-1.41965210e-01
-1.41356036e-01
-1.40745535e-01
-1.40133709e-01
-1.39520556e-01
-1.38906077e-01
-1.38290316e-01
-1.37673244e-01
-1.37054890e-01
-1.36435226e-01
-1.35814279e-01
-1.35192052e-01
-1.34568572e-01
-1.33943811e-01
-1.33317798e-01
-1.32690519e-01
-1.32061988e-01
-1.31432235e-01
-1.30801231e-01
-1.30169004e-01
-1.29535526e-01
-1.28900856e-01
-1.28264964e-01
-1.27627879e-01
-1.26989588e-01
-1.26350090e-01
-1.25709400e-01
-1.25067547e-01
-1.24424510e-01
-1.23780310e-01
-1.23134941e-01
-1.22488417e-01
-1.21840745e-01
-1.21191919e-01
-1.20541953e-01
-1.19890854e-01
-1.19238622e-01
-1.18585274e-01
-1.17930807e-01
-1.17275238e-01
-1.16618559e-01
-1.15960784e-01
-1.15301915e-01
-1.14641964e-01
-1.13980934e-01
-1.13318838e-01
-1.12655677e-01
-1.11991458e-01
-1.11326180e-01
-1.10659853e-01
-1.09992489e-01
-1.09324098e-01
-1.08654670e-01
-1.07984222e-01
-1.07312754e-01
-1.06640279e-01
-1.05966806e-01
-1.05292335e-01
-1.04616873e-01
-1.03940420e-01
-1.03262991e-01
-1.02584593e-01
-1.01905227e-01
-1.01224907e-01
-1.00543633e-01
-9.98614132e-02
-9.91782546e-02
-9.84941572e-02
-9.78091359e-02
-9.71231982e-02
-9.64363366e-02
-9.57485810e-02
-9.50599164e-02
-9.43703651e-02
-9.36799347e-02
-9.29886103e-02
-9.22964215e-02
-9.16033611e-02
-9.09094438e-02
-9.02146623e-02
-8.95190388e-02
-8.88225660e-02
-8.81252587e-02
-8.74271169e-02
-8.67281556e-02
-8.60283747e-02
-8.53277966e-02
-8.46264064e-02
-8.39242265e-02
-8.32212493e-02
-8.25174972e-02
-8.18129629e-02
-8.11076537e-02
-8.04015845e-02
-7.96947554e-02
-7.89871886e-02
-7.82788694e-02
-7.75698200e-02
-7.68600330e-02
-7.61495307e-02
-7.54383057e-02
-7.47263655e-02
-7.40137249e-02
-7.33003840e-02
-7.25863650e-02
-7.18716532e-02
-7.11562708e-02
-7.04402104e-02
-6.97234944e-02
-6.90061301e-02
-6.82881102e-02
-6.75694495e-02
-6.68501481e-02
-6.61302283e-02
-6.54096752e-02
-6.46885112e-02
-6.39667362e-02
-6.32443652e-02
-6.25214055e-02
-6.17978536e-02
-6.10737205e-02
-6.03490137e-02
-5.96237369e-02
-5.88978976e-02
-5.81715032e-02
-5.74445650e-02
-5.67170829e-02
-5.59890680e-02
-5.52605316e-02
-5.45314699e-02
-5.38019016e-02
-5.30718267e-02
-5.23412563e-02
-5.16101904e-02
-5.08786365e-02
-5.01466021e-02
-4.94140983e-02
-4.86811250e-02
-4.79476973e-02
-4.72138189e-02
-4.64794934e-02
-4.57447357e-02
-4.50095460e-02
-4.42739353e-02
-4.35379110e-02
-4.28014770e-02
-4.20646369e-02
-4.13274020e-02
-4.05897759e-02
-3.98517661e-02
-3.91133800e-02
-3.83746289e-02
-3.76355127e-02
-3.68960463e-02
-3.61562297e-02
-3.54160778e-02
-3.46755907e-02
-3.39347795e-02
-3.31936516e-02
-3.24522108e-02
-3.17104682e-02
-3.09684239e-02
-3.02260853e-02
-2.94834636e-02
-2.87405625e-02
-2.79973932e-02
-2.72539593e-02
-2.65102722e-02
-2.57663354e-02
-2.50221565e-02
-2.42777392e-02
-2.35330947e-02
-2.27882266e-02
-2.20431462e-02
-2.12978572e-02
-2.05523707e-02
-1.98066924e-02
-1.90608259e-02
-1.83147807e-02
-1.75685622e-02
-1.68221761e-02
-1.60756335e-02
-1.53289391e-02
-1.45821003e-02
-1.38351237e-02
-1.30880186e-02
-1.23407897e-02
-1.15934443e-02
-1.08459899e-02
-1.00984341e-02
-9.35078319e-03
-8.60304385e-03
-7.85522349e-03
-7.10733002e-03
-6.35936949e-03
-5.61134936e-03
-4.86327615e-03
-4.11515730e-03
-3.36699979e-03
-2.61881039e-03
-1.87059655e-03
-1.12236489e-03
-3.74122814e-04
3.74122814e-04
1.12236489e-03
