-4.05076239e-03
-1.34447019e-03
1.34447019e-03
4.05076239e-03
6.80466695e-03
9.62489937e-03
1.25159146e-02
1.54700000e-02
1.84724219e-02
2.15070285e-02
2.45602299e-02
2.76226345e-02
3.06888036e-02
3.37560922e-02
3.68234441e-02
3.98905091e-02
4.29571979e-02
4.60234731e-02
4.90893163e-02
5.21546900e-02
5.52195720e-02
5.82839362e-02
6.13477528e-02
6.44109920e-02
6.74736202e-02
7.05356225e-02
7.35969618e-02
7.66576082e-02
7.97175318e-02
8.27767029e-02
8.58350918e-02
8.88926685e-02
9.19494033e-02
9.50052738e-02
9.80602503e-02
1.01114295e-01
1.04167394e-01
1.07219510e-01
1.10270619e-01
1.13320693e-01
1.16369694e-01
1.19417600e-01
1.22464381e-01
1.25510007e-01
1.28554463e-01
1.31597698e-01
1.34639695e-01
1.37680441e-01
1.40719861e-01
1.43757984e-01
1.46794736e-01
1.49830103e-01
1.52864069e-01
1.55896589e-01
1.58927634e-01
1.61957175e-01
1.64985195e-01
1.68011665e-01
1.71036541e-01
1.74059808e-01
1.77081436e-01
1.80101395e-01
1.83119655e-01
1.86136186e-01
1.89150974e-01
1.92163974e-01
1.95175186e-01
1.98184535e-01
2.01192036e-01
2.04197645e-01
2.07201317e-01
2.10203037e-01
2.13202789e-01
2.16200531e-01
2.19196230e-01
2.22189859e-01
2.25181386e-01
2.28170797e-01
2.31158048e-01
2.34143123e-01
2.37125993e-01
2.40106642e-01
2.43085012e-01
2.46061102e-01
2.49034867e-01
2.52006292e-01
2.54975379e-01
2.57942021e-01
2.60906279e-01
2.63868034e-01
2.66827315e-01
2.69784063e-01
2.72738308e-01
2.75689930e-01
2.78638989e-01
2.81585425e-01
2.84529179e-01
2.87470281e-01
2.90408641e-01
2.93344289e-01
2.96277195e-01
2.99207300e-01
3.02134573e-01
3.05059016e-01
3.07980567e-01
3.10899228e-01
3.13814968e-01
3.16727728e-01
3.19637507e-01
3.22544277e-01
3.25448006e-01
3.28348666e-01
3.31246257e-01
3.34140718e-01
3.37032020e-01
3.39920163e-01
3.42805088e-01
3.45686793e-01
3.48565221e-01
3.51440370e-01
3.54312211e-01
3.57180744e-01
3.60045880e-01
3.62907648e-01
3.65765959e-01
3.68620843e-01
3.71472239e-01
3.74320179e-01
3.77164543e-01
3.80005389e-01
3.82842630e-01
3.85676295e-01
3.88506293e-01
3.91332626e-01
3.94155294e-01
3.96974236e-01
3.99789453e-01
4.02600914e-01
4.05408561e-01
4.08212364e-01
4.11012352e-01
4.13808465e-01
4.16600674e-01
4.19388980e-01
4.22173321e-01
4.24953699e-01
4.27730054e-01
4.30502355e-01
4.33270603e-01
4.36034799e-01
4.38794881e-01
4.41550821e-01
4.44302589e-01
4.47050184e-01
4.49793577e-01
4.52532738e-01
4.55267638e-01
4.57998246e-01
4.60724533e-01
4.63446468e-01
4.66164052e-01
4.68877256e-01
4.71586019e-01
4.74290311e-01
4.76990163e-01
4.79685515e-01
4.82376367e-01
4.85062659e-01
4.87744391e-01
4.90421504e-01
4.93093997e-01
4.95761842e-01
4.98425037e-01
5.01083553e-01
5.03737330e-01
5.06386399e-01
5.09030700e-01
5.11670172e-01
5.14304757e-01
5.16934574e-01
5.19559503e-01
5.22179544e-01
5.24794638e-01
5.27404785e-01
5.30009985e-01
5.32610238e-01
5.35205424e-01
5.37795544e-01
5.40380597e-01
5.42960584e-01
5.45535445e-01
5.48105180e-01
5.50669730e-01
5.53229094e-01
5.55783272e-01
5.58332264e-01
5.60875893e-01
5.63414276e-01
5.65947294e-01
5.68475068e-01
5.70997477e-01
5.73514521e-01
5.76026082e-01
5.78532219e-01
5.81032932e-01
5.83528221e-01
5.86017966e-01
5.88502169e-01
5.90980887e-01
5.93454003e-01
5.95921636e-01
5.98383546e-01
6.00839853e-01
6.03290439e-01
6.05735362e-01
6.08174622e-01
6.10608101e-01
6.13035858e-01
6.15457773e-01
6.17873967e-01
6.20284319e-01
6.22688890e-01
6.25087500e-01
6.27480209e-01
6.29867017e-01
6.32247925e-01
6.34622931e-01
6.36991858e-01
6.39354825e-01
6.41711712e-01
6.44062638e-01
6.46407485e-01
6.48746252e-01
6.51078820e-01
6.53405309e-01
6.55725598e-01
6.58039808e-01
6.60347760e-01
6.62649512e-01
6.64944947e-01
6.67234182e-01
6.69517100e-01
6.71793818e-01
6.74064100e-01
6.76328063e-01
6.78585589e-01
6.80836797e-01
6.83081567e-01
6.85319960e-01
6.87551856e-01
6.89777195e-01
6.91996098e-01
6.94208443e-01
6.96414351e-01
6.98613644e-01
7.00806379e-01
7.02992439e-01
7.05171883e-01
7.07344711e-01
7.09510922e-01
7.11670399e-01
7.13823140e-01
7.15969145e-01
7.18108416e-01
7.20241010e-01
7.22366810e-01
7.24485815e-01
7.26597905e-01
7.28703141e-01
7.30801523e-01
7.32893050e-01
7.34977663e-01
7.37055361e-01
7.39126086e-01
7.41189837e-01
7.43246615e-01
7.45296478e-01
7.47339308e-01
7.49375105e-01
7.51403749e-01
7.53425360e-01
7.55439818e-01
7.57447183e-01
7.59447455e-01
7.61440575e-01
7.63426483e-01
7.65405178e-01
7.67376661e-01
7.69340932e-01
7.71297991e-01
7.73247778e-01
7.75190294e-01
7.77125418e-01
7.79053271e-01
7.80973732e-01
7.82886922e-01
7.84792781e-01
7.86691189e-01
7.88582146e-01
7.90465653e-01
7.92341709e-01
7.94210315e-01
7.96071529e-01
7.97925234e-01
7.99771428e-01
8.01609993e-01
8.03441048e-01
8.05264473e-01
8.07080328e-01
8.08888614e-01
8.10689330e-01
8.12482357e-01
8.14267695e-01
8.16045403e-01
8.17815363e-01
8.19577694e-01
8.21332276e-01
8.23079228e-01
8.24818313e-01
8.26549649e-01
8.28273118e-01
8.29988837e-01
8.31696689e-01
8.33396792e-01
8.35089087e-01
8.36773515e-01
8.38449955e-01
8.40118527e-01
8.41779113e-01
8.43431830e-01
8.45076561e-01
8.46713424e-01
8.48342299e-01
8.49963188e-01
8.51575971e-01
8.53180766e-01
8.54777515e-01
8.56366217e-01
8.57946873e-01
8.59519482e-01
8.61084044e-01
8.62640440e-01
8.64188671e-01
8.65728736e-01
8.67260635e-01
8.68784368e-01
8.70299935e-01
8.71807337e-01
8.73306572e-01
8.74797583e-01
8.76280248e-01
8.77754688e-01
8.79220784e-01
8.80678654e-01
8.82128179e-01
8.83569479e-01
8.85002494e-01
8.86427164e-01
8.87843490e-01
8.89251351e-01
8.90650868e-01
8.92041922e-01
8.93424630e-01
8.94798875e-01
8.96164775e-01
8.97522211e-01
8.98871303e-01
9.00211811e-01
9.01543856e-01
9.02867317e-01
9.04182315e-01
9.05488789e-01
9.06786740e-01
9.08076167e-01
9.09357071e-01
9.10629451e-01
9.11893249e-01
9.13148403e-01
9.14394975e-01
9.15632844e-01
9.16862130e-01
9.18082714e-01
9.19294715e-01
9.20498013e-01
9.21692729e-01
9.22878742e-01
9.24056113e-01
9.25224721e-01
9.26384628e-01
9.27535713e-01
9.28678095e-01
9.29811716e-01
9.30936575e-01
9.32052672e-01
9.33160007e-01
9.34258580e-01
9.35348392e-01
9.36429381e-01
9.37501550e-01
9.38564837e-01
9.39619303e-01
9.40664887e-01
9.41701591e-01
9.42729354e-01
9.43748295e-01
9.44758296e-01
9.45759475e-01
9.46751714e-01
9.47735131e-01
9.48709607e-01
9.49675143e-01
9.50631678e-01
9.51579332e-01
9.52517927e-01
9.53447580e-01
9.54368174e-01
9.55279827e-01
9.56182420e-01
9.57076013e-01
9.57960606e-01
9.58836198e-01
9.59702790e-01
9.60560322e-01
9.61408854e-01
9.62248325e-01
9.63078737e-01
9.63900030e-01
9.64712262e-01
9.65515375e-01
9.66309369e-01
9.67094243e-01
9.67869997e-01
9.68636632e-01
9.69394147e-01
9.70142543e-01
9.70881820e-01
9.71611977e-01
9.72332954e-01
9.73044813e-01
9.73747492e-01
9.74441051e-01
9.75125372e-01
9.75800514e-01
9.76466477e-01
9.77123201e-01
9.77770746e-01
9.78408992e-01
9.79038060e-01
9.79657829e-01
9.80268419e-01
9.80869770e-01
9.81461883e-01
9.82044756e-01
9.82618392e-01
9.83182788e-01
9.83737946e-01
9.84283805e-01
9.84820426e-01
9.85347748e-01
9.85865831e-01
9.86374557e-01
9.86874044e-01
9.87364233e-01
9.87845063e-01
9.88316655e-01
9.88778889e-01
9.89231825e-01
9.89675403e-01
9.90109682e-01
9.90534663e-01
9.90950286e-01
9.91356552e-01
9.91753459e-01
9.92141008e-01
9.92519200e-01
9.92888033e-01
9.93247509e-01
9.93597627e-01
9.93938386e-01
9.94269788e-01
9.94591832e-01
9.94904518e-01
9.95207906e-01
9.95501876e-01
9.95786488e-01
9.96061683e-01
9.96327519e-01
9.96583939e-01
9.96831000e-01
9.97068644e-01
9.97296929e-01
9.97515738e-01
9.97725248e-01
9.97925282e-01
9.98115957e-01
9.98297215e-01
9.98469055e-01
9.98631537e-01
9.98784542e-01
9.98928189e-01
9.99062419e-01
9.99187231e-01
9.99302626e-01
9.99408543e-01
9.99505103e-01
9.99592245e-01
9.99670029e-01
9.99738336e-01
9.99797225e-01
9.99846637e-01
9.99886692e-01
9.99917269e-01
9.99938488e-01
9.99950230e-01
9.99952614e-01
9.99945581e-01
9.99929070e-01
9.99903142e-01
9.99867797e-01
9.99823093e-01
9.99768913e-01
9.99705374e-01
9.99632299e-01
9.99549866e-01
9.99457955e-01
9.99356747e-01
9.99246061e-01
9.99126017e-01
9.98996496e-01
9.98857558e-01
9.98709202e-01
9.98551488e-01
9.98384297e-01
9.98207748e-01
9.98021781e-01
9.97826457e-01
9.97621655e-01
9.97407496e-01
9.97183979e-01
9.96950984e-01
9.96708632e-01
9.96456921e-01
9.96195734e-01
9.95925248e-01
9.95645344e-01
9.95356083e-01
9.95057404e-01
9.94749427e-01
9.94432032e-01
9.94105339e-01
9.93769228e-01
9.93423820e-01
9.93068993e-01
9.92704868e-01
9.92331326e-01
9.91948485e-01
9.91556227e-01
9.91154611e-01
9.90743637e-01
9.90323365e-01
9.89893734e-01
9.89454806e-01
9.89006519e-01
9.88548934e-01
9.88082051e-01
9.87605810e-01
9.87120271e-01
9.86625493e-01
9.86121356e-01
9.85607922e-01
9.85085249e-01
9.84553277e-01
9.84012008e-01
9.83461499e-01
9.82901752e-01
9.82332766e-01
9.81754541e-01
9.81167078e-01
9.80570376e-01
9.79964375e-01
9.79349196e-01
9.78724718e-01
9.78091061e-01
9.77448106e-01
9.76795971e-01
9.76134658e-01
9.75464106e-01
9.74784374e-01
9.74095404e-01
9.73397315e-01
9.72690046e-01
9.71973598e-01
9.71248031e-01
9.70513284e-01
9.69769478e-01
9.69016492e-01
9.68254447e-01
9.67483222e-01
9.66702938e-01
9.65913475e-01
9.65114951e-01
9.64307308e-01
9.63490546e-01
9.62664664e-01
9.61829722e-01
9.60985720e-01
9.60132718e-01
9.59270597e-01
9.58399475e-01
9.57519352e-01
9.56630230e-01
9.55732107e-01
9.54824984e-01
9.53908920e-01
9.52983797e-01
9.52049732e-01
9.51106608e-01
9.50154543e-01
9.49193478e-01
9.48223472e-01
9.47244525e-01
9.46256697e-01
9.45259929e-01
9.44254339e-01
9.43239868e-01
9.42216516e-01
9.41184282e-01
9.40143168e-01
9.39093173e-01
9.38034296e-01
9.36966538e-01
9.35889959e-01
9.34804559e-01
9.33710396e-01
9.32607472e-01
9.31495786e-01
9.30375338e-01
9.29246128e-01
9.28108096e-01
9.26961362e-01
9.25805807e-01
9.24641550e-01
9.23468530e-01
9.22286868e-01
9.21096504e-01
9.19897497e-01
9.18689847e-01
9.17473555e-01
9.16248620e-01
9.15015042e-01
9.13772821e-01
9.12521958e-01
9.11262453e-01
9.09994364e-01
9.08717752e-01
9.07432616e-01
9.06138957e-01
9.04836774e-01
9.03526008e-01
9.02206779e-01
9.00878966e-01
8.99542689e-01
8.98197830e-01
8.96844566e-01
8.95482898e-01
8.94112825e-01
8.92734349e-01
8.91347468e-01
8.89952183e-01
8.88548493e-01
8.87136400e-01
8.85715902e-01
8.84287059e-01
8.82849932e-01
8.81404519e-01
8.79950821e-01
8.78488839e-01
8.77018571e-01
8.75540018e-01
8.74053121e-01
8.72557998e-01
8.71054649e-01
8.69543195e-01
8.68023515e-01
8.66495728e-01
8.64959717e-01
8.63415599e-01
8.61863256e-01
8.60302806e-01
8.58734250e-01
8.57157648e-01
8.55572999e-01
8.53980243e-01
8.52379501e-01
8.50770652e-01
8.49153817e-01
8.47528875e-01
8.45896006e-01
8.44255209e-01
8.42606485e-01
8.40949833e-01
8.39285254e-01
8.37612748e-01
8.35932314e-01
8.34243953e-01
8.32547784e-01
8.30843806e-01
8.29132020e-01
8.27412426e-01
8.25685024e-01
8.23949814e-01
8.22206736e-01
8.20456028e-01
8.18697572e-01
8.16931427e-01
8.15157592e-01
8.13376069e-01
8.11586857e-01
8.09789956e-01
8.07985425e-01
8.06173325e-01
8.04353654e-01
8.02526414e-01
8.00691664e-01
7.98849285e-01
7.96999395e-01
7.95141935e-01
7.93277085e-01
7.91404724e-01
7.89524913e-01
7.87637651e-01
7.85742939e-01
7.83840775e-01
7.81931281e-01
7.80014455e-01
7.78090298e-01
7.76158810e-01
7.74219990e-01
7.72273839e-01
7.70320356e-01
7.68359721e-01
7.66391814e-01
7.64416754e-01
7.62434423e-01
7.60444939e-01
7.58448184e-01
7.56444335e-01
7.54433393e-01
7.52415359e-01
7.50390291e-01
7.48358071e-01
7.46318817e-01
7.44272470e-01
7.42219210e-01
7.40158916e-01
7.38091707e-01
7.36017466e-01
7.33936250e-01
7.31848121e-01
7.29753137e-01
7.27651358e-01
7.25542665e-01
7.23427176e-01
7.21304774e-01
7.19175637e-01
7.17039704e-01
7.14897037e-01
7.12747633e-01
7.10591495e-01
7.08428621e-01
7.06259072e-01
7.04082906e-01
7.01900184e-01
6.99710786e-01
6.97514832e-01
6.95312202e-01
6.93103075e-01
6.90887451e-01
6.88665330e-01
6.86436713e-01
6.84201598e-01
6.81959987e-01
6.79711998e-01
6.77457631e-01
6.75196886e-01
6.72929764e-01
6.70656264e-01
6.68376446e-01
6.66090369e-01
6.63798034e-01
6.61499441e-01
6.59194589e-01
6.56883478e-01
6.54566228e-01
6.52242839e-01
6.49913311e-01
6.47577643e-01
6.45235837e-01
6.42887950e-01
6.40534043e-01
6.38174117e-01
6.35808170e-01
6.33436203e-01
6.31058216e-01
6.28674328e-01
6.26284540e-01
6.23888850e-01
6.21487319e-01
6.19079828e-01
6.16666555e-01
6.14247501e-01
6.11822665e-01
6.09392047e-01
6.06955647e-01
6.04513526e-01
6.02065742e-01
5.99612355e-01
5.97153246e-01
5.94688535e-01
5.92218161e-01
5.89742303e-01
5.87260842e-01
5.84773898e-01
5.82281351e-01
5.79783320e-01
5.77279866e-01
5.74770987e-01
5.72256684e-01
5.69737017e-01
5.67211866e-01
5.64681470e-01
5.62145770e-01
5.59604764e-01
5.57058454e-01
5.54506898e-01
5.51950157e-01
5.49388170e-01
5.46821058e-01
5.44248700e-01
5.41671276e-01
5.39088726e-01
5.36501169e-01
5.33908486e-01
5.31310737e-01
5.28707981e-01
5.26100278e-01
5.23487687e-01
5.20870090e-01
5.18247604e-01
5.15620232e-01
5.12988031e-01
5.10351002e-01
5.07709146e-01
5.05062461e-01
5.02411008e-01
4.99754876e-01
4.97094065e-01
4.94428545e-01
4.91758347e-01
4.89083529e-01
4.86404091e-01
4.83720094e-01
4.81031537e-01
4.78338420e-01
4.75640833e-01
4.72938716e-01
4.70232189e-01
4.67521191e-01
4.64805812e-01
4.62086082e-01
4.59361941e-01
4.56633508e-01
4.53900754e-01
4.51163739e-01
4.48422462e-01
4.45676953e-01
4.42927271e-01
4.40173417e-01
4.37415391e-01
4.34653252e-01
4.31887001e-01
4.29116726e-01
4.26342368e-01
4.23564017e-01
4.20781672e-01
4.17995363e-01
4.15205091e-01
4.12410945e-01
4.09612864e-01
4.06810969e-01
4.04005200e-01
4.01195645e-01
3.98382336e-01
3.95565242e-01
3.92744452e-01
3.89919966e-01
3.87091786e-01
3.84259939e-01
3.81424487e-01
3.78585428e-01
3.75742823e-01
3.72896671e-01
3.70047003e-01
3.67193848e-01
3.64337236e-01
3.61477196e-01
3.58613759e-01
3.55746925e-01
3.52876723e-01
3.50003213e-01
3.47126424e-01
3.44246358e-01
3.41363043e-01
3.38476509e-01
3.35586786e-01
3.32693905e-01
3.29797894e-01
3.26898783e-01
3.23996574e-01
3.21091324e-01
3.18183035e-01
3.15271735e-01
3.12357485e-01
3.09440315e-01
3.06520194e-01
3.03597182e-01
3.00671339e-01
2.97742665e-01
2.94811189e-01
2.91876912e-01
2.88939863e-01
2.86000133e-01
2.83057660e-01
2.80112565e-01
2.77164787e-01
2.74214447e-01
2.71261483e-01
2.68306017e-01
2.65347987e-01
2.62387484e-01
2.59424478e-01
2.56459057e-01
2.53491193e-01
2.50520945e-01
2.47548342e-01
2.44573399e-01
2.41596162e-01
2.38616645e-01
2.35634863e-01
2.32650876e-01
2.29664698e-01
2.26676345e-01
2.23685861e-01
2.20693275e-01
2.17698619e-01
2.14701906e-01
2.11703166e-01
2.08702445e-01
2.05699757e-01
2.02695131e-01
1.99688599e-01
1.96680173e-01
1.93669900e-01
1.90657780e-01
1.87643886e-01
1.84628204e-01
1.81610793e-01
1.78591654e-01
1.75570846e-01
1.72548383e-01
1.69524297e-01
1.66498616e-01
1.63471356e-01
1.60442561e-01
1.57412261e-01
1.54380485e-01
1.51347250e-01
1.48312584e-01
1.45276532e-01
1.42239109e-01
1.39200345e-01
1.36160269e-01
1.33118913e-01
1.30076304e-01
1.27032459e-01
1.23987414e-01
1.20941199e-01
1.17893845e-01
1.14845380e-01
1.11795828e-01
1.08745232e-01
1.05693609e-01
1.02641001e-01
9.95874181e-02
9.65329036e-02
9.34774801e-02
9.04211774e-02
8.73640180e-02
8.43060315e-02
8.12472478e-02
7.81876966e-02
7.51274079e-02
7.20664114e-02
6.90047368e-02
6.59424141e-02
6.28794730e-02
5.98159432e-02
5.67518510e-02
5.36872260e-02
5.06220907e-02
4.75564823e-02
4.44904193e-02
4.14239392e-02
3.83570679e-02
3.52898315e-02
3.22222672e-02
2.91543975e-02
2.60862540e-02
2.30178665e-02
1.99492592e-02
1.68804657e-02
1.38115129e-02
1.07424296e-02
7.67324492e-03
4.60398756e-03
1.53468736e-03
-1.53462775e-03
-4.60392796e-03
-7.67318532e-03
-1.07423700e-02
-1.38114532e-02
-1.68804061e-02
-1.99491996e-02
-2.30178069e-02
-2.60861944e-02
-2.91543379e-02
-3.22222076e-02
-3.52897719e-02
-3.83570082e-02
-4.14238796e-02
-4.44903597e-02
-4.75564227e-02
-5.06220311e-02
-5.36871664e-02
-5.67517914e-02
-5.98158836e-02
-6.28794134e-02
-6.59423545e-02
-6.90046772e-02
-7.20663518e-02
-7.51273483e-02
-7.81876370e-02
-8.12471882e-02
-8.43059719e-02
-8.73639584e-02
-9.04211178e-02
-9.34774205e-02
-9.65328440e-02
-9.95873585e-02
-1.02640942e-01
-1.05693549e-01
-1.08745173e-01
-1.11795768e-01
-1.14845321e-01
-1.17893785e-01
-1.20941140e-01
-1.23987354e-01
-1.27032399e-01
-1.30076244e-01
-1.33118853e-01
-1.36160210e-01
-1.39200285e-01
-1.42239049e-01
-1.45276472e-01
-1.48312524e-01
-1.51347190e-01
-1.54380426e-01
-1.57412201e-01
-1.60442501e-01
-1.63471296e-01
-1.66498557e-01
-1.69524238e-01
-1.72548324e-01
-1.75570786e-01
-1.78591594e-01
-1.81610733e-01
-1.84628144e-01
-1.87643826e-01
-1.90657720e-01
-1.93669841e-01
-1.96680114e-01
-1.99688539e-01
-2.02695072e-01
-2.05699697e-01
-2.08702385e-01
-2.11703107e-01
-2.14701846e-01
-2.17698559e-01
-2.20693216e-01
-2.23685801e-01
-2.26676285e-01
-2.29664639e-01
-2.32650816e-01
-2.35634804e-01
-2.38616586e-01
-2.41596103e-01
-2.44573340e-01
-2.47548282e-01
-2.50520885e-01
-2.53491133e-01
-2.56458998e-01
-2.59424418e-01
-2.62387425e-01
-2.65347928e-01
-2.68305957e-01
-2.71261424e-01
-2.74214387e-01
-2.77164727e-01
-2.80112505e-01
-2.83057600e-01
-2.86000073e-01
-2.88939804e-01
-2.91876853e-01
-2.94811130e-01
-2.97742605e-01
-3.00671279e-01
-3.03597122e-01
-3.06520134e-01
-3.09440255e-01
-3.12357426e-01
-3.15271676e-01
-3.18182975e-01
-3.21091264e-01
-3.23996514e-01
-3.26898724e-01
-3.29797834e-01
-3.32693845e-01
-3.35586727e-01
-3.38476449e-01
-3.41362983e-01
-3.44246298e-01
-3.47126365e-01
-3.50003183e-01
-3.52876693e-01
-3.55746865e-01
-3.58613700e-01
-3.61477166e-01
-3.64337206e-01
-3.67193818e-01
-3.70046943e-01
-3.72896582e-01
-3.75742763e-01
-3.78585368e-01
-3.81424397e-01
-3.84259850e-01
-3.87091726e-01
-3.89919907e-01
-3.92744392e-01
-3.95565182e-01
-3.98382276e-01
-4.01195586e-01
-4.04005140e-01
-4.06810910e-01
-4.09612834e-01
-4.12410885e-01
-4.15205061e-01
-4.17995304e-01
-4.20781612e-01
-4.23563957e-01
-4.26342309e-01
-4.29116666e-01
-4.31886971e-01
-4.34653193e-01
-4.37415361e-01
-4.40173358e-01
-4.42927241e-01
-4.45676923e-01
-4.48422402e-01
-4.51163679e-01
-4.53900695e-01
-4.56633449e-01
-4.59361881e-01
-4.62085992e-01
-4.64805752e-01
-4.67521131e-01
-4.70232129e-01
-4.72938687e-01
-4.75640774e-01
-4.78338391e-01
-4.81031507e-01
-4.83720064e-01
-4.86404061e-01
-4.89083499e-01
-4.91758317e-01
-4.94428486e-01
-4.97094005e-01
-4.99754816e-01
-5.02410948e-01
-5.05062401e-01
-5.07709086e-01
-5.10350943e-01
-5.12987971e-01
-5.15620172e-01
-5.18247545e-01
-5.20870030e-01
-5.23487628e-01
-5.26100218e-01
-5.28707922e-01
-5.31310678e-01
-5.33908427e-01
-5.36501110e-01
-5.39088666e-01
-5.41671216e-01
-5.44248641e-01
-5.46820998e-01
-5.49388111e-01
-5.51950097e-01
-5.54506838e-01
-5.57058394e-01
-5.59604704e-01
-5.62145710e-01
-5.64681411e-01
-5.67211807e-01
-5.69736958e-01
-5.72256625e-01
-5.74770927e-01
-5.77279806e-01
-5.79783261e-01
-5.82281291e-01
-5.84773839e-01
-5.87260842e-01
-5.89742243e-01
-5.92218161e-01
-5.94688475e-01
-5.97153246e-01
-5.99612296e-01
-6.02065742e-01
-6.04513526e-01
-6.06955647e-01
-6.09392047e-01
-6.11822665e-01
-6.14247501e-01
-6.16666555e-01
-6.19079769e-01
-6.21487260e-01
-6.23888791e-01
-6.26284480e-01
-6.28674269e-01
-6.31058156e-01
-6.33436143e-01
-6.35808110e-01
-6.38174057e-01
-6.40533984e-01
-6.42887890e-01
-6.45235777e-01
-6.47577643e-01
-6.49913311e-01
-6.52242839e-01
-6.54566228e-01
-6.56883478e-01
-6.59194529e-01
-6.61499381e-01
-6.63797975e-01
-6.66090310e-01
-6.68376386e-01
-6.70656264e-01
-6.72929764e-01
-6.75196886e-01
-6.77457631e-01
-6.79711998e-01
-6.81959987e-01
-6.84201598e-01
-6.86436713e-01
-6.88665330e-01
-6.90887451e-01
-6.93103075e-01
-6.95312202e-01
-6.97514772e-01
-6.99710786e-01
-7.01900125e-01
-7.04082906e-01
-7.06259072e-01
-7.08428621e-01
-7.10591495e-01
-7.12747633e-01
-7.14896977e-01
-7.17039645e-01
-7.19175518e-01
-7.21304715e-01
-7.23427057e-01
-7.25542605e-01
-7.27651238e-01
-7.29753077e-01
-7.31848061e-01
-7.33936191e-01
-7.36017406e-01
-7.38091648e-01
-7.40158916e-01
-7.42219150e-01
-7.44272470e-01
-7.46318758e-01
-7.48358071e-01
-7.50390232e-01
-7.52415359e-01
-7.54433393e-01
-7.56444335e-01
-7.58448184e-01
-7.60444939e-01
-7.62434423e-01
-7.64416754e-01
-7.66391814e-01
-7.68359721e-01
-7.70320356e-01
-7.72273839e-01
-7.74219990e-01
-7.76158810e-01
-7.78090298e-01
-7.80014455e-01
-7.81931281e-01
-7.83840775e-01
-7.85742939e-01
-7.87637651e-01
-7.89524913e-01
-7.91404665e-01
-7.93277025e-01
-7.95141876e-01
-7.96999335e-01
-7.98849225e-01
-8.00691605e-01
-8.02526414e-01
-8.04353654e-01
-8.06173325e-01
-8.07985425e-01
-8.09789956e-01
-8.11586857e-01
-8.13376069e-01
-8.15157592e-01
-8.16931427e-01
-8.18697572e-01
-8.20455968e-01
-8.22206736e-01
-8.23949754e-01
-8.25684965e-01
-8.27412367e-01
-8.29131961e-01
-8.30843747e-01
-8.32547724e-01
-8.34243894e-01
-8.35932255e-01
-8.37612689e-01
-8.39285195e-01
-8.40949774e-01
-8.42606425e-01
-8.44255149e-01
-8.45895946e-01
-8.47528875e-01
-8.49153757e-01
-8.50770652e-01
-8.52379441e-01
-8.53980243e-01
-8.55572939e-01
-8.57157648e-01
-8.58734250e-01
-8.60302806e-01
-8.61863256e-01
-8.63415539e-01
-8.64959657e-01
-8.66495669e-01
-8.68023455e-01
-8.69543135e-01
-8.71054590e-01
-8.72557938e-01
-8.74053061e-01
-8.75539958e-01
-8.77018511e-01
-8.78488779e-01
-8.79950762e-01
-8.81404459e-01
-8.82849872e-01
-8.84287000e-01
-8.85715842e-01
-8.87136340e-01
-8.88548434e-01
-8.89952123e-01
-8.91347408e-01
-8.92734289e-01
-8.94112766e-01
-8.95482898e-01
-8.96844566e-01
-8.98197889e-01
-8.99542630e-01
-9.00878966e-01
-9.02206719e-01
-9.03526008e-01
-9.04836714e-01
-9.06138957e-01
-9.07432616e-01
-9.08717752e-01
-9.09994364e-01
-9.11262453e-01
-9.12521899e-01
-9.13772762e-01
-9.15014982e-01
-9.16248560e-01
-9.17473495e-01
-9.18689787e-01
-9.19897437e-01
-9.21096444e-01
-9.22286808e-01
-9.23468530e-01
-9.24641490e-01
-9.25805807e-01
-9.26961303e-01
-9.28108096e-01
-9.29246068e-01
-9.30375338e-01
-9.31495786e-01
-9.32607472e-01
-9.33710396e-01
-9.34804559e-01
-9.35889959e-01
-9.36966538e-01
-9.38034296e-01
-9.39093173e-01
-9.40143168e-01
-9.41184282e-01
-9.42216516e-01
-9.43239868e-01
-9.44254339e-01
-9.45259929e-01
-9.46256697e-01
-9.47244525e-01
-9.48223472e-01
-9.49193478e-01
-9.50154483e-01
-9.51106608e-01
-9.52049673e-01
-9.52983797e-01
-9.53908861e-01
-9.54824984e-01
-9.55732107e-01
-9.56630230e-01
-9.57519352e-01
-9.58399475e-01
-9.59270597e-01
-9.60132658e-01
-9.60985720e-01
-9.61829722e-01
-9.62664664e-01
-9.63490546e-01
-9.64307308e-01
-9.65114951e-01
-9.65913475e-01
-9.66702938e-01
-9.67483222e-01
-9.68254447e-01
-9.69016492e-01
-9.69769478e-01
-9.70513284e-01
-9.71248031e-01
-9.71973598e-01
-9.72690046e-01
-9.73397255e-01
-9.74095404e-01
-9.74784315e-01
-9.75464106e-01
-9.76134598e-01
-9.76795971e-01
-9.77448106e-01
-9.78091061e-01
-9.78724718e-01
-9.79349196e-01
-9.79964375e-01
-9.80570376e-01
-9.81167078e-01
-9.81754541e-01
-9.82332766e-01
-9.82901752e-01
-9.83461499e-01
-9.84012008e-01
-9.84553277e-01
-9.85085249e-01
-9.85607922e-01
-9.86121356e-01
-9.86625493e-01
-9.87120271e-01
-9.87605810e-01
-9.88081992e-01
-9.88548934e-01
-9.89006519e-01
-9.89454806e-01
-9.89893734e-01
-9.90323365e-01
-9.90743637e-01
-9.91154611e-01
-9.91556227e-01
-9.91948426e-01
-9.92331326e-01
-9.92704809e-01
-9.93068993e-01
-9.93423760e-01
-9.93769228e-01
-9.94105279e-01
-9.94432032e-01
-9.94749367e-01
-9.95057404e-01
-9.95356023e-01
-9.95645344e-01
-9.95925248e-01
-9.96195734e-01
-9.96456861e-01
-9.96708632e-01
-9.96950984e-01
-9.97183919e-01
-9.97407496e-01
-9.97621655e-01
-9.97826457e-01
-9.98021781e-01
-9.98207748e-01
-9.98384297e-01
-9.98551488e-01
-9.98709261e-01
-9.98857558e-01
-9.98996496e-01
-9.99125957e-01
-9.99246061e-01
-9.99356747e-01
-9.99458015e-01
-9.99549866e-01
-9.99632239e-01
-9.99705315e-01
-9.99768913e-01
-9.99823093e-01
-9.99867797e-01
-9.99903142e-01
-9.99929070e-01
-9.99945581e-01
-9.99952614e-01
-9.99950230e-01
-9.99938488e-01
-9.99917269e-01
-9.99886692e-01
-9.99846637e-01
-9.99797225e-01
-9.99738336e-01
-9.99670029e-01
-9.99592245e-01
-9.99505103e-01
-9.99408543e-01
-9.99302626e-01
-9.99187231e-01
-9.99062419e-01
-9.98928189e-01
-9.98784602e-01
-9.98631537e-01
-9.98469114e-01
-9.98297215e-01
-9.98115957e-01
-9.97925282e-01
-9.97725248e-01
-9.97515738e-01
-9.97296929e-01
-9.97068644e-01
-9.96831000e-01
-9.96583939e-01
-9.96327519e-01
-9.96061683e-01
-9.95786488e-01
-9.95501876e-01
-9.95207906e-01
-9.94904578e-01
-9.94591832e-01
-9.94269788e-01
-9.93938386e-01
-9.93597627e-01
-9.93247509e-01
-9.92888033e-01
-9.92519200e-01
-9.92141008e-01
-9.91753459e-01
-9.91356552e-01
-9.90950286e-01
-9.90534663e-01
-9.90109742e-01
-9.89675462e-01
-9.89231825e-01
-9.88778889e-01
-9.88316655e-01
-9.87845063e-01
-9.87364233e-01
-9.86874044e-01
-9.86374557e-01
-9.85865831e-01
-9.85347748e-01
-9.84820426e-01
-9.84283805e-01
-9.83737946e-01
-9.83182788e-01
-9.82618392e-01
-9.82044756e-01
-9.81461883e-01
-9.80869770e-01
-9.80268419e-01
-9.79657829e-01
-9.79038060e-01
-9.78408992e-01
-9.77770746e-01
-9.77123201e-01
-9.76466477e-01
-9.75800514e-01
-9.75125432e-01
-9.74441051e-01
-9.73747551e-01
-9.73044813e-01
-9.72333014e-01
-9.71611977e-01
-9.70881879e-01
-9.70142603e-01
-9.69394207e-01
-9.68636692e-01
-9.67870057e-01
-9.67094302e-01
-9.66309428e-01
-9.65515435e-01
-9.64712322e-01
-9.63900089e-01
-9.63078737e-01
-9.62248325e-01
-9.61408913e-01
-9.60560381e-01
-9.59702790e-01
-9.58836198e-01
-9.57960606e-01
-9.57076013e-01
-9.56182420e-01
-9.55279827e-01
-9.54368174e-01
-9.53447580e-01
-9.52517927e-01
-9.51579332e-01
-9.50631678e-01
-9.49675143e-01
-9.48709607e-01
-9.47735131e-01
-9.46751773e-01
-9.45759475e-01
-9.44758356e-01
-9.43748295e-01
-9.42729414e-01
-9.41701591e-01
-9.40664947e-01
-9.39619362e-01
-9.38564897e-01
-9.37501550e-01
-9.36429381e-01
-9.35348392e-01
-9.34258580e-01
-9.33160007e-01
-9.32052672e-01
-9.30936575e-01
-9.29811716e-01
-9.28678095e-01
-9.27535772e-01
-9.26384628e-01
-9.25224781e-01
-9.24056113e-01
-9.22878802e-01
-9.21692729e-01
-9.20498073e-01
-9.19294715e-01
-9.18082774e-01
-9.16862130e-01
-9.15632904e-01
-9.14394975e-01
-9.13148463e-01
-9.11893308e-01
-9.10629511e-01
-9.09357131e-01
-9.08076227e-01
-9.06786799e-01
-9.05488849e-01
-9.04182374e-01
-9.02867377e-01
-9.01543856e-01
-9.00211811e-01
-8.98871303e-01
-8.97522211e-01
-8.96164775e-01
-8.94798875e-01
-8.93424630e-01
-8.92041922e-01
-8.90650868e-01
-8.89251351e-01
-8.87843490e-01
-8.86427164e-01
-8.85002494e-01
-8.83569479e-01
-8.82128179e-01
-8.80678654e-01
-8.79220784e-01
-8.77754688e-01
-8.76280248e-01
-8.74797583e-01
-8.73306572e-01
-8.71807396e-01
-8.70299995e-01
-8.68784428e-01
-8.67260695e-01
-8.65728796e-01
-8.64188731e-01
-8.62640500e-01
-8.61084104e-01
-8.59519541e-01
-8.57946932e-01
-8.56366277e-01
-8.54777575e-01
-8.53180826e-01
-8.51576030e-01
-8.49963248e-01
-8.48342359e-01
-8.46713483e-01
-8.45076621e-01
-8.43431890e-01
-8.41779172e-01
-8.40118587e-01
-8.38450015e-01
-8.36773574e-01
-8.35089147e-01
-8.33396852e-01
-8.31696749e-01
-8.29988837e-01
-8.28273177e-01
-8.26549649e-01
-8.24818373e-01
-8.23079228e-01
-8.21332335e-01
-8.19577694e-01
-8.17815423e-01
-8.16045403e-01
-8.14267755e-01
-8.12482417e-01
-8.10689390e-01
-8.08888674e-01
-8.07080388e-01
-8.05264533e-01
-8.03441048e-01
-8.01610053e-01
-7.99771428e-01
-7.97925293e-01
-7.96071529e-01
-7.94210374e-01
-7.92341769e-01
-7.90465713e-01
-7.88582206e-01
-7.86691248e-01
-7.84792840e-01
-7.82886982e-01
-7.80973792e-01
-7.79053330e-01
-7.77125478e-01
-7.75190353e-01
-7.73247838e-01
-7.71298051e-01
-7.69340992e-01
-7.67376721e-01
-7.65405238e-01
-7.63426542e-01
-7.61440635e-01
-7.59447515e-01
-7.57447243e-01
-7.55439878e-01
-7.53425360e-01
-7.51403809e-01
-7.49375105e-01
-7.47339368e-01
-7.45296478e-01
-7.43246675e-01
-7.41189897e-01
-7.39126146e-01
-7.37055421e-01
-7.34977722e-01
-7.32893050e-01
-7.30801523e-01
-7.28703141e-01
-7.26597905e-01
-7.24485815e-01
-7.22366869e-01
-7.20241010e-01
-7.18108475e-01
-7.15969145e-01
-7.13823140e-01
-7.11670399e-01
-7.09510922e-01
-7.07344770e-01
-7.05171943e-01
-7.02992499e-01
-7.00806439e-01
-6.98613703e-01
-6.96414411e-01
-6.94208503e-01
-6.91996157e-01
-6.89777255e-01
-6.87551916e-01
-6.85320020e-01
-6.83081627e-01
-6.80836856e-01
-6.78585649e-01
-6.76328123e-01
-6.74064159e-01
-6.71793878e-01
-6.69517159e-01
-6.67234242e-01
-6.64945006e-01
-6.62649572e-01
-6.60347819e-01
-6.58039868e-01
-6.55725658e-01
-6.53405309e-01
-6.51078880e-01
-6.48746252e-01
-6.46407545e-01
-6.44062638e-01
-6.41711771e-01
-6.39354825e-01
-6.36991918e-01
-6.34622931e-01
-6.32247925e-01
-6.29867017e-01
-6.27480209e-01
-6.25087500e-01
-6.22688890e-01
-6.20284379e-01
-6.17873967e-01
-6.15457833e-01
-6.13035858e-01
-6.10608160e-01
-6.08174622e-01
-6.05735362e-01
-6.03290439e-01
-6.00839853e-01
-5.98383605e-01
-5.95921695e-01
-5.93454063e-01
-5.90980947e-01
-5.88502228e-01
-5.86018026e-01
-5.83528280e-01
-5.81032991e-01
-5.78532279e-01
-5.76026142e-01
-5.73514581e-01
-5.70997536e-01
-5.68475127e-01
-5.65947354e-01
-5.63414335e-01
-5.60875952e-01
-5.58332264e-01
-5.55783272e-01
-5.53229094e-01
-5.50669730e-01
-5.48105180e-01
-5.45535445e-01
-5.42960584e-01
-5.40380597e-01
-5.37795544e-01
-5.35205424e-01
-5.32610238e-01
-5.30010045e-01
-5.27404845e-01
-5.24794698e-01
-5.22179604e-01
-5.19559562e-01
-5.16934633e-01
-5.14304817e-01
-5.11670232e-01
-5.09030759e-01
-5.06386459e-01
-5.03737390e-01
-5.01083612e-01
-4.98425096e-01
-4.95761901e-01
-4.93094057e-01
-4.90421563e-01
-4.87744451e-01
-4.85062718e-01
-4.82376426e-01
-4.79685575e-01
-4.76990223e-01
-4.74290371e-01
-4.71586049e-01
-4.68877286e-01
-4.66164082e-01
-4.63446528e-01
-4.60724562e-01
-4.57998306e-01
-4.55267698e-01
-4.52532828e-01
-4.49793667e-01
-4.47050273e-01
-4.44302678e-01
-4.41550881e-01
-4.38794941e-01
-4.36034858e-01
-4.33270663e-01
-4.30502415e-01
-4.27730083e-01
-4.24953729e-01
-4.22173351e-01
-4.19389009e-01
-4.16600734e-01
-4.13808525e-01
-4.11012411e-01
-4.08212423e-01
-4.05408621e-01
-4.02600974e-01
-3.99789512e-01
-3.96974295e-01
-3.94155353e-01
-3.91332686e-01
-3.88506353e-01
-3.85676324e-01
-3.82842690e-01
-3.80005449e-01
-3.77164602e-01
-3.74320239e-01
-3.71472299e-01
-3.68620902e-01
-3.65766019e-01
-3.62907708e-01
-3.60045940e-01
-3.57180804e-01
-3.54312271e-01
-3.51440430e-01
-3.48565280e-01
-3.45686853e-01
-3.42805147e-01
-3.39920223e-01
-3.37032080e-01
-3.34140778e-01
-3.31246316e-01
-3.28348726e-01
-3.25448066e-01
-3.22544336e-01
-3.19637567e-01
-3.16727787e-01
-3.13815027e-01
-3.10899287e-01
-3.07980627e-01
-3.05059075e-01
-3.02134633e-01
-2.99207360e-01
-2.96277255e-01
-2.93344349e-01
-2.90408701e-01
-2.87470341e-01
-2.84529239e-01
-2.81585485e-01
-2.78639048e-01
-2.75689989e-01
-2.72738367e-01
-2.69784123e-01
-2.66827375e-01
-2.63868064e-01
-2.60906309e-01
-2.57942051e-01
-2.54975408e-01
-2.52006352e-01
-2.49034926e-01
-2.46061146e-01
-2.43085057e-01
-2.40106687e-01
-2.37126052e-01
-2.34143183e-01
-2.31158108e-01
-2.28170857e-01
-2.25181445e-01
-2.22189918e-01
-2.19196290e-01
-2.16200590e-01
-2.13202849e-01
-2.10203096e-01
-2.07201377e-01
-2.04197690e-01
-2.01192096e-01
-1.98184595e-01
-1.95175231e-01
-1.92164034e-01
-1.89151034e-01
-1.86136246e-01
-1.83119714e-01
-1.80101454e-01
-1.77081481e-01
-1.74059853e-01
-1.71036586e-01
-1.68011710e-01
-1.64985254e-01
-1.61957234e-01
-1.58927694e-01
-1.55896649e-01
-1.52864128e-01
-1.49830163e-01
-1.46794796e-01
-1.43758044e-01
-1.40719920e-01
-1.37680501e-01
-1.34639755e-01
-1.31597757e-01
-1.28554523e-01
-1.25510067e-01
-1.22464441e-01
-1.19417660e-01
-1.16369754e-01
-1.13320753e-01
-1.10270679e-01
-1.07219569e-01
-1.04167454e-01
-1.01114355e-01
-9.80603099e-02
-9.50053334e-02
-9.19494629e-02
-8.88927281e-02
-8.58351514e-02
-8.27767625e-02
-7.97175914e-02
-7.66576678e-02
-7.35970214e-02
-7.05356821e-02
-6.74736798e-02
-6.44110516e-02
-6.13478124e-02
-5.82839958e-02
-5.52196316e-02
-5.21547496e-02
-4.90893759e-02
-4.60235327e-02
-4.29572575e-02
-3.98905687e-02
-3.68235037e-02
-3.37561518e-02
-3.06888632e-02
-2.76226941e-02
-2.45602895e-02
-2.15070881e-02
-1.84724815e-02
-1.54700559e-02
-1.25159649e-02
-9.62494221e-03
-6.80470048e-03
-4.05078335e-03
-1.34447741e-03
1.34447741e-03
4.05078335e-03
