-4.31667687e-03
-1.43811305e-03
1.43811305e-03
4.31667687e-03
7.20208464e-03
1.00983558e-02
1.30087631e-02
1.59356520e-02
1.88803636e-02
2.18432508e-02
2.48237904e-02
2.78207380e-02
3.08323465e-02
3.38565670e-02
3.68912444e-02
3.99342813e-02
4.29837517e-02
4.60379794e-02
4.90955636e-02
5.21553829e-02
5.52165732e-02
5.82784861e-02
6.13406636e-02
6.44027665e-02
6.74645677e-02
7.05259219e-02
7.35867098e-02
7.66468644e-02
7.97063261e-02
8.27650577e-02
8.58230069e-02
8.88801441e-02
9.19364393e-02
9.49918628e-02
9.80463922e-02
1.01099998e-01
1.04152657e-01
1.07204340e-01
1.10255018e-01
1.13304660e-01
1.16353229e-01
1.19400702e-01
1.22447051e-01
1.25492260e-01
1.28536269e-01
1.31579086e-01
1.34620667e-01
1.37660980e-01
1.40699998e-01
1.43737689e-01
1.46774009e-01
1.49808973e-01
1.52842507e-01
1.55874595e-01
1.58905223e-01
1.61934346e-01
1.64961934e-01
1.67987958e-01
1.71012402e-01
1.74035221e-01
1.77056402e-01
1.80075914e-01
1.83093742e-01
1.86109856e-01
1.89124212e-01
1.92136794e-01
1.95147574e-01
1.98156521e-01
2.01163590e-01
2.04168782e-01
2.07172036e-01
2.10173339e-01
2.13172674e-01
2.16169983e-01
2.19165266e-01
2.22158477e-01
2.25149587e-01
2.28138566e-01
2.31125399e-01
2.34110042e-01
2.37092465e-01
2.40072682e-01
2.43050620e-01
2.46026292e-01
2.48999640e-01
2.51970649e-01
2.54939318e-01
2.57905543e-01
2.60869384e-01
2.63830721e-01
2.66789615e-01
2.69745976e-01
2.72699773e-01
2.75651008e-01
2.78599650e-01
2.81545669e-01
2.84489006e-01
2.87429690e-01
2.90367633e-01
2.93302864e-01
2.96235323e-01
2.99165040e-01
3.02091897e-01
3.05015922e-01
3.07937056e-01
3.10855329e-01
3.13770622e-01
3.16682994e-01
3.19592357e-01
3.22498679e-01
3.25402021e-01
3.28302264e-01
3.31199437e-01
3.34093481e-01
3.36984396e-01
3.39872122e-01
3.42756629e-01
3.45637918e-01
3.48515987e-01
3.51390719e-01
3.54262143e-01
3.57130259e-01
3.59995008e-01
3.62856388e-01
3.65714312e-01
3.68568778e-01
3.71419787e-01
3.74267340e-01
3.77111316e-01
3.79951745e-01
3.82788599e-01
3.85621846e-01
3.88451427e-01
3.91277373e-01
3.94099653e-01
3.96918178e-01
3.99733007e-01
4.02544022e-01
4.05351281e-01
4.08154696e-01
4.10954267e-01
4.13749963e-01
4.16541785e-01
4.19329703e-01
4.22113657e-01
4.24893618e-01
4.27669585e-01
4.30441529e-01
4.33209389e-01
4.35973167e-01
4.38732833e-01
4.41488385e-01
4.44239795e-01
4.46987003e-01
4.49729979e-01
4.52468753e-01
4.55203265e-01
4.57933486e-01
4.60659385e-01
4.63380963e-01
4.66098160e-01
4.68810946e-01
4.71519321e-01
4.74223256e-01
4.76922750e-01
4.79617715e-01
4.82308179e-01
4.84994084e-01
4.87675428e-01
4.90352184e-01
4.93024290e-01
4.95691776e-01
4.98354584e-01
5.01012743e-01
5.03666162e-01
5.06314874e-01
5.08958817e-01
5.11597872e-01
5.14232159e-01
5.16861558e-01
5.19486189e-01
5.22105813e-01
5.24720550e-01
5.27330279e-01
5.29935122e-01
5.32534957e-01
5.35129786e-01
5.37719548e-01
5.40304184e-01
5.42883813e-01
5.45458317e-01
5.48027694e-01
5.50591826e-01
5.53150833e-01
5.55704653e-01
5.58253229e-01
5.60796559e-01
5.63334525e-01
5.65867245e-01
5.68394601e-01
5.70916712e-01
5.73433340e-01
5.75944602e-01
5.78450382e-01
5.80950797e-01
5.83445787e-01
5.85935175e-01
5.88419080e-01
5.90897381e-01
5.93370199e-01
5.95837414e-01
5.98299026e-01
6.00754917e-01
6.03205204e-01
6.05649769e-01
6.08088732e-01
6.10521913e-01
6.12949312e-01
6.15370870e-01
6.17786705e-01
6.20196700e-01
6.22600913e-01
6.24999166e-01
6.27391517e-01
6.29777968e-01
6.32158518e-01
6.34533167e-01
6.36901796e-01
6.39264405e-01
6.41620994e-01
6.43971562e-01
6.46316171e-01
6.48654580e-01
6.50986850e-01
6.53312981e-01
6.55632973e-01
6.57946825e-01
6.60254478e-01
6.62555873e-01
6.64851010e-01
6.67139888e-01
6.69422507e-01
6.71698868e-01
6.73968852e-01
6.76232457e-01
6.78489685e-01
6.80740535e-01
6.82985008e-01
6.85223103e-01
6.87454700e-01
6.89679742e-01
6.91898346e-01
6.94110394e-01
6.96316004e-01
6.98514998e-01
7.00707376e-01
7.02893138e-01
7.05072284e-01
7.07244813e-01
7.09410727e-01
7.11569905e-01
7.13722348e-01
7.15868056e-01
7.18007028e-01
7.20139265e-01
7.22264826e-01
7.24383473e-01
7.26495326e-01
7.28600264e-01
7.30698347e-01
7.32789576e-01
7.34873950e-01
7.36951351e-01
7.39021778e-01
7.41085231e-01
7.43141711e-01
7.45191276e-01
7.47233808e-01
7.49269307e-01
7.51297653e-01
7.53318965e-01
7.55333126e-01
7.57340193e-01
7.59340167e-01
7.61332989e-01
7.63318598e-01
7.65296996e-01
7.67268181e-01
7.69232154e-01
7.71188974e-01
7.73138523e-01
7.75080800e-01
7.77015686e-01
7.78943241e-01
7.80863464e-01
7.82776356e-01
7.84681916e-01
7.86580086e-01
7.88470805e-01
7.90354073e-01
7.92229891e-01
7.94098258e-01
7.95959175e-01
7.97812581e-01
7.99658477e-01
8.01496804e-01
8.03327560e-01
8.05150747e-01
8.06966364e-01
8.08774412e-01
8.10574889e-01
8.12367678e-01
8.14152777e-01
8.15930188e-01
8.17699909e-01
8.19461942e-01
8.21216285e-01
8.22962999e-01
8.24701846e-01
8.26432943e-01
8.28156173e-01
8.29871655e-01
8.31579268e-01
8.33279073e-01
8.34971070e-01
8.36655259e-01
8.38331521e-01
8.39999855e-01
8.41660261e-01
8.43312740e-01
8.44957232e-01
8.46593857e-01
8.48222494e-01
8.49843204e-01
8.51455808e-01
8.53060365e-01
8.54656875e-01
8.56245339e-01
8.57825756e-01
8.59398127e-01
8.60962451e-01
8.62518609e-01
8.64066601e-01
8.65606427e-01
8.67138088e-01
8.68661642e-01
8.70176971e-01
8.71684194e-01
8.73183191e-01
8.74674022e-01
8.76156509e-01
8.77630770e-01
8.79096687e-01
8.80554318e-01
8.82003665e-01
8.83444726e-01
8.84877503e-01
8.86301994e-01
8.87718081e-01
8.89125764e-01
8.90525043e-01
8.91915917e-01
8.93298388e-01
8.94672453e-01
8.96038175e-01
8.97395432e-01
8.98744345e-01
9.00084674e-01
9.01416540e-01
9.02739823e-01
9.04054642e-01
9.05360878e-01
9.06658649e-01
9.07947838e-01
9.09228563e-01
9.10500705e-01
9.11764383e-01
9.13019419e-01
9.14265811e-01
9.15503502e-01
9.16732609e-01
9.17953014e-01
9.19164836e-01
9.20367956e-01
9.21562493e-01
9.22748327e-01
9.23925579e-01
9.25094068e-01
9.26253796e-01
9.27404761e-01
9.28546965e-01
9.29680407e-01
9.30805087e-01
9.31921005e-01
9.33028162e-01
9.34126556e-01
9.35216188e-01
9.36297059e-01
9.37369108e-01
9.38432276e-01
9.39486563e-01
9.40531969e-01
9.41568494e-01
9.42596138e-01
9.43614900e-01
9.44624782e-01
9.45625782e-01
9.46617901e-01
9.47601140e-01
9.48575497e-01
9.49540913e-01
9.50497389e-01
9.51444805e-01
9.52383280e-01
9.53312695e-01
9.54233170e-01
9.55144644e-01
9.56047118e-01
9.56940591e-01
9.57825065e-01
9.58700538e-01
9.59567010e-01
9.60424483e-01
9.61272955e-01
9.62112427e-01
9.62942779e-01
9.63764012e-01
9.64576125e-01
9.65379119e-01
9.66172934e-01
9.66957688e-01
9.67733264e-01
9.68499780e-01
9.69257116e-01
9.70005393e-01
9.70744491e-01
9.71474528e-01
9.72195387e-01
9.72907186e-01
9.73609805e-01
9.74303365e-01
9.74987686e-01
9.75662827e-01
9.76328671e-01
9.76985335e-01
9.77632701e-01
9.78270888e-01
9.78899777e-01
9.79519486e-01
9.80129898e-01
9.80731130e-01
9.81323063e-01
9.81905818e-01
9.82479274e-01
9.83043551e-01
9.83598590e-01
9.84144390e-01
9.84680951e-01
9.85208273e-01
9.85726357e-01
9.86235082e-01
9.86734569e-01
9.87224758e-01
9.87705588e-01
9.88177180e-01
9.88639414e-01
9.89092350e-01
9.89535928e-01
9.89970148e-01
9.90395010e-01
9.90810513e-01
9.91216660e-01
9.91613448e-01
9.92000878e-01
9.92378950e-01
9.92747664e-01
9.93107080e-01
9.93457079e-01
9.93797779e-01
9.94129062e-01
9.94451046e-01
9.94763613e-01
9.95066881e-01
9.95360732e-01
9.95645285e-01
9.95920420e-01
9.96186256e-01
9.96442676e-01
9.96689737e-01
9.96927381e-01
9.97155666e-01
9.97374475e-01
9.97583985e-01
9.97784019e-01
9.97974694e-01
9.98155951e-01
9.98327792e-01
9.98490274e-01
9.98643279e-01
9.98786926e-01
9.98921156e-01
9.99045968e-01
9.99161363e-01
9.99267280e-01
9.99363840e-01
9.99450982e-01
9.99528766e-01
9.99597073e-01
9.99655962e-01
9.99705374e-01
9.99745429e-01
9.99776006e-01
9.99797225e-01
9.99808967e-01
9.99811351e-01
9.99804318e-01
9.99787807e-01
9.99761879e-01
9.99726534e-01
9.99681830e-01
9.99627650e-01
9.99564111e-01
9.99491036e-01
9.99408603e-01
9.99316692e-01
9.99215484e-01
9.99104798e-01
9.98984754e-01
9.98855233e-01
9.98716295e-01
9.98567939e-01
9.98410225e-01
9.98243034e-01
9.98066485e-01
9.97880518e-01
9.97685194e-01
9.97480392e-01
9.97266233e-01
9.97042716e-01
9.96809721e-01
9.96567369e-01
9.96315658e-01
9.96054530e-01
9.95784104e-01
9.95504260e-01
9.95215118e-01
9.94916558e-01
9.94608700e-01
9.94291425e-01
9.93964851e-01
9.93628860e-01
9.93283510e-01
9.92928803e-01
9.92564738e-01
9.92191315e-01
9.91808534e-01
9.91416395e-01
9.91014898e-01
9.90604043e-01
9.90183830e-01
9.89754260e-01
9.89315331e-01
9.88867044e-01
9.88409460e-01
9.87942576e-01
9.87466335e-01
9.86980796e-01
9.86486018e-01
9.85981882e-01
9.85468447e-01
9.84945774e-01
9.84413862e-01
9.83872712e-01
9.83322322e-01
9.82762694e-01
9.82193828e-01
9.81615722e-01
9.81028378e-01
9.80431795e-01
9.79825974e-01
9.79210913e-01
9.78586614e-01
9.77953076e-01
9.77310300e-01
9.76658225e-01
9.75996971e-01
9.75326419e-01
9.74646688e-01
9.73957717e-01
9.73259628e-01
9.72552359e-01
9.71836030e-01
9.71110523e-01
9.70375955e-01
9.69632268e-01
9.68879461e-01
9.68117535e-01
9.67346489e-01
9.66566324e-01
9.65777040e-01
9.64978635e-01
9.64171112e-01
9.63354468e-01
9.62528706e-01
9.61693823e-01
9.60849881e-01
9.59996939e-01
9.59134996e-01
9.58264053e-01
9.57384109e-01
9.56495166e-01
9.55597222e-01
9.54690218e-01
9.53774273e-01
9.52849269e-01
9.51915324e-01
9.50972319e-01
9.50020373e-01
9.49059367e-01
9.48089480e-01
9.47110653e-01
9.46123004e-01
9.45126414e-01
9.44121003e-01
9.43106651e-01
9.42083478e-01
9.41051364e-01
9.40010428e-01
9.38960552e-01
9.37901795e-01
9.36834157e-01
9.35757697e-01
9.34672415e-01
9.33578432e-01
9.32475626e-01
9.31364119e-01
9.30243790e-01
9.29114759e-01
9.27976906e-01
9.26830351e-01
9.25674975e-01
9.24510896e-01
9.23337996e-01
9.22156513e-01
9.20966327e-01
9.19767499e-01
9.18560028e-01
9.17343915e-01
9.16119158e-01
9.14885759e-01
9.13643718e-01
9.12393034e-01
9.11133707e-01
9.09865797e-01
9.08589363e-01
9.07304406e-01
9.06010926e-01
9.04708922e-01
9.03398335e-01
9.02079284e-01
9.00751650e-01
8.99415553e-01
8.98070872e-01
8.96717846e-01
8.95356357e-01
8.93986523e-01
8.92608225e-01
8.91221583e-01
8.89826477e-01
8.88422966e-01
8.87011051e-01
8.85590732e-01
8.84162068e-01
8.82725120e-01
8.81279886e-01
8.79826367e-01
8.78364563e-01
8.76894534e-01
8.75416160e-01
8.73929560e-01
8.72434616e-01
8.70931566e-01
8.69420290e-01
8.67900908e-01
8.66373301e-01
8.64837527e-01
8.63293588e-01
8.61741483e-01
8.60181212e-01
8.58612835e-01
8.57036412e-01
8.55452001e-01
8.53859484e-01
8.52258980e-01
8.50650370e-01
8.49033773e-01
8.47409070e-01
8.45776439e-01
8.44135880e-01
8.42487395e-01
8.40830982e-01
8.39166641e-01
8.37494373e-01
8.35814178e-01
8.34126055e-01
8.32430124e-01
8.30726385e-01
8.29014838e-01
8.27295482e-01
8.25568318e-01
8.23833346e-01
8.22090507e-01
8.20340037e-01
8.18581820e-01
8.16815972e-01
8.15042377e-01
8.13261151e-01
8.11472178e-01
8.09675515e-01
8.07871282e-01
8.06059480e-01
8.04240048e-01
8.02413106e-01
8.00578535e-01
7.98736453e-01
7.96886742e-01
7.95029581e-01
7.93164909e-01
7.91292846e-01
7.89413273e-01
7.87526309e-01
7.85631895e-01
7.83730030e-01
7.81820834e-01
7.79904306e-01
7.77980387e-01
7.76049197e-01
7.74110615e-01
7.72164762e-01
7.70211577e-01
7.68251181e-01
7.66283572e-01
7.64308751e-01
7.62326717e-01
7.60337472e-01
7.58341014e-01
7.56337464e-01
7.54326820e-01
7.52309084e-01
7.50284255e-01
7.48252332e-01
7.46213317e-01
7.44167268e-01
7.42114305e-01
7.40054309e-01
7.37987399e-01
7.35913455e-01
7.33832538e-01
7.31744707e-01
7.29650021e-01
7.27548540e-01
7.25440145e-01
7.23324955e-01
7.21202850e-01
7.19074011e-01
7.16938376e-01
7.14796007e-01
7.12646902e-01
7.10491061e-01
7.08328485e-01
7.06159234e-01
7.03983366e-01
7.01800942e-01
6.99611843e-01
6.97416186e-01
6.95213854e-01
6.93005085e-01
6.90789759e-01
6.88567996e-01
6.86339676e-01
6.84104860e-01
6.81863606e-01
6.79615915e-01
6.77361846e-01
6.75101459e-01
6.72834635e-01
6.70561492e-01
6.68281972e-01
6.65996253e-01
6.63704216e-01
6.61405981e-01
6.59101427e-01
6.56790733e-01
6.54473782e-01
6.52150750e-01
6.49821520e-01
6.47486210e-01
6.45144701e-01
6.42797172e-01
6.40443563e-01
6.38083994e-01
6.35718346e-01
6.33346736e-01
6.30969107e-01
6.28585577e-01
6.26196086e-01
6.23800755e-01
6.21399462e-01
6.18992329e-01
6.16579354e-01
6.14160657e-01
6.11736119e-01
6.09305859e-01
6.06869817e-01
6.04428053e-01
6.01980627e-01
5.99527597e-01
5.97068846e-01
5.94604492e-01
5.92134476e-01
5.89658976e-01
5.87177873e-01
5.84691286e-01
5.82199097e-01
5.79701424e-01
5.77198327e-01
5.74689806e-01
5.72175860e-01
5.69656551e-01
5.67131758e-01
5.64601719e-01
5.62066376e-01
5.59525728e-01
5.56979775e-01
5.54428577e-01
5.51872194e-01
5.49310565e-01
5.46743810e-01
5.44171810e-01
5.41594744e-01
5.39012551e-01
5.36425352e-01
5.33833027e-01
5.31235635e-01
5.28633237e-01
5.26025891e-01
5.23413658e-01
5.20796418e-01
5.18174291e-01
5.15547276e-01
5.12915432e-01
5.10278761e-01
5.07637262e-01
5.04990935e-01
5.02339900e-01
4.99684155e-01
4.97023731e-01
4.94358599e-01
4.91688788e-01
4.89014357e-01
4.86335337e-01
4.83651727e-01
4.80963558e-01
4.78270829e-01
4.75573629e-01
4.72871900e-01
4.70165759e-01
4.67455149e-01
4.64740157e-01
4.62020814e-01
4.59297061e-01
4.56569016e-01
4.53836650e-01
4.51099992e-01
4.48359102e-01
4.45613980e-01
4.42864686e-01
4.40111220e-01
4.37353581e-01
4.34591830e-01
4.31825966e-01
4.29056078e-01
4.26282108e-01
4.23504144e-01
4.20722187e-01
4.17936295e-01
4.15146440e-01
4.12352651e-01
4.09554988e-01
4.06753451e-01
4.03948128e-01
4.01138961e-01
3.98326039e-01
3.95509362e-01
3.92688960e-01
3.89864832e-01
3.87037069e-01
3.84205610e-01
3.81370574e-01
3.78531903e-01
3.75689715e-01
3.72843951e-01
3.69994730e-01
3.67141992e-01
3.64285767e-01
3.61426145e-01
3.58563066e-01
3.55696648e-01
3.52826864e-01
3.49953771e-01
3.47077370e-01
3.44197690e-01
3.41314793e-01
3.38428676e-01
3.35539401e-01
3.32646906e-01
3.29751313e-01
3.26852590e-01
3.23950797e-01
3.21045935e-01
3.18138063e-01
3.15227181e-01
3.12313348e-01
3.09396565e-01
3.06476861e-01
3.03554296e-01
3.00628871e-01
2.97700614e-01
2.94769555e-01
2.91835696e-01
2.88899064e-01
2.85959721e-01
2.83017695e-01
2.80072987e-01
2.77125627e-01
2.74175674e-01
2.71223158e-01
2.68268079e-01
2.65310466e-01
2.62350380e-01
2.59387821e-01
2.56422788e-01
2.53455371e-01
2.50485539e-01
2.47513354e-01
2.44538844e-01
2.41562009e-01
2.38582909e-01
2.35601559e-01
2.32617989e-01
2.29632214e-01
2.26644292e-01
2.23654225e-01
2.20662057e-01
2.17667818e-01
2.14671537e-01
2.11673230e-01
2.08672941e-01
2.05670699e-01
2.02666506e-01
1.99660406e-01
1.96652398e-01
1.93642557e-01
1.90630868e-01
1.87617391e-01
1.84602126e-01
1.81585133e-01
1.78566426e-01
1.75546035e-01
1.72523990e-01
1.69500321e-01
1.66475058e-01
1.63448229e-01
1.60419852e-01
1.57389969e-01
1.54358611e-01
1.51325807e-01
1.48291588e-01
1.45255968e-01
1.42218992e-01
1.39180675e-01
1.36141047e-01
1.33100137e-01
1.30057961e-01
1.27014548e-01
1.23969927e-01
1.20924138e-01
1.17877208e-01
1.14829168e-01
1.11780047e-01
1.08729877e-01
1.05678678e-01
1.02626495e-01
9.95733440e-02
9.65192690e-02
9.34642777e-02
9.04084072e-02
8.73516724e-02
8.42941180e-02
8.12357590e-02
7.81766400e-02
7.51167759e-02
7.20562115e-02
6.89949691e-02
6.59330785e-02
6.28705695e-02
5.98074757e-02
5.67438193e-02
5.36796302e-02
5.06149344e-02
4.75497581e-02
4.44841310e-02
4.14180830e-02
3.83516438e-02
3.52848433e-02
3.22177112e-02
2.91502755e-02
2.60825660e-02
2.30146125e-02
1.99464392e-02
1.68780796e-02
1.38095599e-02
1.07409107e-02
7.67215993e-03
4.60333703e-03
1.53447036e-03
-1.53441075e-03
-4.60327743e-03
-7.67210033e-03
-1.07408511e-02
-1.38095003e-02
-1.68780200e-02
-1.99463796e-02
-2.30145529e-02
-2.60825064e-02
-2.91502159e-02
-3.22176516e-02
-3.52847837e-02
-3.83515842e-02
-4.14180234e-02
-4.44840714e-02
-4.75496985e-02
-5.06148748e-02
-5.36795706e-02
-5.67437597e-02
-5.98074161e-02
-6.28705099e-02
-6.59330189e-02
-6.89949095e-02
-7.20561519e-02
-7.51167163e-02
-7.81765804e-02
-8.12356994e-02
-8.42940584e-02
-8.73516127e-02
-9.04083475e-02
-9.34642181e-02
-9.65192094e-02
-9.95732844e-02
-1.02626435e-01
-1.05678618e-01
-1.08729817e-01
-1.11779988e-01
-1.14829108e-01
-1.17877148e-01
-1.20924078e-01
-1.23969868e-01
-1.27014488e-01
-1.30057901e-01
-1.33100078e-01
-1.36140987e-01
-1.39180616e-01
-1.42218933e-01
-1.45255908e-01
-1.48291528e-01
-1.51325747e-01
-1.54358551e-01
-1.57389909e-01
-1.60419792e-01
-1.63448170e-01
-1.66474998e-01
-1.69500262e-01
-1.72523931e-01
-1.75545976e-01
-1.78566366e-01
-1.81585073e-01
-1.84602067e-01
-1.87617332e-01
-1.90630808e-01
-1.93642497e-01
-1.96652338e-01
-1.99660346e-01
-2.02666447e-01
-2.05670640e-01
-2.08672881e-01
-2.11673170e-01
-2.14671478e-01
-2.17667758e-01
-2.20661998e-01
-2.23654166e-01
-2.26644233e-01
-2.29632154e-01
-2.32617930e-01
-2.35601500e-01
-2.38582850e-01
-2.41561949e-01
-2.44538784e-01
-2.47513294e-01
-2.50485480e-01
-2.53455311e-01
-2.56422728e-01
-2.59387761e-01
-2.62350321e-01
-2.65310407e-01
-2.68268019e-01
-2.71223098e-01
-2.74175614e-01
-2.77125567e-01
-2.80072927e-01
-2.83017635e-01
-2.85959661e-01
-2.88899004e-01
-2.91835636e-01
-2.94769496e-01
-2.97700554e-01
-3.00628811e-01
-3.03554237e-01
-3.06476802e-01
-3.09396505e-01
-3.12313288e-01
-3.15227121e-01
-3.18138003e-01
-3.21045876e-01
-3.23950738e-01
-3.26852560e-01
-3.29751253e-01
-3.32646877e-01
-3.35539341e-01
-3.38428646e-01
-3.41314733e-01
-3.44197661e-01
-3.47077310e-01
-3.49953741e-01
-3.52826834e-01
-3.55696619e-01
-3.58563036e-01
-3.61426115e-01
-3.64285737e-01
-3.67141962e-01
-3.69994700e-01
-3.72843921e-01
-3.75689685e-01
-3.78531873e-01
-3.81370515e-01
-3.84205550e-01
-3.87037009e-01
-3.89864773e-01
-3.92688900e-01
-3.95509303e-01
-3.98325950e-01
-4.01138902e-01
-4.03948039e-01
-4.06753391e-01
-4.09554899e-01
-4.12352592e-01
-4.15146351e-01
-4.17936236e-01
-4.20722157e-01
-4.23504084e-01
-4.26282078e-01
-4.29056019e-01
-4.31825936e-01
-4.34591770e-01
-4.37353551e-01
-4.40111160e-01
-4.42864656e-01
-4.45613950e-01
-4.48359042e-01
-4.51099932e-01
-4.53836560e-01
-4.56568927e-01
-4.59296972e-01
-4.62020695e-01
-4.64740068e-01
-4.67455059e-01
-4.70165640e-01
-4.72871810e-01
-4.75573540e-01
-4.78270769e-01
-4.80963498e-01
-4.83651668e-01
-4.86335278e-01
-4.89014298e-01
-4.91688728e-01
-4.94358540e-01
-4.97023672e-01
-4.99684095e-01
-5.02339840e-01
-5.04990876e-01
-5.07637203e-01
-5.10278702e-01
-5.12915373e-01
-5.15547216e-01
-5.18174231e-01
-5.20796359e-01
-5.23413599e-01
-5.26025832e-01
-5.28633177e-01
-5.31235576e-01
-5.33832967e-01
-5.36425292e-01
-5.39012492e-01
-5.41594684e-01
-5.44171751e-01
-5.46743751e-01
-5.49310505e-01
-5.51872134e-01
-5.54428518e-01
-5.56979716e-01
-5.59525669e-01
-5.62066317e-01
-5.64601660e-01
-5.67131698e-01
-5.69656491e-01
-5.72175801e-01
-5.74689746e-01
-5.77198267e-01
-5.79701364e-01
-5.82199037e-01
-5.84691226e-01
-5.87177873e-01
-5.89658916e-01
-5.92134476e-01
-5.94604433e-01
-5.97068846e-01
-5.99527538e-01
-6.01980627e-01
-6.04428053e-01
-6.06869817e-01
-6.09305859e-01
-6.11736119e-01
-6.14160657e-01
-6.16579354e-01
-6.18992329e-01
-6.21399462e-01
-6.23800755e-01
-6.26196086e-01
-6.28585577e-01
-6.30969107e-01
-6.33346736e-01
-6.35718346e-01
-6.38083994e-01
-6.40443563e-01
-6.42797172e-01
-6.45144701e-01
-6.47486210e-01
-6.49821520e-01
-6.52150750e-01
-6.54473782e-01
-6.56790733e-01
-6.59101427e-01
-6.61405981e-01
-6.63704216e-01
-6.65996253e-01
-6.68281972e-01
-6.70561492e-01
-6.72834635e-01
-6.75101459e-01
-6.77361846e-01
-6.79615915e-01
-6.81863606e-01
-6.84104860e-01
-6.86339676e-01
-6.88567996e-01
-6.90789759e-01
-6.93005085e-01
-6.95213854e-01
-6.97416186e-01
-6.99611843e-01
-7.01800942e-01
-7.03983366e-01
-7.06159234e-01
-7.08328485e-01
-7.10491061e-01
-7.12646902e-01
-7.14795947e-01
-7.16938317e-01
-7.19073892e-01
-7.21202791e-01
-7.23324835e-01
-7.25440085e-01
-7.27548420e-01
-7.29649961e-01
-7.31744647e-01
-7.33832479e-01
-7.35913396e-01
-7.37987339e-01
-7.40054309e-01
-7.42114246e-01
-7.44167268e-01
-7.46213257e-01
-7.48252332e-01
-7.50284255e-01
-7.52309084e-01
-7.54326820e-01
-7.56337464e-01
-7.58341014e-01
-7.60337412e-01
-7.62326658e-01
-7.64308691e-01
-7.66283512e-01
-7.68251121e-01
-7.70211518e-01
-7.72164762e-01
-7.74110615e-01
-7.76049197e-01
-7.77980387e-01
-7.79904246e-01
-7.81820774e-01
-7.83729970e-01
-7.85631835e-01
-7.87526250e-01
-7.89413214e-01
-7.91292727e-01
-7.93164849e-01
-7.95029461e-01
-7.96886683e-01
-7.98736334e-01
-8.00578475e-01
-8.02412987e-01
-8.04239988e-01
-8.06059361e-01
-8.07871222e-01
-8.09675515e-01
-8.11472178e-01
-8.13261092e-01
-8.15042377e-01
-8.16815913e-01
-8.18581820e-01
-8.20339978e-01
-8.22090507e-01
-8.23833287e-01
-8.25568259e-01
-8.27295423e-01
-8.29014778e-01
-8.30726326e-01
-8.32430065e-01
-8.34125996e-01
-8.35814118e-01
-8.37494314e-01
-8.39166582e-01
-8.40830922e-01
-8.42487335e-01
-8.44135821e-01
-8.45776379e-01
-8.47409070e-01
-8.49033713e-01
-8.50650370e-01
-8.52258921e-01
-8.53859484e-01
-8.55451941e-01
-8.57036412e-01
-8.58612835e-01
-8.60181212e-01
-8.61741483e-01
-8.63293588e-01
-8.64837527e-01
-8.66373301e-01
-8.67900848e-01
-8.69420290e-01
-8.70931506e-01
-8.72434616e-01
-8.73929501e-01
-8.75416160e-01
-8.76894474e-01
-8.78364563e-01
-8.79826307e-01
-8.81279826e-01
-8.82725060e-01
-8.84162009e-01
-8.85590672e-01
-8.87010992e-01
-8.88422906e-01
-8.89826417e-01
-8.91221523e-01
-8.92608225e-01
-8.93986523e-01
-8.95356417e-01
-8.96717846e-01
-8.98070931e-01
-8.99415553e-01
-9.00751710e-01
-9.02079284e-01
-9.03398395e-01
-9.04708922e-01
-9.06010926e-01
-9.07304406e-01
-9.08589363e-01
-9.09865797e-01
-9.11133707e-01
-9.12393034e-01
-9.13643718e-01
-9.14885759e-01
-9.16119158e-01
-9.17343915e-01
-9.18560028e-01
-9.19767499e-01
-9.20966327e-01
-9.22156453e-01
-9.23337996e-01
-9.24510837e-01
-9.25674975e-01
-9.26830292e-01
-9.27976906e-01
-9.29114699e-01
-9.30243790e-01
-9.31364059e-01
-9.32475626e-01
-9.33578372e-01
-9.34672415e-01
-9.35757637e-01
-9.36834157e-01
-9.37901795e-01
-9.38960552e-01
-9.40010369e-01
-9.41051364e-01
-9.42083418e-01
-9.43106651e-01
-9.44120944e-01
-9.45126414e-01
-9.46122944e-01
-9.47110653e-01
-9.48089421e-01
-9.49059367e-01
-9.50020313e-01
-9.50972319e-01
-9.51915264e-01
-9.52849269e-01
-9.53774214e-01
-9.54690218e-01
-9.55597162e-01
-9.56495166e-01
-9.57384109e-01
-9.58264053e-01
-9.59134996e-01
-9.59996939e-01
-9.60849881e-01
-9.61693823e-01
-9.62528706e-01
-9.63354468e-01
-9.64171112e-01
-9.64978635e-01
-9.65777040e-01
-9.66566324e-01
-9.67346489e-01
-9.68117535e-01
-9.68879461e-01
-9.69632268e-01
-9.70375955e-01
-9.71110523e-01
-9.71835971e-01
-9.72552359e-01
-9.73259568e-01
-9.73957717e-01
-9.74646628e-01
-9.75326419e-01
-9.75996912e-01
-9.76658225e-01
-9.77310240e-01
-9.77953076e-01
-9.78586614e-01
-9.79210913e-01
-9.79825974e-01
-9.80431795e-01
-9.81028378e-01
-9.81615722e-01
-9.82193828e-01
-9.82762694e-01
-9.83322322e-01
-9.83872712e-01
-9.84413862e-01
-9.84945774e-01
-9.85468447e-01
-9.85981882e-01
-9.86486018e-01
-9.86980796e-01
-9.87466335e-01
-9.87942517e-01
-9.88409460e-01
-9.88867044e-01
-9.89315331e-01
-9.89754260e-01
-9.90183830e-01
-9.90604043e-01
-9.91014898e-01
-9.91416395e-01
-9.91808534e-01
-9.92191315e-01
-9.92564738e-01
-9.92928803e-01
-9.93283510e-01
-9.93628860e-01
-9.93964791e-01
-9.94291425e-01
-9.94608641e-01
-9.94916558e-01
-9.95215058e-01
-9.95504260e-01
-9.95784044e-01
-9.96054530e-01
-9.96315598e-01
-9.96567369e-01
-9.96809721e-01
-9.97042656e-01
-9.97266233e-01
-9.97480392e-01
-9.97685194e-01
-9.97880518e-01
-9.98066485e-01
-9.98243034e-01
-9.98410225e-01
-9.98567998e-01
-9.98716295e-01
-9.98855233e-01
-9.98984694e-01
-9.99104798e-01
-9.99215484e-01
-9.99316752e-01
-9.99408603e-01
-9.99490976e-01
-9.99564052e-01
-9.99627650e-01
-9.99681830e-01
-9.99726534e-01
-9.99761879e-01
-9.99787807e-01
-9.99804318e-01
-9.99811351e-01
-9.99808967e-01
-9.99797225e-01
-9.99776006e-01
-9.99745429e-01
-9.99705374e-01
-9.99655962e-01
-9.99597073e-01
-9.99528766e-01
-9.99450982e-01
-9.99363840e-01
-9.99267280e-01
-9.99161363e-01
-9.99045968e-01
-9.98921156e-01
-9.98786926e-01
-9.98643339e-01
-9.98490274e-01
-9.98327851e-01
-9.98155951e-01
-9.97974694e-01
-9.97784019e-01
-9.97583985e-01
-9.97374475e-01
-9.97155666e-01
-9.96927381e-01
-9.96689737e-01
-9.96442676e-01
-9.96186256e-01
-9.95920420e-01
-9.95645285e-01
-9.95360732e-01
-9.95066881e-01
-9.94763613e-01
-9.94451046e-01
-9.94129062e-01
-9.93797779e-01
-9.93457079e-01
-9.93107080e-01
-9.92747664e-01
-9.92378950e-01
-9.92000878e-01
-9.91613448e-01
-9.91216660e-01
-9.90810513e-01
-9.90395010e-01
-9.89970148e-01
-9.89535928e-01
-9.89092350e-01
-9.88639414e-01
-9.88177180e-01
-9.87705588e-01
-9.87224758e-01
-9.86734569e-01
-9.86235082e-01
-9.85726357e-01
-9.85208273e-01
-9.84680951e-01
-9.84144390e-01
-9.83598590e-01
-9.83043551e-01
-9.82479334e-01
-9.81905818e-01
-9.81323123e-01
-9.80731130e-01
-9.80129957e-01
-9.79519486e-01
-9.78899837e-01
-9.78270888e-01
-9.77632761e-01
-9.76985335e-01
-9.76328731e-01
-9.75662827e-01
-9.74987745e-01
-9.74303365e-01
-9.73609865e-01
-9.72907186e-01
-9.72195446e-01
-9.71474528e-01
-9.70744550e-01
-9.70005393e-01
-9.69257176e-01
-9.68499780e-01
-9.67733324e-01
-9.66957688e-01
-9.66172993e-01
-9.65379119e-01
-9.64576125e-01
-9.63764012e-01
-9.62942779e-01
-9.62112427e-01
-9.61273015e-01
-9.60424542e-01
-9.59567070e-01
-9.58700597e-01
-9.57825124e-01
-9.56940651e-01
-9.56047177e-01
-9.55144703e-01
-9.54233229e-01
-9.53312755e-01
-9.52383280e-01
-9.51444805e-01
-9.50497389e-01
-9.49540913e-01
-9.48575497e-01
-9.47601140e-01
-9.46617901e-01
-9.45625782e-01
-9.44624782e-01
-9.43614900e-01
-9.42596138e-01
-9.41568494e-01
-9.40531969e-01
-9.39486563e-01
-9.38432276e-01
-9.37369108e-01
-9.36297059e-01
-9.35216188e-01
-9.34126556e-01
-9.33028162e-01
-9.31921005e-01
-9.30805087e-01
-9.29680407e-01
-9.28546965e-01
-9.27404761e-01
-9.26253796e-01
-9.25094068e-01
-9.23925579e-01
-9.22748387e-01
-9.21562493e-01
-9.20368016e-01
-9.19164836e-01
-9.17953074e-01
-9.16732609e-01
-9.15503561e-01
-9.14265811e-01
-9.13019478e-01
-9.11764443e-01
-9.10500765e-01
-9.09228563e-01
-9.07947838e-01
-9.06658649e-01
-9.05360878e-01
-9.04054642e-01
-9.02739823e-01
-9.01416540e-01
-9.00084674e-01
-8.98744345e-01
-8.97395432e-01
-8.96038175e-01
-8.94672453e-01
-8.93298388e-01
-8.91915917e-01
-8.90525043e-01
-8.89125764e-01
-8.87718081e-01
-8.86301994e-01
-8.84877503e-01
-8.83444726e-01
-8.82003665e-01
-8.80554318e-01
-8.79096687e-01
-8.77630770e-01
-8.76156509e-01
-8.74674022e-01
-8.73183191e-01
-8.71684194e-01
-8.70176971e-01
-8.68661642e-01
-8.67138147e-01
-8.65606487e-01
-8.64066660e-01
-8.62518668e-01
-8.60962510e-01
-8.59398186e-01
-8.57825816e-01
-8.56245399e-01
-8.54656935e-01
-8.53060424e-01
-8.51455867e-01
-8.49843264e-01
-8.48222554e-01
-8.46593916e-01
-8.44957292e-01
-8.43312800e-01
-8.41660321e-01
-8.39999914e-01
-8.38331580e-01
-8.36655319e-01
-8.34971130e-01
-8.33279133e-01
-8.31579328e-01
-8.29871655e-01
-8.28156233e-01
-8.26432943e-01
-8.24701905e-01
-8.22962999e-01
-8.21216345e-01
-8.19462001e-01
-8.17699969e-01
-8.15930247e-01
-8.14152837e-01
-8.12367737e-01
-8.10574949e-01
-8.08774471e-01
-8.06966424e-01
-8.05150807e-01
-8.03327620e-01
-8.01496863e-01
-7.99658537e-01
-7.97812641e-01
-7.95959175e-01
-7.94098318e-01
-7.92229950e-01
-7.90354133e-01
-7.88470864e-01
-7.86580145e-01
-7.84681976e-01
-7.82776415e-01
-7.80863523e-01
-7.78943300e-01
-7.77015746e-01
-7.75080860e-01
-7.73138583e-01
-7.71189034e-01
-7.69232213e-01
-7.67268240e-01
-7.65297055e-01
-7.63318658e-01
-7.61333048e-01
-7.59340227e-01
-7.57340252e-01
-7.55333185e-01
-7.53318965e-01
-7.51297712e-01
-7.49269307e-01
-7.47233868e-01
-7.45191276e-01
-7.43141770e-01
-7.41085231e-01
-7.39021778e-01
-7.36951351e-01
-7.34873950e-01
-7.32789576e-01
-7.30698347e-01
-7.28600264e-01
-7.26495326e-01
-7.24383533e-01
-7.22264826e-01
-7.20139325e-01
-7.18007088e-01
-7.15868115e-01
-7.13722408e-01
-7.11569965e-01
-7.09410787e-01
-7.07244873e-01
-7.05072343e-01
-7.02893198e-01
-7.00707436e-01
-6.98515058e-01
-6.96316063e-01
-6.94110453e-01
-6.91898406e-01
-6.89679801e-01
-6.87454760e-01
-6.85223162e-01
-6.82985067e-01
-6.80740595e-01
-6.78489745e-01
-6.76232517e-01
-6.73968911e-01
-6.71698928e-01
-6.69422567e-01
-6.67139947e-01
-6.64851069e-01
-6.62555933e-01
-6.60254538e-01
-6.57946885e-01
-6.55633032e-01
-6.53313041e-01
-6.50986910e-01
-6.48654640e-01
-6.46316171e-01
-6.43971622e-01
-6.41620994e-01
-6.39264405e-01
-6.36901796e-01
-6.34533167e-01
-6.32158577e-01
-6.29778028e-01
-6.27391577e-01
-6.24999225e-01
-6.22600913e-01
-6.20196760e-01
-6.17786705e-01
-6.15370929e-01
-6.12949312e-01
-6.10521972e-01
-6.08088791e-01
-6.05649829e-01
-6.03205204e-01
-6.00754976e-01
-5.98299026e-01
-5.95837474e-01
-5.93370199e-01
-5.90897441e-01
-5.88419080e-01
-5.85935235e-01
-5.83445787e-01
-5.80950856e-01
-5.78450441e-01
-5.75944662e-01
-5.73433399e-01
-5.70916772e-01
-5.68394661e-01
-5.65867305e-01
-5.63334584e-01
-5.60796618e-01
-5.58253288e-01
-5.55704653e-01
-5.53150833e-01
-5.50591886e-01
-5.48027694e-01
-5.45458376e-01
-5.42883813e-01
-5.40304244e-01
-5.37719548e-01
-5.35129845e-01
-5.32535017e-01
-5.29935181e-01
-5.27330339e-01
-5.24720609e-01
-5.22105873e-01
-5.19486248e-01
-5.16861618e-01
-5.14232218e-01
-5.11597931e-01
-5.08958876e-01
-5.06314933e-01
-5.03666222e-01
-5.01012802e-01
-4.98354644e-01
-4.95691836e-01
-4.93024349e-01
-4.90352243e-01
-4.87675488e-01
-4.84994143e-01
-4.82308239e-01
-4.79617774e-01
-4.76922810e-01
-4.74223316e-01
-4.71519381e-01
-4.68811005e-01
-4.66098219e-01
-4.63381022e-01
-4.60659444e-01
-4.57933545e-01
-4.55203325e-01
-4.52468842e-01
-4.49730098e-01
-4.46987092e-01
-4.44239885e-01
-4.41488504e-01
-4.38732952e-01
-4.35973257e-01
-4.33209479e-01
-4.30441618e-01
-4.27669674e-01
-4.24893707e-01
-4.22113746e-01
-4.19329792e-01
-4.16541874e-01
-4.13750052e-01
-4.10954356e-01
-4.08154786e-01
-4.05351371e-01
-4.02544111e-01
-3.99733067e-01
-3.96918267e-01
-3.94099712e-01
-3.91277432e-01
-3.88451487e-01
-3.85621876e-01
-3.82788658e-01
-3.79951805e-01
-3.77111375e-01
-3.74267399e-01
-3.71419847e-01
-3.68568838e-01
-3.65714371e-01
-3.62856448e-01
-3.59995067e-01
-3.57130319e-01
-3.54262203e-01
-3.51390779e-01
-3.48516047e-01
-3.45637977e-01
-3.42756689e-01
-3.39872181e-01
-3.36984456e-01
-3.34093541e-01
-3.31199497e-01
-3.28302324e-01
-3.25402081e-01
-3.22498739e-01
-3.19592416e-01
-3.16683054e-01
-3.13770682e-01
-3.10855389e-01
-3.07937115e-01
-3.05015981e-01
-3.02091956e-01
-2.99165100e-01
-2.96235383e-01
-2.93302923e-01
-2.90367693e-01
-2.87429750e-01
-2.84489065e-01
-2.81545728e-01
-2.78599709e-01
-2.75651067e-01
-2.72699833e-01
-2.69746035e-01
-2.66789675e-01
-2.63830781e-01
-2.60869414e-01
-2.57905602e-01
-2.54939348e-01
-2.51970708e-01
-2.48999700e-01
-2.46026337e-01
-2.43050680e-01
-2.40072727e-01
-2.37092525e-01
-2.34110102e-01
-2.31125459e-01
-2.28138626e-01
-2.25149646e-01
-2.22158536e-01
-2.19165325e-01
-2.16170043e-01
-2.13172734e-01
-2.10173398e-01
-2.07172096e-01
-2.04168841e-01
-2.01163650e-01
-1.98156565e-01
-1.95147634e-01
-1.92136839e-01
-1.89124256e-01
-1.86109900e-01
-1.83093786e-01
-1.80075958e-01
-1.77056447e-01
-1.74035266e-01
-1.71012446e-01
-1.67988002e-01
-1.64961979e-01
-1.61934391e-01
-1.58905268e-01
-1.55874640e-01
-1.52842551e-01
-1.49809018e-01
-1.46774068e-01
-1.43737733e-01
-1.40700057e-01
-1.37661040e-01
-1.34620726e-01
-1.31579146e-01
-1.28536329e-01
-1.25492319e-01
-1.22447111e-01
-1.19400762e-01
-1.16353288e-01
-1.13304719e-01
-1.10255077e-01
-1.07204400e-01
-1.04152717e-01
-1.01100057e-01
-9.80464518e-02
-9.49919224e-02
-9.19364989e-02
-8.88802037e-02
-8.58230665e-02
-8.27651173e-02
-7.97063857e-02
-7.66469240e-02
-7.35867694e-02
-7.05259815e-02
-6.74646273e-02
-6.44028261e-02
-6.13407232e-02
-5.82785457e-02
-5.52166328e-02
-5.21554425e-02
-4.90956232e-02
-4.60380390e-02
-4.29838113e-02
-3.99343409e-02
-3.68913040e-02
-3.38566229e-02
-3.08324005e-02
-2.78207883e-02
-2.48238388e-02
-2.18432955e-02
-1.88804027e-02
-1.59356873e-02
-1.30087929e-02
-1.00983800e-02
-7.20210234e-03
-4.31668758e-03
-1.43811665e-03
1.43811665e-03
4.31668758e-03
