-4.14511329e-03
-1.37844787e-03
1.37844787e-03
4.14511329e-03
6.93933526e-03
9.77414660e-03
1.26561280e-02
1.55853452e-02
1.85566898e-02
2.15619951e-02
2.45922133e-02
2.76390892e-02
3.06960829e-02
3.37586030e-02
3.68237644e-02
3.98899317e-02
4.29562740e-02
4.60224040e-02
4.90881577e-02
5.21534607e-02
5.52182719e-02
5.82825653e-02
6.13463148e-02
6.44094795e-02
6.74720481e-02
7.05339760e-02
7.35952407e-02
7.66558126e-02
7.97156692e-02
8.27747658e-02
8.58330801e-02
8.88905823e-02
9.19472426e-02
9.50030386e-02
9.80579406e-02
1.01111911e-01
1.04164936e-01
1.07216977e-01
1.10268012e-01
1.13318011e-01
1.16366945e-01
1.19414784e-01
1.22461490e-01
1.25507042e-01
1.28551424e-01
1.31594598e-01
1.34636521e-01
1.37677193e-01
1.40716553e-01
1.43754601e-01
1.46791279e-01
1.49826586e-01
1.52860478e-01
1.55892923e-01
1.58923894e-01
1.61953375e-01
1.64981321e-01
1.68007717e-01
1.71032518e-01
1.74055710e-01
1.77077264e-01
1.80097148e-01
1.83115333e-01
1.86131790e-01
1.89146504e-01
1.92159444e-01
1.95170566e-01
1.98179856e-01
2.01187298e-01
2.04192817e-01
2.07196444e-01
2.10198089e-01
2.13197768e-01
2.16195434e-01
2.19191059e-01
2.22184628e-01
2.25176096e-01
2.28165433e-01
2.31152609e-01
2.34137610e-01
2.37120405e-01
2.40100980e-01
2.43079275e-01
2.46055290e-01
2.49028981e-01
2.52000362e-01
2.54969329e-01
2.57935941e-01
2.60900110e-01
2.63861805e-01
2.66821027e-01
2.69777715e-01
2.72731870e-01
2.75683463e-01
2.78632432e-01
2.81578779e-01
2.84522474e-01
2.87463516e-01
2.90401816e-01
2.93337375e-01
2.96270192e-01
2.99200237e-01
3.02127451e-01
3.05051833e-01
3.07973325e-01
3.10891926e-01
3.13807577e-01
3.16720277e-01
3.19629967e-01
3.22536677e-01
3.25440317e-01
3.28340918e-01
3.31238449e-01
3.34132820e-01
3.37024093e-01
3.39912146e-01
3.42797011e-01
3.45678627e-01
3.48557025e-01
3.51432085e-01
3.54303867e-01
3.57172310e-01
3.60037416e-01
3.62899095e-01
3.65757346e-01
3.68612170e-01
3.71463507e-01
3.74311358e-01
3.77155691e-01
3.79996449e-01
3.82833630e-01
3.85667205e-01
3.88497144e-01
3.91323417e-01
3.94146025e-01
3.96964908e-01
3.99780065e-01
4.02591437e-01
4.05398995e-01
4.08202738e-01
4.11002666e-01
4.13798690e-01
4.16590840e-01
4.19379085e-01
4.22163367e-01
4.24943656e-01
4.27719951e-01
4.30492222e-01
4.33260411e-01
4.36024517e-01
4.38784510e-01
4.41540390e-01
4.44292128e-01
4.47039664e-01
4.49782968e-01
4.52522069e-01
4.55256909e-01
4.57987458e-01
4.60713655e-01
4.63435560e-01
4.66153055e-01
4.68866199e-01
4.71574903e-01
4.74279165e-01
4.76978928e-01
4.79674220e-01
4.82365012e-01
4.85051244e-01
4.87732887e-01
4.90409940e-01
4.93082374e-01
4.95750159e-01
4.98413295e-01
5.01071751e-01
5.03725469e-01
5.06374478e-01
5.09018719e-01
5.11658132e-01
5.14292657e-01
5.16922414e-01
5.19547284e-01
5.22167265e-01
5.24782300e-01
5.27392387e-01
5.29997528e-01
5.32597661e-01
5.35192788e-01
5.37782848e-01
5.40367842e-01
5.42947769e-01
5.45522571e-01
5.48092246e-01
5.50656736e-01
5.53216040e-01
5.55770159e-01
5.58319092e-01
5.60862660e-01
5.63400984e-01
5.65933943e-01
5.68461657e-01
5.70984006e-01
5.73500991e-01
5.76012492e-01
5.78518629e-01
5.81019282e-01
5.83514452e-01
5.86004138e-01
5.88488340e-01
5.90966940e-01
5.93440056e-01
5.95907569e-01
5.98369479e-01
6.00825667e-01
6.03276253e-01
6.05721116e-01
6.08160317e-01
6.10593736e-01
6.13021433e-01
6.15443289e-01
6.17859423e-01
6.20269716e-01
6.22674227e-01
6.25072777e-01
6.27465427e-01
6.29852176e-01
6.32233024e-01
6.34607971e-01
6.36976898e-01
6.39339745e-01
6.41696632e-01
6.44047439e-01
6.46392286e-01
6.48730934e-01
6.51063502e-01
6.53389871e-01
6.55710161e-01
6.58024311e-01
6.60332263e-01
6.62633896e-01
6.64929330e-01
6.67218447e-01
6.69501364e-01
6.71777964e-01
6.74048245e-01
6.76312089e-01
6.78569615e-01
6.80820704e-01
6.83065474e-01
6.85303807e-01
6.87535644e-01
6.89760983e-01
6.91979825e-01
6.94192111e-01
6.96397960e-01
6.98597193e-01
7.00789869e-01
7.02975869e-01
7.05155313e-01
7.07328081e-01
7.09494174e-01
7.11653590e-01
7.13806331e-01
7.15952277e-01
7.18091547e-01
7.20224023e-01
7.22349823e-01
7.24468708e-01
7.26580799e-01
7.28685975e-01
7.30784297e-01
7.32875764e-01
7.34960377e-01
7.37038016e-01
7.39108682e-01
7.41172433e-01
7.43229151e-01
7.45278955e-01
7.47321725e-01
7.49357462e-01
7.51386046e-01
7.53407598e-01
7.55421996e-01
7.57429361e-01
7.59429574e-01
7.61422634e-01
7.63408482e-01
7.65387118e-01
7.67358541e-01
7.69322753e-01
7.71279812e-01
7.73229539e-01
7.75171995e-01
7.77107120e-01
7.79034913e-01
7.80955374e-01
7.82868505e-01
7.84774303e-01
7.86672652e-01
7.88563609e-01
7.90447056e-01
7.92323112e-01
7.94191658e-01
7.96052814e-01
7.97906458e-01
7.99752593e-01
8.01591098e-01
8.03422093e-01
8.05245459e-01
8.07061315e-01
8.08869541e-01
8.10670257e-01
8.12463284e-01
8.14248621e-01
8.16026270e-01
8.17796171e-01
8.19558442e-01
8.21312964e-01
8.23059857e-01
8.24798882e-01
8.26530159e-01
8.28253627e-01
8.29969287e-01
8.31677139e-01
8.33377182e-01
8.35069418e-01
8.36753786e-01
8.38430226e-01
8.40098739e-01
8.41759324e-01
8.43411982e-01
8.45056713e-01
8.46693516e-01
8.48322332e-01
8.49943221e-01
8.51556003e-01
8.53160799e-01
8.54757488e-01
8.56346130e-01
8.57926726e-01
8.59499276e-01
8.61063778e-01
8.62620115e-01
8.64168286e-01
8.65708351e-01
8.67240191e-01
8.68763924e-01
8.70279431e-01
8.71786833e-01
8.73286009e-01
8.74776959e-01
8.76259625e-01
8.77734005e-01
8.79200101e-01
8.80657911e-01
8.82107437e-01
8.83548677e-01
8.84981632e-01
8.86406302e-01
8.87822568e-01
8.89230430e-01
8.90629888e-01
8.92020941e-01
8.93403590e-01
8.94777834e-01
8.96143675e-01
8.97501111e-01
8.98850143e-01
9.00190651e-01
9.01522696e-01
9.02846158e-01
9.04161155e-01
9.05467570e-01
9.06765461e-01
9.08054829e-01
9.09335673e-01
9.10607994e-01
9.11871791e-01
9.13126945e-01
9.14373457e-01
9.15611327e-01
9.16840553e-01
9.18061137e-01
9.19273078e-01
9.20476377e-01
9.21671033e-01
9.22856987e-01
9.24034357e-01
9.25202966e-01
9.26362872e-01
9.27513957e-01
9.28656340e-01
9.29789901e-01
9.30914760e-01
9.32030797e-01
9.33138072e-01
9.34236586e-01
9.35326338e-01
9.36407328e-01
9.37479496e-01
9.38542783e-01
9.39597189e-01
9.40642715e-01
9.41679358e-01
9.42707121e-01
9.43726003e-01
9.44736004e-01
9.45737123e-01
9.46729362e-01
9.47712779e-01
9.48687255e-01
9.49652791e-01
9.50609326e-01
9.51556921e-01
9.52495456e-01
9.53425050e-01
9.54345584e-01
9.55257177e-01
9.56159770e-01
9.57053363e-01
9.57937956e-01
9.58813548e-01
9.59680140e-01
9.60537672e-01
9.61386204e-01
9.62225676e-01
9.63056087e-01
9.63877380e-01
9.64689553e-01
9.65492666e-01
9.66286600e-01
9.67071474e-01
9.67847168e-01
9.68613803e-01
9.69371259e-01
9.70119655e-01
9.70858872e-01
9.71589029e-01
9.72310007e-01
9.73021865e-01
9.73724544e-01
9.74418104e-01
9.75102425e-01
9.75777566e-01
9.76443529e-01
9.77100253e-01
9.77747798e-01
9.78386045e-01
9.79015112e-01
9.79634881e-01
9.80245471e-01
9.80846763e-01
9.81438875e-01
9.82021689e-01
9.82595265e-01
9.83159602e-01
9.83714700e-01
9.84260559e-01
9.84797180e-01
9.85324502e-01
9.85842586e-01
9.86351311e-01
9.86850798e-01
9.87340987e-01
9.87821817e-01
9.88293409e-01
9.88755643e-01
9.89208579e-01
9.89652157e-01
9.90086436e-01
9.90511417e-01
9.90927041e-01
9.91333306e-01
9.91730213e-01
9.92117763e-01
9.92495954e-01
9.92864788e-01
9.93224263e-01
9.93574321e-01
9.93915081e-01
9.94246423e-01
9.94568467e-01
9.94881094e-01
9.95184422e-01
9.95478332e-01
9.95762944e-01
9.96038139e-01
9.96303976e-01
9.96560395e-01
9.96807456e-01
9.97045100e-01
9.97273386e-01
9.97492194e-01
9.97701705e-01
9.97901738e-01
9.98092413e-01
9.98273671e-01
9.98445511e-01
9.98607993e-01
9.98760998e-01
9.98904645e-01
9.99038875e-01
9.99163687e-01
9.99279082e-01
9.99384999e-01
9.99481559e-01
9.99568701e-01
9.99646485e-01
9.99714792e-01
9.99773681e-01
9.99823093e-01
9.99863148e-01
9.99893725e-01
9.99914944e-01
9.99926686e-01
9.99929070e-01
9.99922037e-01
9.99905527e-01
9.99879599e-01
9.99844253e-01
9.99799550e-01
9.99745369e-01
9.99681830e-01
9.99608755e-01
9.99526322e-01
9.99434412e-01
9.99333203e-01
9.99222517e-01
9.99102473e-01
9.98972952e-01
9.98834014e-01
9.98685658e-01
9.98527944e-01
9.98360753e-01
9.98184204e-01
9.97998238e-01
9.97802913e-01
9.97598112e-01
9.97383952e-01
9.97160435e-01
9.96927440e-01
9.96685088e-01
9.96433377e-01
9.96172190e-01
9.95901704e-01
9.95621800e-01
9.95332539e-01
9.95033860e-01
9.94725883e-01
9.94408488e-01
9.94081795e-01
9.93745685e-01
9.93400276e-01
9.93045509e-01
9.92681384e-01
9.92307901e-01
9.91925061e-01
9.91532862e-01
9.91131306e-01
9.90720391e-01
9.90300119e-01
9.89870489e-01
9.89431560e-01
9.88983274e-01
9.88525689e-01
9.88058805e-01
9.87582564e-01
9.87097025e-01
9.86602247e-01
9.86098111e-01
9.85584676e-01
9.85062003e-01
9.84530032e-01
9.83988762e-01
9.83438253e-01
9.82878506e-01
9.82309520e-01
9.81731296e-01
9.81143832e-01
9.80547130e-01
9.79941189e-01
9.79326010e-01
9.78701651e-01
9.78067994e-01
9.77425158e-01
9.76773024e-01
9.76111710e-01
9.75441158e-01
9.74761426e-01
9.74072456e-01
9.73374367e-01
9.72667098e-01
9.71950650e-01
9.71225142e-01
9.70490456e-01
9.69746649e-01
9.68993723e-01
9.68231678e-01
9.67460513e-01
9.66680229e-01
9.65890825e-01
9.65092301e-01
9.64284658e-01
9.63467896e-01
9.62642014e-01
9.61807072e-01
9.60963070e-01
9.60110068e-01
9.59248006e-01
9.58376944e-01
9.57496881e-01
9.56607819e-01
9.55709755e-01
9.54802632e-01
9.53886569e-01
9.52961445e-01
9.52027380e-01
9.51084256e-01
9.50132191e-01
9.49171126e-01
9.48201120e-01
9.47222173e-01
9.46234405e-01
9.45237696e-01
9.44232166e-01
9.43217695e-01
9.42194402e-01
9.41162169e-01
9.40121114e-01
9.39071119e-01
9.38012242e-01
9.36944485e-01
9.35867906e-01
9.34782505e-01
9.33688343e-01
9.32585418e-01
9.31473732e-01
9.30353284e-01
9.29224133e-01
9.28086162e-01
9.26939487e-01
9.25783992e-01
9.24619794e-01
9.23446774e-01
9.22265112e-01
9.21074748e-01
9.19875801e-01
9.18668151e-01
9.17451918e-01
9.16226983e-01
9.14993465e-01
9.13751245e-01
9.12500441e-01
9.11240995e-01
9.09972906e-01
9.08696294e-01
9.07411158e-01
9.06117499e-01
9.04815316e-01
9.03504610e-01
9.02185440e-01
9.00857687e-01
8.99521470e-01
8.98176670e-01
8.96823466e-01
8.95461798e-01
8.94091785e-01
8.92713308e-01
8.91326487e-01
8.89931202e-01
8.88527572e-01
8.87115479e-01
8.85695040e-01
8.84266198e-01
8.82829070e-01
8.81383717e-01
8.79930019e-01
8.78468096e-01
8.76997828e-01
8.75519335e-01
8.74032497e-01
8.72537434e-01
8.71034145e-01
8.69522750e-01
8.68003130e-01
8.66475344e-01
8.64939392e-01
8.63395274e-01
8.61842990e-01
8.60282540e-01
8.58713984e-01
8.57137382e-01
8.55552733e-01
8.53960037e-01
8.52359354e-01
8.50750566e-01
8.49133790e-01
8.47508907e-01
8.45876098e-01
8.44235301e-01
8.42586637e-01
8.40929985e-01
8.39265466e-01
8.37592959e-01
8.35912585e-01
8.34224284e-01
8.32528174e-01
8.30824256e-01
8.29112470e-01
8.27392936e-01
8.25665534e-01
8.23930383e-01
8.22187364e-01
8.20436656e-01
8.18678200e-01
8.16912115e-01
8.15138340e-01
8.13356876e-01
8.11567724e-01
8.09770882e-01
8.07966411e-01
8.06154370e-01
8.04334760e-01
8.02507579e-01
8.00672829e-01
7.98830509e-01
7.96980619e-01
7.95123160e-01
7.93258309e-01
7.91386008e-01
7.89506257e-01
7.87619054e-01
7.85724401e-01
7.83822298e-01
7.81912863e-01
7.79996097e-01
7.78072000e-01
7.76140571e-01
7.74201751e-01
7.72255659e-01
7.70302236e-01
7.68341660e-01
7.66373813e-01
7.64398754e-01
7.62416482e-01
7.60426998e-01
7.58430302e-01
7.56426513e-01
7.54415631e-01
7.52397656e-01
7.50372589e-01
7.48340428e-01
7.46301234e-01
7.44254947e-01
7.42201746e-01
7.40141511e-01
7.38074303e-01
7.36000121e-01
7.33918965e-01
7.31830895e-01
7.29735970e-01
7.27634192e-01
7.25525558e-01
7.23410130e-01
7.21287787e-01
7.19158649e-01
7.17022777e-01
7.14880168e-01
7.12730825e-01
7.10574746e-01
7.08411932e-01
7.06242442e-01
7.04066336e-01
7.01883614e-01
6.99694276e-01
6.97498381e-01
6.95295811e-01
6.93086743e-01
6.90871119e-01
6.88649058e-01
6.86420500e-01
6.84185445e-01
6.81943953e-01
6.79696023e-01
6.77441716e-01
6.75181031e-01
6.72913909e-01
6.70640469e-01
6.68360651e-01
6.66074634e-01
6.63782358e-01
6.61483824e-01
6.59179032e-01
6.56868041e-01
6.54550850e-01
6.52227521e-01
6.49898052e-01
6.47562444e-01
6.45220637e-01
6.42872810e-01
6.40518963e-01
6.38159096e-01
6.35793209e-01
6.33421302e-01
6.31043375e-01
6.28659546e-01
6.26269817e-01
6.23874187e-01
6.21472657e-01
6.19065225e-01
6.16652012e-01
6.14233017e-01
6.11808240e-01
6.09377682e-01
6.06941342e-01
6.04499280e-01
6.02051616e-01
5.99598229e-01
5.97139239e-01
5.94674528e-01
5.92204273e-01
5.89728415e-01
5.87247074e-01
5.84760129e-01
5.82267642e-01
5.79769671e-01
5.77266276e-01
5.74757457e-01
5.72243214e-01
5.69723606e-01
5.67198515e-01
5.64668179e-01
5.62132537e-01
5.59591591e-01
5.57045341e-01
5.54493845e-01
5.51937163e-01
5.49375236e-01
5.46808183e-01
5.44235885e-01
5.41658521e-01
5.39076030e-01
5.36488533e-01
5.33895910e-01
5.31298220e-01
5.28695524e-01
5.26087880e-01
5.23475349e-01
5.20857811e-01
5.18235385e-01
5.15608072e-01
5.12975931e-01
5.10338962e-01
5.07697165e-01
5.05050540e-01
5.02399147e-01
4.99743104e-01
4.97082323e-01
4.94416893e-01
4.91746753e-01
4.89071995e-01
4.86392647e-01
4.83708709e-01
4.81020212e-01
4.78327155e-01
4.75629628e-01
4.72927570e-01
4.70221102e-01
4.67510194e-01
4.64794874e-01
4.62075204e-01
4.59351122e-01
4.56622750e-01
4.53890085e-01
4.51153129e-01
4.48411882e-01
4.45666462e-01
4.42916840e-01
4.40163046e-01
4.37405109e-01
4.34643000e-01
4.31876838e-01
4.29106593e-01
4.26332325e-01
4.23554033e-01
4.20771748e-01
4.17985529e-01
4.15195316e-01
4.12401229e-01
4.09603208e-01
4.06801373e-01
4.03995693e-01
4.01186198e-01
3.98372948e-01
3.95555943e-01
3.92735213e-01
3.89910758e-01
3.87082636e-01
3.84250879e-01
3.81415486e-01
3.78576487e-01
3.75733942e-01
3.72887880e-01
3.70038271e-01
3.67185205e-01
3.64328653e-01
3.61468703e-01
3.58605295e-01
3.55738550e-01
3.52868408e-01
3.49994987e-01
3.47118229e-01
3.44238251e-01
3.41354996e-01
3.38468552e-01
3.35578889e-01
3.32686096e-01
3.29790145e-01
3.26891094e-01
3.23988944e-01
3.21083754e-01
3.18175524e-01
3.15264314e-01
3.12350124e-01
3.09433013e-01
3.06512982e-01
3.03590059e-01
3.00664276e-01
2.97735661e-01
2.94804245e-01
2.91870028e-01
2.88933069e-01
2.85993397e-01
2.83051014e-01
2.80105948e-01
2.77158290e-01
2.74207979e-01
2.71255106e-01
2.68299669e-01
2.65341729e-01
2.62381285e-01
2.59418368e-01
2.56453007e-01
2.53485233e-01
2.50515044e-01
2.47542515e-01
2.44567648e-01
2.41590470e-01
2.38611013e-01
2.35629320e-01
2.32645392e-01
2.29659274e-01
2.26670995e-01
2.23680586e-01
2.20688075e-01
2.17693478e-01
2.14696839e-01
2.11698174e-01
2.08697528e-01
2.05694914e-01
2.02690363e-01
1.99683905e-01
1.96675554e-01
1.93665341e-01
1.90653309e-01
1.87639475e-01
1.84623867e-01
1.81606516e-01
1.78587452e-01
1.75566718e-01
1.72544315e-01
1.69520289e-01
1.66494682e-01
1.63467497e-01
1.60438776e-01
1.57408535e-01
1.54376835e-01
1.51343673e-01
1.48309082e-01
1.45273104e-01
1.42235756e-01
1.39197066e-01
1.36157066e-01
1.33115783e-01
1.30073249e-01
1.27029479e-01
1.23984501e-01
1.20938353e-01
1.17891066e-01
1.14842668e-01
1.11793190e-01
1.08742662e-01
1.05691113e-01
1.02638580e-01
9.95850712e-02
9.65306312e-02
9.34752822e-02
9.04190540e-02
8.73619616e-02
8.43040496e-02
8.12453330e-02
7.81858563e-02
7.51256347e-02
7.20647126e-02
6.90031052e-02
6.59408569e-02
6.28779829e-02
5.98145276e-02
5.67505099e-02
5.36859594e-02
5.06208986e-02
4.75553609e-02
4.44893725e-02
4.14229631e-02
3.83561626e-02
3.52890007e-02
3.22215073e-02
2.91537102e-02
2.60856394e-02
2.30173226e-02
1.99487898e-02
1.68800671e-02
1.38111869e-02
1.07421763e-02
7.67306378e-03
4.60387906e-03
1.53465115e-03
-1.53459155e-03
-4.60381946e-03
-7.67300418e-03
-1.07421167e-02
-1.38111273e-02
-1.68800075e-02
-1.99487302e-02
-2.30172630e-02
-2.60855798e-02
-2.91536506e-02
-3.22214477e-02
-3.52889411e-02
-3.83561030e-02
-4.14229035e-02
-4.44893129e-02
-4.75553013e-02
-5.06208390e-02
-5.36858998e-02
-5.67504503e-02
-5.98144680e-02
-6.28779233e-02
-6.59407973e-02
-6.90030456e-02
-7.20646530e-02
-7.51255751e-02
-7.81857967e-02
-8.12452734e-02
-8.43039900e-02
-8.73619020e-02
-9.04189944e-02
-9.34752226e-02
-9.65305716e-02
-9.95850116e-02
-1.02638520e-01
-1.05691053e-01
-1.08742602e-01
-1.11793131e-01
-1.14842609e-01
-1.17891006e-01
-1.20938294e-01
-1.23984441e-01
-1.27029419e-01
-1.30073190e-01
-1.33115724e-01
-1.36157006e-01
-1.39197007e-01
-1.42235696e-01
-1.45273045e-01
-1.48309022e-01
-1.51343614e-01
-1.54376775e-01
-1.57408476e-01
-1.60438716e-01
-1.63467437e-01
-1.66494623e-01
-1.69520229e-01
-1.72544256e-01
-1.75566658e-01
-1.78587392e-01
-1.81606457e-01
-1.84623808e-01
-1.87639415e-01
-1.90653250e-01
-1.93665281e-01
-1.96675494e-01
-1.99683845e-01
-2.02690303e-01
-2.05694854e-01
-2.08697468e-01
-2.11698115e-01
-2.14696780e-01
-2.17693418e-01
-2.20688015e-01
-2.23680526e-01
-2.26670936e-01
-2.29659215e-01
-2.32645333e-01
-2.35629261e-01
-2.38610953e-01
-2.41590410e-01
-2.44567588e-01
-2.47542456e-01
-2.50514984e-01
-2.53485173e-01
-2.56452948e-01
-2.59418309e-01
-2.62381226e-01
-2.65341669e-01
-2.68299609e-01
-2.71255046e-01
-2.74207920e-01
-2.77158231e-01
-2.80105889e-01
-2.83050954e-01
-2.85993338e-01
-2.88933009e-01
-2.91869968e-01
-2.94804186e-01
-2.97735602e-01
-3.00664216e-01
-3.03590000e-01
-3.06512922e-01
-3.09432954e-01
-3.12350065e-01
-3.15264255e-01
-3.18175465e-01
-3.21083695e-01
-3.23988885e-01
-3.26891035e-01
-3.29790086e-01
-3.32686037e-01
-3.35578829e-01
-3.38468492e-01
-3.41354936e-01
-3.44238192e-01
-3.47118199e-01
-3.49994928e-01
-3.52868378e-01
-3.55738491e-01
-3.58605266e-01
-3.61468643e-01
-3.64328623e-01
-3.67185175e-01
-3.70038241e-01
-3.72887820e-01
-3.75733882e-01
-3.78576428e-01
-3.81415427e-01
-3.84250820e-01
-3.87082577e-01
-3.89910698e-01
-3.92735153e-01
-3.95555884e-01
-3.98372889e-01
-4.01186138e-01
-4.03995633e-01
-4.06801313e-01
-4.09603179e-01
-4.12401170e-01
-4.15195286e-01
-4.17985469e-01
-4.20771688e-01
-4.23553973e-01
-4.26332265e-01
-4.29106563e-01
-4.31876779e-01
-4.34642971e-01
-4.37405050e-01
-4.40163016e-01
-4.42916811e-01
-4.45666432e-01
-4.48411852e-01
-4.51153040e-01
-4.53889996e-01
-4.56622690e-01
-4.59351063e-01
-4.62075114e-01
-4.64794785e-01
-4.67510104e-01
-4.70221043e-01
-4.72927541e-01
-4.75629568e-01
-4.78327125e-01
-4.81020182e-01
-4.83708680e-01
-4.86392617e-01
-4.89071965e-01
-4.91746724e-01
-4.94416833e-01
-4.97082263e-01
-4.99743044e-01
-5.02399087e-01
-5.05050480e-01
-5.07697105e-01
-5.10338902e-01
-5.12975872e-01
-5.15608013e-01
-5.18235326e-01
-5.20857751e-01
-5.23475289e-01
-5.26087821e-01
-5.28695464e-01
-5.31298161e-01
-5.33895850e-01
-5.36488473e-01
-5.39075971e-01
-5.41658461e-01
-5.44235826e-01
-5.46808124e-01
-5.49375176e-01
-5.51937103e-01
-5.54493785e-01
-5.57045281e-01
-5.59591532e-01
-5.62132478e-01
-5.64668119e-01
-5.67198455e-01
-5.69723547e-01
-5.72243154e-01
-5.74757397e-01
-5.77266216e-01
-5.79769611e-01
-5.82267582e-01
-5.84760070e-01
-5.87247014e-01
-5.89728415e-01
-5.92204213e-01
-5.94674528e-01
-5.97139180e-01
-5.99598229e-01
-6.02051556e-01
-6.04499280e-01
-6.06941342e-01
-6.09377682e-01
-6.11808240e-01
-6.14233017e-01
-6.16652012e-01
-6.19065225e-01
-6.21472597e-01
-6.23874128e-01
-6.26269758e-01
-6.28659487e-01
-6.31043315e-01
-6.33421242e-01
-6.35793149e-01
-6.38159037e-01
-6.40518904e-01
-6.42872751e-01
-6.45220637e-01
-6.47562385e-01
-6.49897993e-01
-6.52227461e-01
-6.54550791e-01
-6.56867981e-01
-6.59179032e-01
-6.61483824e-01
-6.63782358e-01
-6.66074634e-01
-6.68360651e-01
-6.70640469e-01
-6.72913909e-01
-6.75180972e-01
-6.77441657e-01
-6.79695964e-01
-6.81943893e-01
-6.84185445e-01
-6.86420500e-01
-6.88649058e-01
-6.90871119e-01
-6.93086684e-01
-6.95295811e-01
-6.97498322e-01
-6.99694276e-01
-7.01883614e-01
-7.04066336e-01
-7.06242442e-01
-7.08411932e-01
-7.10574746e-01
-7.12730825e-01
-7.14880168e-01
-7.17022777e-01
-7.19158590e-01
-7.21287727e-01
-7.23410010e-01
-7.25525498e-01
-7.27634132e-01
-7.29735911e-01
-7.31830835e-01
-7.33918905e-01
-7.36000061e-01
-7.38074243e-01
-7.40141451e-01
-7.42201686e-01
-7.44254947e-01
-7.46301174e-01
-7.48340428e-01
-7.50372589e-01
-7.52397656e-01
-7.54415631e-01
-7.56426513e-01
-7.58430302e-01
-7.60426998e-01
-7.62416482e-01
-7.64398754e-01
-7.66373813e-01
-7.68341660e-01
-7.70302236e-01
-7.72255659e-01
-7.74201751e-01
-7.76140571e-01
-7.78072000e-01
-7.79996097e-01
-7.81912863e-01
-7.83822298e-01
-7.85724401e-01
-7.87619054e-01
-7.89506257e-01
-7.91386008e-01
-7.93258309e-01
-7.95123160e-01
-7.96980560e-01
-7.98830450e-01
-8.00672829e-01
-8.02507579e-01
-8.04334760e-01
-8.06154370e-01
-8.07966411e-01
-8.09770882e-01
-8.11567724e-01
-8.13356876e-01
-8.15138340e-01
-8.16912115e-01
-8.18678200e-01
-8.20436597e-01
-8.22187364e-01
-8.23930323e-01
-8.25665534e-01
-8.27392876e-01
-8.29112470e-01
-8.30824196e-01
-8.32528174e-01
-8.34224284e-01
-8.35912585e-01
-8.37592959e-01
-8.39265406e-01
-8.40929985e-01
-8.42586577e-01
-8.44235301e-01
-8.45876038e-01
-8.47508907e-01
-8.49133730e-01
-8.50750566e-01
-8.52359295e-01
-8.53960037e-01
-8.55552733e-01
-8.57137382e-01
-8.58713984e-01
-8.60282540e-01
-8.61842990e-01
-8.63395274e-01
-8.64939392e-01
-8.66475344e-01
-8.68003070e-01
-8.69522691e-01
-8.71034086e-01
-8.72537374e-01
-8.74032438e-01
-8.75519276e-01
-8.76997769e-01
-8.78468037e-01
-8.79929960e-01
-8.81383657e-01
-8.82829010e-01
-8.84266138e-01
-8.85694981e-01
-8.87115479e-01
-8.88527572e-01
-8.89931262e-01
-8.91326487e-01
-8.92713368e-01
-8.94091785e-01
-8.95461857e-01
-8.96823466e-01
-8.98176730e-01
-8.99521470e-01
-9.00857747e-01
-9.02185440e-01
-9.03504670e-01
-9.04815316e-01
-9.06117499e-01
-9.07411158e-01
-9.08696294e-01
-9.09972906e-01
-9.11240995e-01
-9.12500441e-01
-9.13751245e-01
-9.14993405e-01
-9.16226983e-01
-9.17451859e-01
-9.18668151e-01
-9.19875741e-01
-9.21074748e-01
-9.22265053e-01
-9.23446774e-01
-9.24619734e-01
-9.25783992e-01
-9.26939428e-01
-9.28086162e-01
-9.29224074e-01
-9.30353284e-01
-9.31473732e-01
-9.32585418e-01
-9.33688343e-01
-9.34782505e-01
-9.35867906e-01
-9.36944485e-01
-9.38012242e-01
-9.39071119e-01
-9.40121114e-01
-9.41162169e-01
-9.42194402e-01
-9.43217695e-01
-9.44232166e-01
-9.45237696e-01
-9.46234405e-01
-9.47222173e-01
-9.48201120e-01
-9.49171066e-01
-9.50132132e-01
-9.51084256e-01
-9.52027321e-01
-9.52961445e-01
-9.53886509e-01
-9.54802632e-01
-9.55709696e-01
-9.56607759e-01
-9.57496822e-01
-9.58376884e-01
-9.59247947e-01
-9.60110009e-01
-9.60963070e-01
-9.61807072e-01
-9.62642014e-01
-9.63467896e-01
-9.64284658e-01
-9.65092301e-01
-9.65890825e-01
-9.66680229e-01
-9.67460513e-01
-9.68231678e-01
-9.68993723e-01
-9.69746649e-01
-9.70490456e-01
-9.71225142e-01
-9.71950650e-01
-9.72667098e-01
-9.73374307e-01
-9.74072456e-01
-9.74761367e-01
-9.75441158e-01
-9.76111650e-01
-9.76773024e-01
-9.77425098e-01
-9.78067994e-01
-9.78701591e-01
-9.79326010e-01
-9.79941189e-01
-9.80547130e-01
-9.81143832e-01
-9.81731296e-01
-9.82309520e-01
-9.82878506e-01
-9.83438253e-01
-9.83988762e-01
-9.84530032e-01
-9.85062003e-01
-9.85584676e-01
-9.86098111e-01
-9.86602247e-01
-9.87097025e-01
-9.87582564e-01
-9.88058746e-01
-9.88525689e-01
-9.88983274e-01
-9.89431560e-01
-9.89870489e-01
-9.90300119e-01
-9.90720391e-01
-9.91131306e-01
-9.91532862e-01
-9.91925061e-01
-9.92307901e-01
-9.92681384e-01
-9.93045509e-01
-9.93400276e-01
-9.93745685e-01
-9.94081736e-01
-9.94408488e-01
-9.94725823e-01
-9.95033860e-01
-9.95332479e-01
-9.95621800e-01
-9.95901704e-01
-9.96172190e-01
-9.96433318e-01
-9.96685088e-01
-9.96927440e-01
-9.97160375e-01
-9.97383952e-01
-9.97598112e-01
-9.97802913e-01
-9.97998238e-01
-9.98184204e-01
-9.98360753e-01
-9.98527944e-01
-9.98685718e-01
-9.98834014e-01
-9.98972952e-01
-9.99102414e-01
-9.99222517e-01
-9.99333203e-01
-9.99434471e-01
-9.99526322e-01
-9.99608696e-01
-9.99681771e-01
-9.99745369e-01
-9.99799550e-01
-9.99844253e-01
-9.99879599e-01
-9.99905527e-01
-9.99922037e-01
-9.99929070e-01
-9.99926686e-01
-9.99914944e-01
-9.99893725e-01
-9.99863148e-01
-9.99823093e-01
-9.99773681e-01
-9.99714792e-01
-9.99646485e-01
-9.99568701e-01
-9.99481559e-01
-9.99384999e-01
-9.99279082e-01
-9.99163687e-01
-9.99038875e-01
-9.98904645e-01
-9.98761058e-01
-9.98607993e-01
-9.98445570e-01
-9.98273671e-01
-9.98092413e-01
-9.97901738e-01
-9.97701705e-01
-9.97492194e-01
-9.97273386e-01
-9.97045100e-01
-9.96807456e-01
-9.96560395e-01
-9.96303976e-01
-9.96038139e-01
-9.95762944e-01
-9.95478332e-01
-9.95184422e-01
-9.94881094e-01
-9.94568467e-01
-9.94246423e-01
-9.93915081e-01
-9.93574321e-01
-9.93224263e-01
-9.92864788e-01
-9.92495954e-01
-9.92117763e-01
-9.91730213e-01
-9.91333306e-01
-9.90927041e-01
-9.90511417e-01
-9.90086496e-01
-9.89652216e-01
-9.89208579e-01
-9.88755643e-01
-9.88293409e-01
-9.87821817e-01
-9.87340987e-01
-9.86850798e-01
-9.86351311e-01
-9.85842586e-01
-9.85324502e-01
-9.84797180e-01
-9.84260559e-01
-9.83714700e-01
-9.83159602e-01
-9.82595265e-01
-9.82021689e-01
-9.81438875e-01
-9.80846763e-01
-9.80245471e-01
-9.79634881e-01
-9.79015112e-01
-9.78386045e-01
-9.77747798e-01
-9.77100253e-01
-9.76443529e-01
-9.75777566e-01
-9.75102484e-01
-9.74418104e-01
-9.73724604e-01
-9.73021865e-01
-9.72310066e-01
-9.71589029e-01
-9.70858932e-01
-9.70119655e-01
-9.69371319e-01
-9.68613803e-01
-9.67847228e-01
-9.67071474e-01
-9.66286659e-01
-9.65492666e-01
-9.64689612e-01
-9.63877380e-01
-9.63056087e-01
-9.62225676e-01
-9.61386263e-01
-9.60537732e-01
-9.59680140e-01
-9.58813548e-01
-9.57937956e-01
-9.57053363e-01
-9.56159770e-01
-9.55257177e-01
-9.54345584e-01
-9.53425050e-01
-9.52495456e-01
-9.51556921e-01
-9.50609326e-01
-9.49652791e-01
-9.48687255e-01
-9.47712779e-01
-9.46729422e-01
-9.45737123e-01
-9.44736004e-01
-9.43726003e-01
-9.42707121e-01
-9.41679358e-01
-9.40642715e-01
-9.39597189e-01
-9.38542783e-01
-9.37479496e-01
-9.36407328e-01
-9.35326338e-01
-9.34236586e-01
-9.33138072e-01
-9.32030797e-01
-9.30914760e-01
-9.29789960e-01
-9.28656340e-01
-9.27514017e-01
-9.26362872e-01
-9.25203025e-01
-9.24034357e-01
-9.22857046e-01
-9.21671033e-01
-9.20476437e-01
-9.19273138e-01
-9.18061197e-01
-9.16840613e-01
-9.15611386e-01
-9.14373517e-01
-9.13127005e-01
-9.11871850e-01
-9.10608053e-01
-9.09335732e-01
-9.08054888e-01
-9.06765521e-01
-9.05467570e-01
-9.04161155e-01
-9.02846158e-01
-9.01522696e-01
-9.00190651e-01
-8.98850143e-01
-8.97501111e-01
-8.96143675e-01
-8.94777834e-01
-8.93403590e-01
-8.92020941e-01
-8.90629888e-01
-8.89230430e-01
-8.87822568e-01
-8.86406302e-01
-8.84981632e-01
-8.83548677e-01
-8.82107437e-01
-8.80657911e-01
-8.79200101e-01
-8.77734005e-01
-8.76259625e-01
-8.74776959e-01
-8.73286009e-01
-8.71786833e-01
-8.70279431e-01
-8.68763924e-01
-8.67240191e-01
-8.65708351e-01
-8.64168346e-01
-8.62620175e-01
-8.61063838e-01
-8.59499335e-01
-8.57926786e-01
-8.56346190e-01
-8.54757547e-01
-8.53160858e-01
-8.51556063e-01
-8.49943280e-01
-8.48322392e-01
-8.46693575e-01
-8.45056772e-01
-8.43412042e-01
-8.41759384e-01
-8.40098798e-01
-8.38430285e-01
-8.36753845e-01
-8.35069478e-01
-8.33377242e-01
-8.31677198e-01
-8.29969347e-01
-8.28253686e-01
-8.26530218e-01
-8.24798942e-01
-8.23059857e-01
-8.21313024e-01
-8.19558442e-01
-8.17796230e-01
-8.16026270e-01
-8.14248681e-01
-8.12463343e-01
-8.10670316e-01
-8.08869600e-01
-8.07061315e-01
-8.05245519e-01
-8.03422093e-01
-8.01591158e-01
-7.99752593e-01
-7.97906518e-01
-7.96052814e-01
-7.94191718e-01
-7.92323112e-01
-7.90447116e-01
-7.88563609e-01
-7.86672711e-01
-7.84774363e-01
-7.82868564e-01
-7.80955434e-01
-7.79034972e-01
-7.77107179e-01
-7.75172055e-01
-7.73229599e-01
-7.71279871e-01
-7.69322813e-01
-7.67358601e-01
-7.65387177e-01
-7.63408542e-01
-7.61422694e-01
-7.59429634e-01
-7.57429361e-01
-7.55422056e-01
-7.53407598e-01
-7.51386106e-01
-7.49357462e-01
-7.47321784e-01
-7.45278955e-01
-7.43229210e-01
-7.41172433e-01
-7.39108741e-01
-7.37038016e-01
-7.34960377e-01
-7.32875824e-01
-7.30784357e-01
-7.28685975e-01
-7.26580799e-01
-7.24468708e-01
-7.22349823e-01
-7.20224023e-01
-7.18091547e-01
-7.15952277e-01
-7.13806331e-01
-7.11653650e-01
-7.09494233e-01
-7.07328081e-01
-7.05155313e-01
-7.02975929e-01
-7.00789928e-01
-6.98597252e-01
-6.96398020e-01
-6.94192171e-01
-6.91979885e-01
-6.89761043e-01
-6.87535703e-01
-6.85303867e-01
-6.83065534e-01
-6.80820763e-01
-6.78569674e-01
-6.76312149e-01
-6.74048305e-01
-6.71778023e-01
-6.69501424e-01
-6.67218506e-01
-6.64929390e-01
-6.62633955e-01
-6.60332322e-01
-6.58024371e-01
-6.55710220e-01
-6.53389931e-01
-6.51063502e-01
-6.48730993e-01
-6.46392286e-01
-6.44047499e-01
-6.41696632e-01
-6.39339805e-01
-6.36976898e-01
-6.34607971e-01
-6.32233024e-01
-6.29852176e-01
-6.27465427e-01
-6.25072777e-01
-6.22674227e-01
-6.20269775e-01
-6.17859423e-01
-6.15443349e-01
-6.13021433e-01
-6.10593796e-01
-6.08160317e-01
-6.05721116e-01
-6.03276253e-01
-6.00825727e-01
-5.98369479e-01
-5.95907629e-01
-5.93440056e-01
-5.90967000e-01
-5.88488340e-01
-5.86004198e-01
-5.83514512e-01
-5.81019282e-01
-5.78518629e-01
-5.76012552e-01
-5.73501050e-01
-5.70984066e-01
-5.68461716e-01
-5.65934002e-01
-5.63401043e-01
-5.60862720e-01
-5.58319092e-01
-5.55770159e-01
-5.53216040e-01
-5.50656736e-01
-5.48092246e-01
-5.45522630e-01
-5.42947769e-01
-5.40367901e-01
-5.37782907e-01
-5.35192847e-01
-5.32597721e-01
-5.29997528e-01
-5.27392387e-01
-5.24782300e-01
-5.22167325e-01
-5.19547343e-01
-5.16922474e-01
-5.14292717e-01
-5.11658192e-01
-5.09018779e-01
-5.06374538e-01
-5.03725529e-01
-5.01071811e-01
-4.98413354e-01
-4.95750219e-01
-4.93082434e-01
-4.90410000e-01
-4.87732947e-01
-4.85051274e-01
-4.82365042e-01
-4.79674280e-01
-4.76978987e-01
-4.74279195e-01
-4.71574932e-01
-4.68866259e-01
-4.66153115e-01
-4.63435620e-01
-4.60713714e-01
-4.57987517e-01
-4.55256969e-01
-4.52522159e-01
-4.49783087e-01
-4.47039753e-01
-4.44292217e-01
-4.41540480e-01
-4.38784599e-01
-4.36024576e-01
-4.33260471e-01
-4.30492282e-01
-4.27720010e-01
-4.24943715e-01
-4.22163427e-01
-4.19379145e-01
-4.16590899e-01
-4.13798749e-01
-4.11002725e-01
-4.08202797e-01
-4.05399054e-01
-4.02591497e-01
-3.99780124e-01
-3.96964967e-01
-3.94146085e-01
-3.91323477e-01
-3.88497204e-01
-3.85667264e-01
-3.82833689e-01
-3.79996508e-01
-3.77155751e-01
-3.74311417e-01
-3.71463567e-01
-3.68612230e-01
-3.65757406e-01
-3.62899154e-01
-3.60037476e-01
-3.57172370e-01
-3.54303926e-01
-3.51432145e-01
-3.48557085e-01
-3.45678687e-01
-3.42797071e-01
-3.39912206e-01
-3.37024152e-01
-3.34132880e-01
-3.31238508e-01
-3.28340977e-01
-3.25440377e-01
-3.22536737e-01
-3.19630027e-01
-3.16720337e-01
-3.13807636e-01
-3.10891986e-01
-3.07973385e-01
-3.05051893e-01
-3.02127510e-01
-2.99200296e-01
-2.96270251e-01
-2.93337435e-01
-2.90401876e-01
-2.87463576e-01
-2.84522533e-01
-2.81578839e-01
-2.78632492e-01
-2.75683522e-01
-2.72731930e-01
-2.69777775e-01
-2.66821086e-01
-2.63861865e-01
-2.60900170e-01
-2.57935971e-01
-2.54969388e-01
-2.52000391e-01
-2.49029040e-01
-2.46055335e-01
-2.43079320e-01
-2.40101025e-01
-2.37120464e-01
-2.34137669e-01
-2.31152669e-01
-2.28165492e-01
-2.25176156e-01
-2.22184688e-01
-2.19191119e-01
-2.16195494e-01
-2.13197827e-01
-2.10198149e-01
-2.07196504e-01
-2.04192877e-01
-2.01187357e-01
-1.98179916e-01
-1.95170626e-01
-1.92159504e-01
-1.89146563e-01
-1.86131850e-01
-1.83115393e-01
-1.80097193e-01
-1.77077308e-01
-1.74055755e-01
-1.71032563e-01
-1.68007761e-01
-1.64981380e-01
-1.61953434e-01
-1.58923954e-01
-1.55892983e-01
-1.52860537e-01
-1.49826646e-01
-1.46791339e-01
-1.43754661e-01
-1.40716612e-01
-1.37677252e-01
-1.34636581e-01
-1.31594658e-01
-1.28551483e-01
-1.25507101e-01
-1.22461550e-01
-1.19414844e-01
-1.16367005e-01
-1.13318071e-01
-1.10268071e-01
-1.07217036e-01
-1.04164995e-01
-1.01111971e-01
-9.80580002e-02
-9.50030982e-02
-9.19473022e-02
-8.88906419e-02
-8.58331397e-02
-8.27748254e-02
-7.97157288e-02
-7.66558722e-02
-7.35953003e-02
-7.05340356e-02
-6.74721077e-02
-6.44095391e-02
-6.13463745e-02
-5.82826249e-02
-5.52183315e-02
-5.21535203e-02
-4.90882173e-02
-4.60224636e-02
-4.29563336e-02
-3.98899913e-02
-3.68238240e-02
-3.37586626e-02
-3.06961425e-02
-2.76391469e-02
-2.45922711e-02
-2.15620510e-02
-1.85567439e-02
-1.55853964e-02
-1.26561737e-02
-9.77418479e-03
-6.93936413e-03
-4.14513098e-03
-1.37845392e-03
1.37845392e-03
4.14513098e-03
