-4.34609689e-03
-1.44813955e-03
1.44813955e-03
4.34609689e-03
7.24899163e-03
1.01597961e-02
1.30810421e-02
1.60146914e-02
1.89620778e-02
2.19238810e-02
2.49001626e-02
2.78904364e-02
3.08937710e-02
3.39089148e-02
3.69344018e-02
3.99686918e-02
4.30102386e-02
4.60575968e-02
4.91094477e-02
5.21646477e-02
5.52222282e-02
5.82814068e-02
6.13415539e-02
6.44021928e-02
6.74629509e-02
7.05235600e-02
7.35838190e-02
7.66435862e-02
7.97027573e-02
8.27612504e-02
8.58190060e-02
8.88759717e-02
9.19321179e-02
9.49873924e-02
9.80417728e-02
1.01095229e-01
1.04147747e-01
1.07199281e-01
1.10249817e-01
1.13299310e-01
1.16347738e-01
1.19395070e-01
1.22441284e-01
1.25486344e-01
1.28530219e-01
1.31572887e-01
1.34614334e-01
1.37654498e-01
1.40693367e-01
1.43730924e-01
1.46767110e-01
1.49801910e-01
1.52835310e-01
1.55867264e-01
1.58897728e-01
1.61926717e-01
1.64954156e-01
1.67980045e-01
1.71004340e-01
1.74027026e-01
1.77048057e-01
1.80067435e-01
1.83085114e-01
1.86101079e-01
1.89115301e-01
1.92127749e-01
1.95138380e-01
1.98147178e-01
2.01154113e-01
2.04159155e-01
2.07162276e-01
2.10163444e-01
2.13162631e-01
2.16159806e-01
2.19154939e-01
2.22148001e-01
2.25138977e-01
2.28127822e-01
2.31114507e-01
2.34099016e-01
2.37081304e-01
2.40061358e-01
2.43039161e-01
2.46014684e-01
2.48987898e-01
2.51958787e-01
2.54927278e-01
2.57893384e-01
2.60857105e-01
2.63818324e-01
2.66777039e-01
2.69733250e-01
2.72686958e-01
2.75638044e-01
2.78586537e-01
2.81532407e-01
2.84475625e-01
2.87416130e-01
2.90353954e-01
2.93289065e-01
2.96221405e-01
2.99150944e-01
3.02077681e-01
3.05001587e-01
3.07922572e-01
3.10840696e-01
3.13755840e-01
3.16668063e-01
3.19577277e-01
3.22483480e-01
3.25386673e-01
3.28286797e-01
3.31183821e-01
3.34077716e-01
3.36968511e-01
3.39856088e-01
3.42740506e-01
3.45621675e-01
3.48499566e-01
3.51374179e-01
3.54245484e-01
3.57113451e-01
3.59978050e-01
3.62839252e-01
3.65697056e-01
3.68551433e-01
3.71402323e-01
3.74249697e-01
3.77093554e-01
3.79933864e-01
3.82770568e-01
3.85603696e-01
3.88433158e-01
3.91258955e-01
3.94081086e-01
3.96899492e-01
3.99714172e-01
4.02525097e-01
4.05332208e-01
4.08135474e-01
4.10934925e-01
4.13730502e-01
4.16522205e-01
4.19309944e-01
4.22093779e-01
4.24873620e-01
4.27649468e-01
4.30421263e-01
4.33188975e-01
4.35952634e-01
4.38712180e-01
4.41467613e-01
4.44218844e-01
4.46965933e-01
4.49708790e-01
4.52447444e-01
4.55181807e-01
4.57911909e-01
4.60637689e-01
4.63359118e-01
4.66076195e-01
4.68788862e-01
4.71497118e-01
4.74200934e-01
4.76900280e-01
4.79595125e-01
4.82285470e-01
4.84971255e-01
4.87652481e-01
4.90329087e-01
4.93001074e-01
4.95668441e-01
4.98331130e-01
5.00989139e-01
5.03642440e-01
5.06291032e-01
5.08934796e-01
5.11573792e-01
5.14207900e-01
5.16837239e-01
5.19461691e-01
5.22081256e-01
5.24695814e-01
5.27305484e-01
5.29910147e-01
5.32509923e-01
5.35104573e-01
5.37694216e-01
5.40278733e-01
5.42858243e-01
5.45432627e-01
5.48001885e-01
5.50565898e-01
5.53124785e-01
5.55678427e-01
5.58226943e-01
5.60770154e-01
5.63308001e-01
5.65840602e-01
5.68367839e-01
5.70889831e-01
5.73406339e-01
5.75917482e-01
5.78423142e-01
5.80923438e-01
5.83418310e-01
5.85907638e-01
5.88391364e-01
5.90869606e-01
5.93342245e-01
5.95809400e-01
5.98270833e-01
6.00726664e-01
6.03176773e-01
6.05621278e-01
6.08060122e-01
6.10493183e-01
6.12920463e-01
6.15341902e-01
6.17757618e-01
6.20167494e-01
6.22571588e-01
6.24969721e-01
6.27362013e-01
6.29748344e-01
6.32128775e-01
6.34503245e-01
6.36871755e-01
6.39234245e-01
6.41590774e-01
6.43941224e-01
6.46285713e-01
6.48624003e-01
6.50956213e-01
6.53282225e-01
6.55602098e-01
6.57915831e-01
6.60223365e-01
6.62524641e-01
6.64819658e-01
6.67108417e-01
6.69390976e-01
6.71667218e-01
6.73937142e-01
6.76200628e-01
6.78457737e-01
6.80708468e-01
6.82952821e-01
6.85190797e-01
6.87422276e-01
6.89647257e-01
6.91865742e-01
6.94077730e-01
6.96283221e-01
6.98482096e-01
7.00674415e-01
7.02860057e-01
7.05039144e-01
7.07211554e-01
7.09377348e-01
7.11536407e-01
7.13688791e-01
7.15834379e-01
7.17973292e-01
7.20105410e-01
7.22230852e-01
7.24349380e-01
7.26461112e-01
7.28565931e-01
7.30663955e-01
7.32755065e-01
7.34839380e-01
7.36916721e-01
7.38987029e-01
7.41050422e-01
7.43106782e-01
7.45156229e-01
7.47198641e-01
7.49234021e-01
7.51262248e-01
7.53283441e-01
7.55297482e-01
7.57304490e-01
7.59304404e-01
7.61297166e-01
7.63282716e-01
7.65260994e-01
7.67232120e-01
7.69195974e-01
7.71152675e-01
7.73102105e-01
7.75044262e-01
7.76979029e-01
7.78906524e-01
7.80826628e-01
7.82739460e-01
7.84644961e-01
7.86543012e-01
7.88433671e-01
7.90316820e-01
7.92192578e-01
7.94060826e-01
7.95921683e-01
7.97775030e-01
7.99620867e-01
8.01459074e-01
8.03289771e-01
8.05112839e-01
8.06928396e-01
8.08736324e-01
8.10536742e-01
8.12329471e-01
8.14114511e-01
8.15891862e-01
8.17661464e-01
8.19423437e-01
8.21177661e-01
8.22924256e-01
8.24662983e-01
8.26393962e-01
8.28117132e-01
8.29832494e-01
8.31540048e-01
8.33239794e-01
8.34931731e-01
8.36615860e-01
8.38292003e-01
8.39960277e-01
8.41620564e-01
8.43272984e-01
8.44917417e-01
8.46553981e-01
8.48182559e-01
8.49803150e-01
8.51415634e-01
8.53020132e-01
8.54616582e-01
8.56204987e-01
8.57785344e-01
8.59357655e-01
8.60921919e-01
8.62478018e-01
8.64025950e-01
8.65565717e-01
8.67097318e-01
8.68620753e-01
8.70136023e-01
8.71643126e-01
8.73142064e-01
8.74632776e-01
8.76115263e-01
8.77589405e-01
8.79055262e-01
8.80512834e-01
8.81962121e-01
8.83403122e-01
8.84835839e-01
8.86260211e-01
8.87676239e-01
8.89083862e-01
8.90483081e-01
8.91873896e-01
8.93256307e-01
8.94630313e-01
8.95995975e-01
8.97353172e-01
8.98702025e-01
9.00042295e-01
9.01374102e-01
9.02697325e-01
9.04012084e-01
9.05318260e-01
9.06615973e-01
9.07905102e-01
9.09185767e-01
9.10457850e-01
9.11721468e-01
9.12976444e-01
9.14222777e-01
9.15460408e-01
9.16689456e-01
9.17909801e-01
9.19121563e-01
9.20324624e-01
9.21519101e-01
9.22704875e-01
9.23882067e-01
9.25050497e-01
9.26210225e-01
9.27361131e-01
9.28503275e-01
9.29636657e-01
9.30761278e-01
9.31877136e-01
9.32984233e-01
9.34082568e-01
9.35172141e-01
9.36252952e-01
9.37324941e-01
9.38388050e-01
9.39442277e-01
9.40487623e-01
9.41524088e-01
9.42551672e-01
9.43570375e-01
9.44580197e-01
9.45581138e-01
9.46573257e-01
9.47556436e-01
9.48530793e-01
9.49496210e-01
9.50452685e-01
9.51400101e-01
9.52338517e-01
9.53267932e-01
9.54188347e-01
9.55099761e-01
9.56002176e-01
9.56895590e-01
9.57780004e-01
9.58655417e-01
9.59521830e-01
9.60379243e-01
9.61227655e-01
9.62067068e-01
9.62897360e-01
9.63718534e-01
9.64530587e-01
9.65333521e-01
9.66127336e-01
9.66912031e-01
9.67687607e-01
9.68454063e-01
9.69211400e-01
9.69959617e-01
9.70698714e-01
9.71428692e-01
9.72149551e-01
9.72861290e-01
9.73563910e-01
9.74257469e-01
9.74941790e-01
9.75616932e-01
9.76282775e-01
9.76939440e-01
9.77586806e-01
9.78224933e-01
9.78853822e-01
9.79473472e-01
9.80083883e-01
9.80685055e-01
9.81276989e-01
9.81859684e-01
9.82433140e-01
9.82997358e-01
9.83552337e-01
9.84098077e-01
9.84634578e-01
9.85161841e-01
9.85679865e-01
9.86188591e-01
9.86688077e-01
9.87178266e-01
9.87659097e-01
9.88130689e-01
9.88592923e-01
9.89045858e-01
9.89489436e-01
9.89923656e-01
9.90348518e-01
9.90764022e-01
9.91170168e-01
9.91566956e-01
9.91954386e-01
9.92332458e-01
9.92701173e-01
9.93060529e-01
9.93410528e-01
9.93751168e-01
9.94082451e-01
9.94404376e-01
9.94716883e-01
9.95020092e-01
9.95313883e-01
9.95598376e-01
9.95873451e-01
9.96139228e-01
9.96395588e-01
9.96642649e-01
9.96880293e-01
9.97108579e-01
9.97327387e-01
9.97536898e-01
9.97736931e-01
9.97927606e-01
9.98108864e-01
9.98280704e-01
9.98443186e-01
9.98596191e-01
9.98739839e-01
9.98874068e-01
9.98998880e-01
9.99114275e-01
9.99220192e-01
9.99316752e-01
9.99403894e-01
9.99481678e-01
9.99549985e-01
9.99608874e-01
9.99658287e-01
9.99698341e-01
9.99728918e-01
9.99750137e-01
9.99761879e-01
9.99764264e-01
9.99757230e-01
9.99740720e-01
9.99714792e-01
9.99679446e-01
9.99634743e-01
9.99580562e-01
9.99517024e-01
9.99443948e-01
9.99361515e-01
9.99269605e-01
9.99168396e-01
9.99057710e-01
9.98937666e-01
9.98808146e-01
9.98669207e-01
9.98520851e-01
9.98363137e-01
9.98195946e-01
9.98019397e-01
9.97833431e-01
9.97638106e-01
9.97433305e-01
9.97219145e-01
9.96995628e-01
9.96762633e-01
9.96520281e-01
9.96268570e-01
9.96007442e-01
9.95737016e-01
9.95457172e-01
9.95168030e-01
9.94869471e-01
9.94561613e-01
9.94244337e-01
9.93917763e-01
9.93581772e-01
9.93236482e-01
9.92881775e-01
9.92517769e-01
9.92144346e-01
9.91761625e-01
9.91369545e-01
9.90968108e-01
9.90557313e-01
9.90137160e-01
9.89707649e-01
9.89268780e-01
9.88820553e-01
9.88362968e-01
9.87896085e-01
9.87419844e-01
9.86934304e-01
9.86439526e-01
9.85935390e-01
9.85421956e-01
9.84899282e-01
9.84367371e-01
9.83826220e-01
9.83275890e-01
9.82716262e-01
9.82147455e-01
9.81569350e-01
9.80982065e-01
9.80385482e-01
9.79779720e-01
9.79164660e-01
9.78540421e-01
9.77906883e-01
9.77264166e-01
9.76612151e-01
9.75950956e-01
9.75280464e-01
9.74600792e-01
9.73911822e-01
9.73213792e-01
9.72506583e-01
9.71790314e-01
9.71064866e-01
9.70330358e-01
9.69586670e-01
9.68833923e-01
9.68071997e-01
9.67301011e-01
9.66520846e-01
9.65731621e-01
9.64933217e-01
9.64125752e-01
9.63309109e-01
9.62483406e-01
9.61648524e-01
9.60804582e-01
9.59951639e-01
9.59089756e-01
9.58218813e-01
9.57338929e-01
9.56449986e-01
9.55552101e-01
9.54645157e-01
9.53729272e-01
9.52804327e-01
9.51870441e-01
9.50927496e-01
9.49975610e-01
9.49014664e-01
9.48044837e-01
9.47066069e-01
9.46078479e-01
9.45081949e-01
9.44076598e-01
9.43062305e-01
9.42039132e-01
9.41007078e-01
9.39966142e-01
9.38916326e-01
9.37857628e-01
9.36790049e-01
9.35713589e-01
9.34628367e-01
9.33534384e-01
9.32431638e-01
9.31320190e-01
9.30199921e-01
9.29070950e-01
9.27933156e-01
9.26786661e-01
9.25631344e-01
9.24467325e-01
9.23294485e-01
9.22113061e-01
9.20922935e-01
9.19724166e-01
9.18516755e-01
9.17300701e-01
9.16076005e-01
9.14842665e-01
9.13600683e-01
9.12350059e-01
9.11090791e-01
9.09822941e-01
9.08546567e-01
9.07261670e-01
9.05968249e-01
9.04666305e-01
9.03355777e-01
9.02036786e-01
9.00709212e-01
8.99373174e-01
8.98028553e-01
8.96675587e-01
8.95314157e-01
8.93944383e-01
8.92566144e-01
8.91179562e-01
8.89784515e-01
8.88381124e-01
8.86969268e-01
8.85549009e-01
8.84120405e-01
8.82683516e-01
8.81238401e-01
8.79784942e-01
8.78323257e-01
8.76853228e-01
8.75374973e-01
8.73888373e-01
8.72393548e-01
8.70890498e-01
8.69379342e-01
8.67859960e-01
8.66332471e-01
8.64796758e-01
8.63252938e-01
8.61700892e-01
8.60140681e-01
8.58572423e-01
8.56996119e-01
8.55411768e-01
8.53819311e-01
8.52218866e-01
8.50610316e-01
8.48993778e-01
8.47369134e-01
8.45736623e-01
8.44096124e-01
8.42447758e-01
8.40791404e-01
8.39127123e-01
8.37454915e-01
8.35774779e-01
8.34086716e-01
8.32390845e-01
8.30687165e-01
8.28975677e-01
8.27256441e-01
8.25529337e-01
8.23794484e-01
8.22051764e-01
8.20301354e-01
8.18543196e-01
8.16777408e-01
8.15003932e-01
8.13222766e-01
8.11433911e-01
8.09637368e-01
8.07833195e-01
8.06021452e-01
8.04202139e-01
8.02375257e-01
8.00540805e-01
7.98698783e-01
7.96849251e-01
7.94992149e-01
7.93127596e-01
7.91255593e-01
7.89376140e-01
7.87489235e-01
7.85594881e-01
7.83693135e-01
7.81783998e-01
7.79867530e-01
7.77943730e-01
7.76012599e-01
7.74074137e-01
7.72128403e-01
7.70175278e-01
7.68215001e-01
7.66247451e-01
7.64272749e-01
7.62290776e-01
7.60301650e-01
7.58305311e-01
7.56301820e-01
7.54291296e-01
7.52273619e-01
7.50248909e-01
7.48217046e-01
7.46178150e-01
7.44132221e-01
7.42079318e-01
7.40019441e-01
7.37952590e-01
7.35878766e-01
7.33797967e-01
7.31710255e-01
7.29615688e-01
7.27514267e-01
7.25405991e-01
7.23290861e-01
7.21168876e-01
7.19040096e-01
7.16904521e-01
7.14762270e-01
7.12613285e-01
7.10457563e-01
7.08295107e-01
7.06125975e-01
7.03950226e-01
7.01767862e-01
6.99578881e-01
6.97383344e-01
6.95181131e-01
6.92972481e-01
6.90757275e-01
6.88535571e-01
6.86307371e-01
6.84072673e-01
6.81831479e-01
6.79583907e-01
6.77329957e-01
6.75069630e-01
6.72802985e-01
6.70529902e-01
6.68250561e-01
6.65964901e-01
6.63673043e-01
6.61374867e-01
6.59070432e-01
6.56759739e-01
6.54442906e-01
6.52119994e-01
6.49790883e-01
6.47455692e-01
6.45114303e-01
6.42766893e-01
6.40413404e-01
6.38053954e-01
6.35688424e-01
6.33316934e-01
6.30939364e-01
6.28555954e-01
6.26166582e-01
6.23771369e-01
6.21370196e-01
6.18963182e-01
6.16550326e-01
6.14131749e-01
6.11707330e-01
6.09277189e-01
6.06841207e-01
6.04399562e-01
6.01952255e-01
5.99499345e-01
5.97040713e-01
5.94576478e-01
5.92106581e-01
5.89631200e-01
5.87150216e-01
5.84663749e-01
5.82171679e-01
5.79674125e-01
5.77171147e-01
5.74662745e-01
5.72148919e-01
5.69629729e-01
5.67105055e-01
5.64575136e-01
5.62039912e-01
5.59499383e-01
5.56953549e-01
5.54402471e-01
5.51846206e-01
5.49284697e-01
5.46718061e-01
5.44146180e-01
5.41569233e-01
5.38987160e-01
5.36400080e-01
5.33807874e-01
5.31210601e-01
5.28608322e-01
5.26001096e-01
5.23388982e-01
5.20771861e-01
5.18149853e-01
5.15522957e-01
5.12891233e-01
5.10254681e-01
5.07613301e-01
5.04967093e-01
5.02316177e-01
4.99660581e-01
4.97000277e-01
4.94335264e-01
4.91665632e-01
4.88991320e-01
4.86312419e-01
4.83628929e-01
4.80940908e-01
4.78248328e-01
4.75551218e-01
4.72849637e-01
4.70143586e-01
4.67433155e-01
4.64718282e-01
4.61999059e-01
4.59275424e-01
4.56547499e-01
4.53815281e-01
4.51078773e-01
4.48337972e-01
4.45592999e-01
4.42843825e-01
4.40090477e-01
4.37332988e-01
4.34571356e-01
4.31805640e-01
4.29035872e-01
4.26262051e-01
4.23484206e-01
4.20702368e-01
4.17916596e-01
4.15126890e-01
4.12333250e-01
4.09535706e-01
4.06734318e-01
4.03929085e-01
4.01120067e-01
3.98307264e-01
3.95490706e-01
3.92670453e-01
3.89846474e-01
3.87018830e-01
3.84187520e-01
3.81352603e-01
3.78514111e-01
3.75672042e-01
3.72826397e-01
3.69977295e-01
3.67124707e-01
3.64268631e-01
3.61409128e-01
3.58546197e-01
3.55679899e-01
3.52810264e-01
3.49937290e-01
3.47061038e-01
3.44181508e-01
3.41298729e-01
3.38412762e-01
3.35523605e-01
3.32631260e-01
3.29735786e-01
3.26837182e-01
3.23935539e-01
3.21030796e-01
3.18123072e-01
3.15212339e-01
3.12298626e-01
3.09381992e-01
3.06462437e-01
3.03539991e-01
3.00614715e-01
2.97686577e-01
2.94755638e-01
2.91821927e-01
2.88885444e-01
2.85946250e-01
2.83004344e-01
2.80059785e-01
2.77112573e-01
2.74162769e-01
2.71210372e-01
2.68255413e-01
2.65297979e-01
2.62338012e-01
2.59375602e-01
2.56410718e-01
2.53443450e-01
2.50473738e-01
2.47501701e-01
2.44527325e-01
2.41550639e-01
2.38571674e-01
2.35590458e-01
2.32607022e-01
2.29621395e-01
2.26633608e-01
2.23643690e-01
2.20651656e-01
2.17657566e-01
2.14661419e-01
2.11663261e-01
2.08663106e-01
2.05660999e-01
2.02656955e-01
1.99650988e-01
1.96643144e-01
1.93633422e-01
1.90621883e-01
1.87608540e-01
1.84593439e-01
1.81576580e-01
1.78558022e-01
1.75537765e-01
1.72515869e-01
1.69492334e-01
1.66467205e-01
1.63440526e-01
1.60412282e-01
1.57382548e-01
1.54351339e-01
1.51318669e-01
1.48284584e-01
1.45249113e-01
1.42212287e-01
1.39174119e-01
1.36134639e-01
1.33093864e-01
1.30051821e-01
1.27008557e-01
1.23964079e-01
1.20918430e-01
1.17871642e-01
1.14823744e-01
1.11774772e-01
1.08724743e-01
1.05673701e-01
1.02621660e-01
9.95686576e-02
9.65147242e-02
9.34598818e-02
9.04041529e-02
8.73475671e-02
8.42901543e-02
8.12319443e-02
7.81729668e-02
7.51132518e-02
7.20528290e-02
6.89917281e-02
6.59299791e-02
6.28676116e-02
5.98046593e-02
5.67411445e-02
5.36770970e-02
5.06125465e-02
4.75475155e-02
4.44820337e-02
4.14161310e-02
3.83498371e-02
3.52831818e-02
3.22161913e-02
2.91489027e-02
2.60813367e-02
2.30135266e-02
1.99454986e-02
1.68772824e-02
1.38089089e-02
1.07404040e-02
7.67179858e-03
4.60312003e-03
1.53439795e-03
-1.53433834e-03
-4.60306043e-03
-7.67173897e-03
-1.07403444e-02
-1.38088493e-02
-1.68772228e-02
-1.99454390e-02
-2.30134670e-02
-2.60812771e-02
-2.91488431e-02
-3.22161317e-02
-3.52831222e-02
-3.83497775e-02
-4.14160714e-02
-4.44819741e-02
-4.75474559e-02
-5.06124869e-02
-5.36770374e-02
-5.67410849e-02
-5.98045997e-02
-6.28675520e-02
-6.59299195e-02
-6.89916685e-02
-7.20527694e-02
-7.51131922e-02
-7.81729072e-02
-8.12318847e-02
-8.42900947e-02
-8.73475075e-02
-9.04040933e-02
-9.34598222e-02
-9.65146646e-02
-9.95685980e-02
-1.02621600e-01
-1.05673641e-01
-1.08724684e-01
-1.11774713e-01
-1.14823684e-01
-1.17871583e-01
-1.20918371e-01
-1.23964019e-01
-1.27008498e-01
-1.30051762e-01
-1.33093804e-01
-1.36134580e-01
-1.39174059e-01
-1.42212227e-01
-1.45249054e-01
-1.48284525e-01
-1.51318610e-01
-1.54351279e-01
-1.57382488e-01
-1.60412222e-01
-1.63440466e-01
-1.66467145e-01
-1.69492275e-01
-1.72515810e-01
-1.75537705e-01
-1.78557962e-01
-1.81576520e-01
-1.84593379e-01
-1.87608480e-01
-1.90621823e-01
-1.93633363e-01
-1.96643084e-01
-1.99650928e-01
-2.02656895e-01
-2.05660939e-01
-2.08663046e-01
-2.11663201e-01
-2.14661360e-01
-2.17657506e-01
-2.20651597e-01
-2.23643631e-01
-2.26633549e-01
-2.29621336e-01
-2.32606962e-01
-2.35590398e-01
-2.38571614e-01
-2.41550580e-01
-2.44527265e-01
-2.47501642e-01
-2.50473678e-01
-2.53443390e-01
-2.56410658e-01
-2.59375542e-01
-2.62337953e-01
-2.65297920e-01
-2.68255353e-01
-2.71210313e-01
-2.74162710e-01
-2.77112514e-01
-2.80059725e-01
-2.83004284e-01
-2.85946190e-01
-2.88885385e-01
-2.91821867e-01
-2.94755578e-01
-2.97686517e-01
-3.00614655e-01
-3.03539932e-01
-3.06462377e-01
-3.09381932e-01
-3.12298566e-01
-3.15212280e-01
-3.18123013e-01
-3.21030766e-01
-3.23935479e-01
-3.26837152e-01
-3.29735756e-01
-3.32631230e-01
-3.35523546e-01
-3.38412702e-01
-3.41298670e-01
-3.44181448e-01
-3.47060978e-01
-3.49937260e-01
-3.52810234e-01
-3.55679870e-01
-3.58546168e-01
-3.61409098e-01
-3.64268601e-01
-3.67124677e-01
-3.69977266e-01
-3.72826368e-01
-3.75671983e-01
-3.78514051e-01
-3.81352574e-01
-3.84187490e-01
-3.87018800e-01
-3.89846444e-01
-3.92670423e-01
-3.95490676e-01
-3.98307204e-01
-4.01120007e-01
-4.03929025e-01
-4.06734258e-01
-4.09535646e-01
-4.12333190e-01
-4.15126830e-01
-4.17916566e-01
-4.20702338e-01
-4.23484147e-01
-4.26261991e-01
-4.29035813e-01
-4.31805611e-01
-4.34571326e-01
-4.37332958e-01
-4.40090448e-01
-4.42843795e-01
-4.45592970e-01
-4.48337913e-01
-4.51078683e-01
-4.53815162e-01
-4.56547409e-01
-4.59275335e-01
-4.61998910e-01
-4.64718163e-01
-4.67433006e-01
-4.70143497e-01
-4.72849518e-01
-4.75551128e-01
-4.78248209e-01
-4.80940819e-01
-4.83628839e-01
-4.86312330e-01
-4.88991231e-01
-4.91665542e-01
-4.94335204e-01
-4.97000188e-01
-4.99660522e-01
-5.02316117e-01
-5.04967034e-01
-5.07613242e-01
-5.10254622e-01
-5.12891173e-01
-5.15522897e-01
-5.18149793e-01
-5.20771801e-01
-5.23388922e-01
-5.26001036e-01
-5.28608263e-01
-5.31210542e-01
-5.33807814e-01
-5.36400020e-01
-5.38987100e-01
-5.41569173e-01
-5.44146121e-01
-5.46718001e-01
-5.49284637e-01
-5.51846147e-01
-5.54402411e-01
-5.56953490e-01
-5.59499323e-01
-5.62039852e-01
-5.64575076e-01
-5.67104995e-01
-5.69629669e-01
-5.72148860e-01
-5.74662685e-01
-5.77171087e-01
-5.79674065e-01
-5.82171619e-01
-5.84663689e-01
-5.87150216e-01
-5.89631140e-01
-5.92106581e-01
-5.94576418e-01
-5.97040713e-01
-5.99499285e-01
-6.01952255e-01
-6.04399562e-01
-6.06841207e-01
-6.09277189e-01
-6.11707330e-01
-6.14131749e-01
-6.16550326e-01
-6.18963182e-01
-6.21370196e-01
-6.23771369e-01
-6.26166582e-01
-6.28555954e-01
-6.30939364e-01
-6.33316934e-01
-6.35688424e-01
-6.38053954e-01
-6.40413404e-01
-6.42766893e-01
-6.45114303e-01
-6.47455692e-01
-6.49790883e-01
-6.52119994e-01
-6.54442906e-01
-6.56759739e-01
-6.59070432e-01
-6.61374867e-01
-6.63673043e-01
-6.65964901e-01
-6.68250561e-01
-6.70529902e-01
-6.72802985e-01
-6.75069630e-01
-6.77329957e-01
-6.79583907e-01
-6.81831479e-01
-6.84072673e-01
-6.86307371e-01
-6.88535571e-01
-6.90757275e-01
-6.92972481e-01
-6.95181131e-01
-6.97383344e-01
-6.99578881e-01
-7.01767862e-01
-7.03950226e-01
-7.06125975e-01
-7.08295107e-01
-7.10457563e-01
-7.12613285e-01
-7.14762270e-01
-7.16904521e-01
-7.19040036e-01
-7.21168816e-01
-7.23290801e-01
-7.25405931e-01
-7.27514207e-01
-7.29615629e-01
-7.31710196e-01
-7.33797908e-01
-7.35878706e-01
-7.37952530e-01
-7.40019381e-01
-7.42079258e-01
-7.44132161e-01
-7.46178091e-01
-7.48217046e-01
-7.50248849e-01
-7.52273619e-01
-7.54291236e-01
-7.56301820e-01
-7.58305252e-01
-7.60301650e-01
-7.62290776e-01
-7.64272749e-01
-7.66247451e-01
-7.68215001e-01
-7.70175278e-01
-7.72128403e-01
-7.74074137e-01
-7.76012599e-01
-7.77943671e-01
-7.79867470e-01
-7.81783938e-01
-7.83693075e-01
-7.85594881e-01
-7.87489235e-01
-7.89376140e-01
-7.91255534e-01
-7.93127537e-01
-7.94992030e-01
-7.96849132e-01
-7.98698723e-01
-8.00540805e-01
-8.02375257e-01
-8.04202139e-01
-8.06021452e-01
-8.07833195e-01
-8.09637368e-01
-8.11433911e-01
-8.13222766e-01
-8.15003932e-01
-8.16777408e-01
-8.18543196e-01
-8.20301294e-01
-8.22051764e-01
-8.23794425e-01
-8.25529337e-01
-8.27256382e-01
-8.28975677e-01
-8.30687165e-01
-8.32390845e-01
-8.34086716e-01
-8.35774779e-01
-8.37454915e-01
-8.39127123e-01
-8.40791404e-01
-8.42447698e-01
-8.44096124e-01
-8.45736563e-01
-8.47369134e-01
-8.48993719e-01
-8.50610316e-01
-8.52218807e-01
-8.53819311e-01
-8.55411708e-01
-8.56996119e-01
-8.58572423e-01
-8.60140681e-01
-8.61700892e-01
-8.63252878e-01
-8.64796758e-01
-8.66332412e-01
-8.67859960e-01
-8.69379282e-01
-8.70890498e-01
-8.72393489e-01
-8.73888373e-01
-8.75374913e-01
-8.76853228e-01
-8.78323197e-01
-8.79784942e-01
-8.81238341e-01
-8.82683516e-01
-8.84120345e-01
-8.85548949e-01
-8.86969209e-01
-8.88381064e-01
-8.89784515e-01
-8.91179562e-01
-8.92566204e-01
-8.93944383e-01
-8.95314217e-01
-8.96675587e-01
-8.98028612e-01
-8.99373174e-01
-9.00709271e-01
-9.02036786e-01
-9.03355837e-01
-9.04666305e-01
-9.05968249e-01
-9.07261670e-01
-9.08546567e-01
-9.09822941e-01
-9.11090791e-01
-9.12350059e-01
-9.13600683e-01
-9.14842665e-01
-9.16076005e-01
-9.17300701e-01
-9.18516755e-01
-9.19724166e-01
-9.20922935e-01
-9.22113001e-01
-9.23294485e-01
-9.24467266e-01
-9.25631344e-01
-9.26786602e-01
-9.27933156e-01
-9.29070890e-01
-9.30199921e-01
-9.31320131e-01
-9.32431638e-01
-9.33534384e-01
-9.34628367e-01
-9.35713589e-01
-9.36790049e-01
-9.37857628e-01
-9.38916326e-01
-9.39966142e-01
-9.41007078e-01
-9.42039132e-01
-9.43062305e-01
-9.44076538e-01
-9.45081949e-01
-9.46078420e-01
-9.47066069e-01
-9.48044777e-01
-9.49014664e-01
-9.49975550e-01
-9.50927496e-01
-9.51870382e-01
-9.52804327e-01
-9.53729212e-01
-9.54645157e-01
-9.55552042e-01
-9.56449986e-01
-9.57338870e-01
-9.58218813e-01
-9.59089696e-01
-9.59951639e-01
-9.60804582e-01
-9.61648524e-01
-9.62483346e-01
-9.63309109e-01
-9.64125693e-01
-9.64933217e-01
-9.65731561e-01
-9.66520846e-01
-9.67300951e-01
-9.68071997e-01
-9.68833864e-01
-9.69586670e-01
-9.70330298e-01
-9.71064866e-01
-9.71790254e-01
-9.72506583e-01
-9.73213732e-01
-9.73911822e-01
-9.74600732e-01
-9.75280464e-01
-9.75950897e-01
-9.76612151e-01
-9.77264106e-01
-9.77906883e-01
-9.78540361e-01
-9.79164660e-01
-9.79779661e-01
-9.80385482e-01
-9.80982006e-01
-9.81569350e-01
-9.82147396e-01
-9.82716262e-01
-9.83275831e-01
-9.83826220e-01
-9.84367371e-01
-9.84899282e-01
-9.85421956e-01
-9.85935390e-01
-9.86439526e-01
-9.86934304e-01
-9.87419844e-01
-9.87896025e-01
-9.88362968e-01
-9.88820553e-01
-9.89268780e-01
-9.89707649e-01
-9.90137160e-01
-9.90557313e-01
-9.90968108e-01
-9.91369545e-01
-9.91761625e-01
-9.92144346e-01
-9.92517710e-01
-9.92881775e-01
-9.93236423e-01
-9.93581772e-01
-9.93917704e-01
-9.94244337e-01
-9.94561553e-01
-9.94869471e-01
-9.95167971e-01
-9.95457172e-01
-9.95736957e-01
-9.96007442e-01
-9.96268511e-01
-9.96520281e-01
-9.96762633e-01
-9.96995568e-01
-9.97219145e-01
-9.97433305e-01
-9.97638106e-01
-9.97833431e-01
-9.98019397e-01
-9.98195946e-01
-9.98363137e-01
-9.98520851e-01
-9.98669207e-01
-9.98808146e-01
-9.98937607e-01
-9.99057710e-01
-9.99168396e-01
-9.99269664e-01
-9.99361515e-01
-9.99443889e-01
-9.99516964e-01
-9.99580562e-01
-9.99634743e-01
-9.99679446e-01
-9.99714792e-01
-9.99740720e-01
-9.99757230e-01
-9.99764264e-01
-9.99761879e-01
-9.99750137e-01
-9.99728918e-01
-9.99698341e-01
-9.99658287e-01
-9.99608874e-01
-9.99549985e-01
-9.99481678e-01
-9.99403894e-01
-9.99316752e-01
-9.99220192e-01
-9.99114275e-01
-9.98998880e-01
-9.98874068e-01
-9.98739839e-01
-9.98596251e-01
-9.98443186e-01
-9.98280764e-01
-9.98108864e-01
-9.97927606e-01
-9.97736931e-01
-9.97536898e-01
-9.97327387e-01
-9.97108579e-01
-9.96880293e-01
-9.96642649e-01
-9.96395588e-01
-9.96139228e-01
-9.95873451e-01
-9.95598376e-01
-9.95313883e-01
-9.95020092e-01
-9.94716883e-01
-9.94404376e-01
-9.94082451e-01
-9.93751168e-01
-9.93410528e-01
-9.93060529e-01
-9.92701173e-01
-9.92332458e-01
-9.91954386e-01
-9.91566956e-01
-9.91170168e-01
-9.90764022e-01
-9.90348518e-01
-9.89923656e-01
-9.89489436e-01
-9.89045858e-01
-9.88592923e-01
-9.88130689e-01
-9.87659097e-01
-9.87178266e-01
-9.86688077e-01
-9.86188591e-01
-9.85679865e-01
-9.85161841e-01
-9.84634578e-01
-9.84098077e-01
-9.83552337e-01
-9.82997358e-01
-9.82433140e-01
-9.81859684e-01
-9.81276989e-01
-9.80685055e-01
-9.80083883e-01
-9.79473472e-01
-9.78853822e-01
-9.78224933e-01
-9.77586806e-01
-9.76939440e-01
-9.76282835e-01
-9.75616932e-01
-9.74941850e-01
-9.74257469e-01
-9.73563969e-01
-9.72861350e-01
-9.72149611e-01
-9.71428752e-01
-9.70698774e-01
-9.69959676e-01
-9.69211459e-01
-9.68454123e-01
-9.67687666e-01
-9.66912091e-01
-9.66127396e-01
-9.65333581e-01
-9.64530647e-01
-9.63718593e-01
-9.62897420e-01
-9.62067127e-01
-9.61227715e-01
-9.60379303e-01
-9.59521890e-01
-9.58655477e-01
-9.57780063e-01
-9.56895649e-01
-9.56002235e-01
-9.55099821e-01
-9.54188406e-01
-9.53267992e-01
-9.52338576e-01
-9.51400101e-01
-9.50452685e-01
-9.49496210e-01
-9.48530793e-01
-9.47556436e-01
-9.46573257e-01
-9.45581138e-01
-9.44580197e-01
-9.43570375e-01
-9.42551672e-01
-9.41524088e-01
-9.40487623e-01
-9.39442277e-01
-9.38388050e-01
-9.37324941e-01
-9.36252952e-01
-9.35172141e-01
-9.34082568e-01
-9.32984233e-01
-9.31877136e-01
-9.30761278e-01
-9.29636657e-01
-9.28503275e-01
-9.27361131e-01
-9.26210225e-01
-9.25050557e-01
-9.23882067e-01
-9.22704935e-01
-9.21519101e-01
-9.20324683e-01
-9.19121563e-01
-9.17909861e-01
-9.16689456e-01
-9.15460467e-01
-9.14222777e-01
-9.12976444e-01
-9.11721468e-01
-9.10457850e-01
-9.09185767e-01
-9.07905102e-01
-9.06615973e-01
-9.05318260e-01
-9.04012084e-01
-9.02697325e-01
-9.01374102e-01
-9.00042295e-01
-8.98702025e-01
-8.97353172e-01
-8.95995975e-01
-8.94630373e-01
-8.93256366e-01
-8.91873956e-01
-8.90483141e-01
-8.89083922e-01
-8.87676299e-01
-8.86260271e-01
-8.84835839e-01
-8.83403122e-01
-8.81962121e-01
-8.80512834e-01
-8.79055262e-01
-8.77589405e-01
-8.76115263e-01
-8.74632835e-01
-8.73142123e-01
-8.71643186e-01
-8.70136082e-01
-8.68620813e-01
-8.67097378e-01
-8.65565777e-01
-8.64026010e-01
-8.62478077e-01
-8.60921979e-01
-8.59357715e-01
-8.57785404e-01
-8.56205046e-01
-8.54616642e-01
-8.53020191e-01
-8.51415694e-01
-8.49803209e-01
-8.48182619e-01
-8.46554041e-01
-8.44917476e-01
-8.43273044e-01
-8.41620624e-01
-8.39960337e-01
-8.38292062e-01
-8.36615920e-01
-8.34931791e-01
-8.33239853e-01
-8.31540108e-01
-8.29832554e-01
-8.28117192e-01
-8.26394022e-01
-8.24663043e-01
-8.22924256e-01
-8.21177721e-01
-8.19423437e-01
-8.17661524e-01
-8.15891862e-01
-8.14114571e-01
-8.12329531e-01
-8.10536802e-01
-8.08736384e-01
-8.06928396e-01
-8.05112898e-01
-8.03289771e-01
-8.01459134e-01
-7.99620867e-01
-7.97775090e-01
-7.95921683e-01
-7.94060886e-01
-7.92192578e-01
-7.90316880e-01
-7.88433671e-01
-7.86543071e-01
-7.84645021e-01
-7.82739520e-01
-7.80826688e-01
-7.78906584e-01
-7.76979089e-01
-7.75044322e-01
-7.73102164e-01
-7.71152735e-01
-7.69196033e-01
-7.67232180e-01
-7.65261054e-01
-7.63282776e-01
-7.61297226e-01
-7.59304464e-01
-7.57304549e-01
-7.55297542e-01
-7.53283441e-01
-7.51262307e-01
-7.49234021e-01
-7.47198701e-01
-7.45156229e-01
-7.43106842e-01
-7.41050422e-01
-7.38987088e-01
-7.36916721e-01
-7.34839380e-01
-7.32755125e-01
-7.30663955e-01
-7.28565991e-01
-7.26461112e-01
-7.24349439e-01
-7.22230852e-01
-7.20105469e-01
-7.17973292e-01
-7.15834439e-01
-7.13688791e-01
-7.11536467e-01
-7.09377408e-01
-7.07211614e-01
-7.05039203e-01
-7.02860117e-01
-7.00674474e-01
-6.98482156e-01
-6.96283281e-01
-6.94077790e-01
-6.91865802e-01
-6.89647317e-01
-6.87422335e-01
-6.85190856e-01
-6.82952881e-01
-6.80708528e-01
-6.78457797e-01
-6.76200688e-01
-6.73937201e-01
-6.71667278e-01
-6.69391036e-01
-6.67108476e-01
-6.64819717e-01
-6.62524700e-01
-6.60223424e-01
-6.57915890e-01
-6.55602157e-01
-6.53282285e-01
-6.50956273e-01
-6.48624063e-01
-6.46285772e-01
-6.43941283e-01
-6.41590834e-01
-6.39234304e-01
-6.36871815e-01
-6.34503305e-01
-6.32128775e-01
-6.29748344e-01
-6.27362013e-01
-6.24969780e-01
-6.22571588e-01
-6.20167553e-01
-6.17757618e-01
-6.15341961e-01
-6.12920463e-01
-6.10493183e-01
-6.08060122e-01
-6.05621278e-01
-6.03176773e-01
-6.00726664e-01
-5.98270833e-01
-5.95809400e-01
-5.93342245e-01
-5.90869606e-01
-5.88391364e-01
-5.85907638e-01
-5.83418310e-01
-5.80923498e-01
-5.78423202e-01
-5.75917542e-01
-5.73406398e-01
-5.70889890e-01
-5.68367898e-01
-5.65840662e-01
-5.63308060e-01
-5.60770214e-01
-5.58227003e-01
-5.55678487e-01
-5.53124845e-01
-5.50565958e-01
-5.48001945e-01
-5.45432687e-01
-5.42858303e-01
-5.40278792e-01
-5.37694275e-01
-5.35104632e-01
-5.32509983e-01
-5.29910207e-01
-5.27305543e-01
-5.24695873e-01
-5.22081316e-01
-5.19461751e-01
-5.16837299e-01
-5.14207959e-01
-5.11573851e-01
-5.08934855e-01
-5.06291091e-01
-5.03642499e-01
-5.00989199e-01
-4.98331189e-01
-4.95668501e-01
-4.93001133e-01
-4.90329146e-01
-4.87652540e-01
-4.84971315e-01
-4.82285529e-01
-4.79595184e-01
-4.76900339e-01
-4.74200994e-01
-4.71497178e-01
-4.68788922e-01
-4.66076255e-01
-4.63359177e-01
-4.60637748e-01
-4.57911968e-01
-4.55181897e-01
-4.52447534e-01
-4.49708909e-01
-4.46966052e-01
-4.44218963e-01
-4.41467702e-01
-4.38712299e-01
-4.35952723e-01
-4.33189094e-01
-4.30421352e-01
-4.27649558e-01
-4.24873710e-01
-4.22093868e-01
-4.19310033e-01
-4.16522294e-01
-4.13730592e-01
-4.10935014e-01
-4.08135563e-01
-4.05332297e-01
-4.02525187e-01
-3.99714261e-01
-3.96899581e-01
-3.94081146e-01
-3.91259044e-01
-3.88433218e-01
-3.85603756e-01
-3.82770628e-01
-3.79933923e-01
-3.77093613e-01
-3.74249756e-01
-3.71402383e-01
-3.68551493e-01
-3.65697116e-01
-3.62839311e-01
-3.59978110e-01
-3.57113510e-01
-3.54245543e-01
-3.51374239e-01
-3.48499626e-01
-3.45621735e-01
-3.42740566e-01
-3.39856148e-01
-3.36968571e-01
-3.34077775e-01
-3.31183881e-01
-3.28286856e-01
-3.25386733e-01
-3.22483540e-01
-3.19577336e-01
-3.16668123e-01
-3.13755900e-01
-3.10840756e-01
-3.07922632e-01
-3.05001646e-01
-3.02077740e-01
-2.99151003e-01
-2.96221465e-01
-2.93289125e-01
-2.90354013e-01
-2.87416190e-01
-2.84475684e-01
-2.81532466e-01
-2.78586596e-01
-2.75638103e-01
-2.72687018e-01
-2.69733310e-01
-2.66777098e-01
-2.63818383e-01
-2.60857165e-01
-2.57893443e-01
-2.54927337e-01
-2.51958847e-01
-2.48987958e-01
-2.46014744e-01
-2.43039221e-01
-2.40061417e-01
-2.37081364e-01
-2.34099075e-01
-2.31114566e-01
-2.28127882e-01
-2.25139037e-01
-2.22148061e-01
-2.19154999e-01
-2.16159865e-01
-2.13162690e-01
-2.10163489e-01
-2.07162336e-01
-2.04159215e-01
-2.01154172e-01
-1.98147237e-01
-1.95138425e-01
-1.92127794e-01
-1.89115345e-01
-1.86101124e-01
-1.83085158e-01
-1.80067480e-01
-1.77048102e-01
-1.74027056e-01
-1.71004385e-01
-1.67980090e-01
-1.64954200e-01
-1.61926761e-01
-1.58897787e-01
-1.55867308e-01
-1.52835354e-01
-1.49801970e-01
-1.46767169e-01
-1.43730968e-01
-1.40693426e-01
-1.37654558e-01
-1.34614378e-01
-1.31572947e-01
-1.28530279e-01
-1.25486404e-01
-1.22441344e-01
-1.19395129e-01
-1.16347797e-01
-1.13299370e-01
-1.10249877e-01
-1.07199341e-01
-1.04147807e-01
-1.01095289e-01
-9.80418324e-02
-9.49874520e-02
-9.19321775e-02
-8.88760313e-02
-8.58190656e-02
-8.27613100e-02
-7.97028169e-02
-7.66436458e-02
-7.35838786e-02
-7.05236197e-02
-6.74630105e-02
-6.44022524e-02
-6.13416135e-02
-5.82814664e-02
-5.52222878e-02
-5.21647073e-02
-4.91095074e-02
-4.60576564e-02
-4.30102944e-02
-3.99687476e-02
-3.69344577e-02
-3.39089669e-02
-3.08938213e-02
-2.78904848e-02
-2.49002073e-02
-2.19239220e-02
-1.89621150e-02
-1.60147250e-02
-1.30810691e-02
-1.01598185e-02
-7.24900747e-03
-4.34610667e-03
-1.44814292e-03
1.44814292e-03
4.34610667e-03
