-4.27389657e-03
-1.42344122e-03
1.42344122e-03
4.27389657e-03
7.13473093e-03
1.00117885e-02
1.29094683e-02
1.58304553e-02
1.87756754e-02
2.17444692e-02
2.47349087e-02
2.77442168e-02
3.07691824e-02
3.38065363e-02
3.68532427e-02
3.99066582e-02
4.29646336e-02
4.60255183e-02
4.90880981e-02
5.21515235e-02
5.52152358e-02
5.82788587e-02
6.13421686e-02
6.44050166e-02
6.74673170e-02
7.05290139e-02
7.35900626e-02
7.66504183e-02
7.97100514e-02
8.27689320e-02
8.58270302e-02
8.88843164e-02
9.19407606e-02
9.49963331e-02
9.80510116e-02
1.01104759e-01
1.04157560e-01
1.07209384e-01
1.10260203e-01
1.13309987e-01
1.16358705e-01
1.19406328e-01
1.22452833e-01
1.25498176e-01
1.28542334e-01
1.31585285e-01
1.34627014e-01
1.37667462e-01
1.40706614e-01
1.43744439e-01
1.46780923e-01
1.49816021e-01
1.52849689e-01
1.55881941e-01
1.58912703e-01
1.61941960e-01
1.64969698e-01
1.67995870e-01
1.71020448e-01
1.74043417e-01
1.77064747e-01
1.80084407e-01
1.83102369e-01
1.86118618e-01
1.89133123e-01
1.92145854e-01
1.95156768e-01
1.98165849e-01
2.01173067e-01
2.04178393e-01
2.07181796e-01
2.10183248e-01
2.13182718e-01
2.16180161e-01
2.19175592e-01
2.22168937e-01
2.25160196e-01
2.28149310e-01
2.31136292e-01
2.34121069e-01
2.37103641e-01
2.40083992e-01
2.43062079e-01
2.46037886e-01
2.49011368e-01
2.51982540e-01
2.54951298e-01
2.57917702e-01
2.60881662e-01
2.63843179e-01
2.66802162e-01
2.69758672e-01
2.72712618e-01
2.75664002e-01
2.78612763e-01
2.81558901e-01
2.84502387e-01
2.87443221e-01
2.90381312e-01
2.93316662e-01
2.96249270e-01
2.99179107e-01
3.02106112e-01
3.05030286e-01
3.07951570e-01
3.10869962e-01
3.13785404e-01
3.16697896e-01
3.19607407e-01
3.22513878e-01
3.25417340e-01
3.28317732e-01
3.31215024e-01
3.34109217e-01
3.37000251e-01
3.39888126e-01
3.42772782e-01
3.45654219e-01
3.48532379e-01
3.51407260e-01
3.54278833e-01
3.57147098e-01
3.60011965e-01
3.62873465e-01
3.65731508e-01
3.68586153e-01
3.71437281e-01
3.74284953e-01
3.77129048e-01
3.79969627e-01
3.82806599e-01
3.85639995e-01
3.88469726e-01
3.91295791e-01
3.94118190e-01
3.96936864e-01
3.99751812e-01
4.02563006e-01
4.05370384e-01
4.08173919e-01
4.10973638e-01
4.13769484e-01
4.16561425e-01
4.19349462e-01
4.22133535e-01
4.24913645e-01
4.27689731e-01
4.30461794e-01
4.33229774e-01
4.35993701e-01
4.38753515e-01
4.41509187e-01
4.44260716e-01
4.47008044e-01
4.49751198e-01
4.52490091e-01
4.55224723e-01
4.57955062e-01
4.60681081e-01
4.63402808e-01
4.66120124e-01
4.68833059e-01
4.71541554e-01
4.74245638e-01
4.76945221e-01
4.79640335e-01
4.82330889e-01
4.85016942e-01
4.87698406e-01
4.90375280e-01
4.93047506e-01
4.95715111e-01
4.98378068e-01
5.01036346e-01
5.03689885e-01
5.06338716e-01
5.08982778e-01
5.11622012e-01
5.14256358e-01
5.16885936e-01
5.19510627e-01
5.22130430e-01
5.24745226e-01
5.27355134e-01
5.29960096e-01
5.32560050e-01
5.35154998e-01
5.37744880e-01
5.40329635e-01
5.42909384e-01
5.45484006e-01
5.48053503e-01
5.50617754e-01
5.53176880e-01
5.55730820e-01
5.58279574e-01
5.60822964e-01
5.63361108e-01
5.65893888e-01
5.68421423e-01
5.70943594e-01
5.73460400e-01
5.75971723e-01
5.78477681e-01
5.80978155e-01
5.83473265e-01
5.85962772e-01
5.88446796e-01
5.90925217e-01
5.93398154e-01
5.95865488e-01
5.98327219e-01
6.00783229e-01
6.03233635e-01
6.05678320e-01
6.08117402e-01
6.10550642e-01
6.12978160e-01
6.15399837e-01
6.17815793e-01
6.20225906e-01
6.22630239e-01
6.25028610e-01
6.27421081e-01
6.29807651e-01
6.32188320e-01
6.34563088e-01
6.36931837e-01
6.39294565e-01
6.41651273e-01
6.44001961e-01
6.46346569e-01
6.48685098e-01
6.51017487e-01
6.53343737e-01
6.55663848e-01
6.57977819e-01
6.60285592e-01
6.62587106e-01
6.64882362e-01
6.67171359e-01
6.69454038e-01
6.71730518e-01
6.74000561e-01
6.76264286e-01
6.78521633e-01
6.80772603e-01
6.83017194e-01
6.85255349e-01
6.87487006e-01
6.89712167e-01
6.91930890e-01
6.94143057e-01
6.96348786e-01
6.98547840e-01
7.00740337e-01
7.02926159e-01
7.05105424e-01
7.07278073e-01
7.09444106e-01
7.11603403e-01
7.13755965e-01
7.15901792e-01
7.18040884e-01
7.20173180e-01
7.22298801e-01
7.24417508e-01
7.26529419e-01
7.28634477e-01
7.30732679e-01
7.32824028e-01
7.34908521e-01
7.36986041e-01
7.39056587e-01
7.41120160e-01
7.43176758e-01
7.45226383e-01
7.47268975e-01
7.49304533e-01
7.51332998e-01
7.53354371e-01
7.55368650e-01
7.57375836e-01
7.59375930e-01
7.61368871e-01
7.63354599e-01
7.65333116e-01
7.67304361e-01
7.69268453e-01
7.71225274e-01
7.73174942e-01
7.75117218e-01
7.77052224e-01
7.78979838e-01
7.80900180e-01
7.82813191e-01
7.84718871e-01
7.86617100e-01
7.88507879e-01
7.90391207e-01
7.92267144e-01
7.94135571e-01
7.95996606e-01
7.97850132e-01
7.99696147e-01
8.01534534e-01
8.03365409e-01
8.05188656e-01
8.07004392e-01
8.08812499e-01
8.10613036e-01
8.12405944e-01
8.14191103e-01
8.15968633e-01
8.17738414e-01
8.19500566e-01
8.21254969e-01
8.23001742e-01
8.24740648e-01
8.26471806e-01
8.28195095e-01
8.29910636e-01
8.31618369e-01
8.33318293e-01
8.35010409e-01
8.36694658e-01
8.38370979e-01
8.40039372e-01
8.41699839e-01
8.43352377e-01
8.44996989e-01
8.46633673e-01
8.48262429e-01
8.49883199e-01
8.51495862e-01
8.53100538e-01
8.54697108e-01
8.56285691e-01
8.57866168e-01
8.59438598e-01
8.61002982e-01
8.62559259e-01
8.64107311e-01
8.65647256e-01
8.67178977e-01
8.68702590e-01
8.70217979e-01
8.71725261e-01
8.73224318e-01
8.74715209e-01
8.76197755e-01
8.77672076e-01
8.79138052e-01
8.80595803e-01
8.82045209e-01
8.83486331e-01
8.84919167e-01
8.86343718e-01
8.87759864e-01
8.89167607e-01
8.90566945e-01
8.91957879e-01
8.93340468e-01
8.94714594e-01
8.96080375e-01
8.97437692e-01
8.98786664e-01
9.00127053e-01
9.01458979e-01
9.02782321e-01
9.04097199e-01
9.05403495e-01
9.06701326e-01
9.07990575e-01
9.09271359e-01
9.10543621e-01
9.11807358e-01
9.13062394e-01
9.14308846e-01
9.15546596e-01
9.16775763e-01
9.17996228e-01
9.19208109e-01
9.20411289e-01
9.21605885e-01
9.22791779e-01
9.23969090e-01
9.25137579e-01
9.26297367e-01
9.27448392e-01
9.28590655e-01
9.29724157e-01
9.30848897e-01
9.31964874e-01
9.33072090e-01
9.34170544e-01
9.35260236e-01
9.36341166e-01
9.37413275e-01
9.38476503e-01
9.39530849e-01
9.40576315e-01
9.41612899e-01
9.42640603e-01
9.43659425e-01
9.44669366e-01
9.45670366e-01
9.46662545e-01
9.47645783e-01
9.48620200e-01
9.49585676e-01
9.50542212e-01
9.51489687e-01
9.52428222e-01
9.53357697e-01
9.54278231e-01
9.55189705e-01
9.56092238e-01
9.56985712e-01
9.57870245e-01
9.58745718e-01
9.59612250e-01
9.60469723e-01
9.61318254e-01
9.62157726e-01
9.62988079e-01
9.63809311e-01
9.64621425e-01
9.65424418e-01
9.66218293e-01
9.67003047e-01
9.67778683e-01
9.68545258e-01
9.69302654e-01
9.70050991e-01
9.70790148e-01
9.71520245e-01
9.72241163e-01
9.72953022e-01
9.73655701e-01
9.74349260e-01
9.75033581e-01
9.75708723e-01
9.76374686e-01
9.77031350e-01
9.77678835e-01
9.78317022e-01
9.78946030e-01
9.79565740e-01
9.80176270e-01
9.80777502e-01
9.81369495e-01
9.81952250e-01
9.82525766e-01
9.83090043e-01
9.83645082e-01
9.84190881e-01
9.84727442e-01
9.85254765e-01
9.85772848e-01
9.86281574e-01
9.86781061e-01
9.87271249e-01
9.87752080e-01
9.88223672e-01
9.88685906e-01
9.89138842e-01
9.89582419e-01
9.90016699e-01
9.90441620e-01
9.90857184e-01
9.91263390e-01
9.91660237e-01
9.92047727e-01
9.92425859e-01
9.92794633e-01
9.93154049e-01
9.93504107e-01
9.93844807e-01
9.94176149e-01
9.94498134e-01
9.94810700e-01
9.95113969e-01
9.95407820e-01
9.95692372e-01
9.95967507e-01
9.96233344e-01
9.96489763e-01
9.96736825e-01
9.96974468e-01
9.97202754e-01
9.97421563e-01
9.97631073e-01
9.97831106e-01
9.98021781e-01
9.98203039e-01
9.98374879e-01
9.98537362e-01
9.98690367e-01
9.98834014e-01
9.98968244e-01
9.99093056e-01
9.99208450e-01
9.99314368e-01
9.99410927e-01
9.99498069e-01
9.99575853e-01
9.99644160e-01
9.99703050e-01
9.99752462e-01
9.99792516e-01
9.99823093e-01
9.99844313e-01
9.99856055e-01
9.99858439e-01
9.99851406e-01
9.99834895e-01
9.99808967e-01
9.99773622e-01
9.99728918e-01
9.99674737e-01
9.99611199e-01
9.99538124e-01
9.99455690e-01
9.99363780e-01
9.99262571e-01
9.99151886e-01
9.99031842e-01
9.98902321e-01
9.98763382e-01
9.98615026e-01
9.98457313e-01
9.98290122e-01
9.98113573e-01
9.97927606e-01
9.97732282e-01
9.97527480e-01
9.97313321e-01
9.97089803e-01
9.96856809e-01
9.96614456e-01
9.96362746e-01
9.96101558e-01
9.95831072e-01
9.95551169e-01
9.95261967e-01
9.94963348e-01
9.94655430e-01
9.94338095e-01
9.94011462e-01
9.93675411e-01
9.93330061e-01
9.92975295e-01
9.92611229e-01
9.92237806e-01
9.91855025e-01
9.91462886e-01
9.91061389e-01
9.90650535e-01
9.90230322e-01
9.89800751e-01
9.89361823e-01
9.88913536e-01
9.88455951e-01
9.87989068e-01
9.87512827e-01
9.87027287e-01
9.86532509e-01
9.86028373e-01
9.85514939e-01
9.84992266e-01
9.84460294e-01
9.83919084e-01
9.83368635e-01
9.82808948e-01
9.82240021e-01
9.81661856e-01
9.81074452e-01
9.80477810e-01
9.79871988e-01
9.79256868e-01
9.78632569e-01
9.77998972e-01
9.77356195e-01
9.76704121e-01
9.76042867e-01
9.75372314e-01
9.74692583e-01
9.74003613e-01
9.73305523e-01
9.72598255e-01
9.71881926e-01
9.71156418e-01
9.70421851e-01
9.69678104e-01
9.68925297e-01
9.68163311e-01
9.67392206e-01
9.66611981e-01
9.65822637e-01
9.65024173e-01
9.64216590e-01
9.63399887e-01
9.62574065e-01
9.61739123e-01
9.60895121e-01
9.60042119e-01
9.59180117e-01
9.58309114e-01
9.57429111e-01
9.56540108e-01
9.55642104e-01
9.54735100e-01
9.53819096e-01
9.52894092e-01
9.51960087e-01
9.51017082e-01
9.50065076e-01
9.49104071e-01
9.48134124e-01
9.47155237e-01
9.46167529e-01
9.45170879e-01
9.44165409e-01
9.43150997e-01
9.42127764e-01
9.41095591e-01
9.40054595e-01
9.39004660e-01
9.37945902e-01
9.36878264e-01
9.35801804e-01
9.34716523e-01
9.33622479e-01
9.32519615e-01
9.31408048e-01
9.30287659e-01
9.29158568e-01
9.28020656e-01
9.26874042e-01
9.25718606e-01
9.24554467e-01
9.23381507e-01
9.22199965e-01
9.21009719e-01
9.19810832e-01
9.18603301e-01
9.17387128e-01
9.16162312e-01
9.14928854e-01
9.13686752e-01
9.12436008e-01
9.11176622e-01
9.09908652e-01
9.08632159e-01
9.07347143e-01
9.06053603e-01
9.04751539e-01
9.03440893e-01
9.02121782e-01
9.00794089e-01
8.99457932e-01
8.98113191e-01
8.96760106e-01
8.95398557e-01
8.94028664e-01
8.92650306e-01
8.91263545e-01
8.89868379e-01
8.88464808e-01
8.87052834e-01
8.85632455e-01
8.84203732e-01
8.82766724e-01
8.81321430e-01
8.79867852e-01
8.78405988e-01
8.76935840e-01
8.75457406e-01
8.73970687e-01
8.72475743e-01
8.70972574e-01
8.69461238e-01
8.67941737e-01
8.66414070e-01
8.64878237e-01
8.63334239e-01
8.61782074e-01
8.60221744e-01
8.58653307e-01
8.57076824e-01
8.55492294e-01
8.53899717e-01
8.52299094e-01
8.50690424e-01
8.49073768e-01
8.47449005e-01
8.45816314e-01
8.44175637e-01
8.42527092e-01
8.40870559e-01
8.39206159e-01
8.37533772e-01
8.35853517e-01
8.34165335e-01
8.32469344e-01
8.30765545e-01
8.29053879e-01
8.27334464e-01
8.25607181e-01
8.23872149e-01
8.22129250e-01
8.20378661e-01
8.18620384e-01
8.16854417e-01
8.15080762e-01
8.13299417e-01
8.11510384e-01
8.09713662e-01
8.07909310e-01
8.06097388e-01
8.04277897e-01
8.02450836e-01
8.00616205e-01
7.98774004e-01
7.96924293e-01
7.95067012e-01
7.93202341e-01
7.91330159e-01
7.89450526e-01
7.87563443e-01
7.85668910e-01
7.83766925e-01
7.81857610e-01
7.79940963e-01
7.78016984e-01
7.76085675e-01
7.74147034e-01
7.72201121e-01
7.70247817e-01
7.68287361e-01
7.66319633e-01
7.64344752e-01
7.62362599e-01
7.60373294e-01
7.58376718e-01
7.56373048e-01
7.54362345e-01
7.52344489e-01
7.50319600e-01
7.48287559e-01
7.46248484e-01
7.44202316e-01
7.42149234e-01
7.40089118e-01
7.38022089e-01
7.35948086e-01
7.33867109e-01
7.31779218e-01
7.29684472e-01
7.27582872e-01
7.25474358e-01
7.23359048e-01
7.21236825e-01
7.19107866e-01
7.16972113e-01
7.14829683e-01
7.12680459e-01
7.10524559e-01
7.08361864e-01
7.06192553e-01
7.04016626e-01
7.01834083e-01
6.99644864e-01
6.97449088e-01
6.95246637e-01
6.93037748e-01
6.90822303e-01
6.88600421e-01
6.86371982e-01
6.84137106e-01
6.81895733e-01
6.79647982e-01
6.77393854e-01
6.75133288e-01
6.72866404e-01
6.70593083e-01
6.68313503e-01
6.66027606e-01
6.63735509e-01
6.61437094e-01
6.59132481e-01
6.56821609e-01
6.54504597e-01
6.52181447e-01
6.49852097e-01
6.47516668e-01
6.45175040e-01
6.42827392e-01
6.40473664e-01
6.38113976e-01
6.35748267e-01
6.33376539e-01
6.30998790e-01
6.28615141e-01
6.26225591e-01
6.23830140e-01
6.21428788e-01
6.19021475e-01
6.16608441e-01
6.14189565e-01
6.11764967e-01
6.09334588e-01
6.06898427e-01
6.04456544e-01
6.02008998e-01
5.99555850e-01
5.97096980e-01
5.94632506e-01
5.92162371e-01
5.89686751e-01
5.87205529e-01
5.84718823e-01
5.82226515e-01
5.79728723e-01
5.77225506e-01
5.74716866e-01
5.72202802e-01
5.69683373e-01
5.67158461e-01
5.64628303e-01
5.62092841e-01
5.59552073e-01
5.57006001e-01
5.54454684e-01
5.51898181e-01
5.49336433e-01
5.46769559e-01
5.44197440e-01
5.41620255e-01
5.39037943e-01
5.36450624e-01
5.33858180e-01
5.31260669e-01
5.28658152e-01
5.26050687e-01
5.23438334e-01
5.20820975e-01
5.18198729e-01
5.15571594e-01
5.12939632e-01
5.10302842e-01
5.07661223e-01
5.05014777e-01
5.02363622e-01
4.99707729e-01
4.97047156e-01
4.94381905e-01
4.91711974e-01
4.89037424e-01
4.86358255e-01
4.83674526e-01
4.80986238e-01
4.78293389e-01
4.75596040e-01
4.72894192e-01
4.70187902e-01
4.67477173e-01
4.64762062e-01
4.62042570e-01
4.59318697e-01
4.56590503e-01
4.53858018e-01
4.51121241e-01
4.48380232e-01
4.45634991e-01
4.42885548e-01
4.40131932e-01
4.37374175e-01
4.34612304e-01
4.31846321e-01
4.29076284e-01
4.26302195e-01
4.23524082e-01
4.20742005e-01
4.17955965e-01
4.15165991e-01
4.12372082e-01
4.09574300e-01
4.06772643e-01
4.03967142e-01
4.01157856e-01
3.98344785e-01
3.95527989e-01
3.92707467e-01
3.89883220e-01
3.87055308e-01
3.84223700e-01
3.81388515e-01
3.78549755e-01
3.75707418e-01
3.72861505e-01
3.70012134e-01
3.67159277e-01
3.64302933e-01
3.61443162e-01
3.58579963e-01
3.55713397e-01
3.52843493e-01
3.49970251e-01
3.47093701e-01
3.44213903e-01
3.41330856e-01
3.38444620e-01
3.35555196e-01
3.32662582e-01
3.29766840e-01
3.26867998e-01
3.23966056e-01
3.21061075e-01
3.18153054e-01
3.15242022e-01
3.12328041e-01
3.09411138e-01
3.06491315e-01
3.03568602e-01
3.00643027e-01
2.97714651e-01
2.94783413e-01
2.91849434e-01
2.88912684e-01
2.85973191e-01
2.83031017e-01
2.80086160e-01
2.77138680e-01
2.74188608e-01
2.71235913e-01
2.68280715e-01
2.65322983e-01
2.62362748e-01
2.59400040e-01
2.56434888e-01
2.53467321e-01
2.50497341e-01
2.47525021e-01
2.44550377e-01
2.41573408e-01
2.38594159e-01
2.35612661e-01
2.32628942e-01
2.29643032e-01
2.26654977e-01
2.23664761e-01
2.20672458e-01
2.17678070e-01
2.14681655e-01
2.11683199e-01
2.08682775e-01
2.05680385e-01
2.02676058e-01
1.99669808e-01
1.96661666e-01
1.93651661e-01
1.90639839e-01
1.87626213e-01
1.84610829e-01
1.81593686e-01
1.78574845e-01
1.75554305e-01
1.72532126e-01
1.69508308e-01
1.66482896e-01
1.63455933e-01
1.60427406e-01
1.57397389e-01
1.54365897e-01
1.51332945e-01
1.48298576e-01
1.45262823e-01
1.42225698e-01
1.39187232e-01
1.36147454e-01
1.33106396e-01
1.30064070e-01
1.27020523e-01
1.23975761e-01
1.20929830e-01
1.17882751e-01
1.14834569e-01
1.11785300e-01
1.08734988e-01
1.05683647e-01
1.02631323e-01
9.95780304e-02
9.65238139e-02
9.34686810e-02
9.04126689e-02
8.73557925e-02
8.42980966e-02
8.12395960e-02
7.81803355e-02
7.51203299e-02
7.20596239e-02
6.89982325e-02
6.59362003e-02
6.28735423e-02
5.98102994e-02
5.67464940e-02
5.36821596e-02
5.06173186e-02
4.75519970e-02
4.44862247e-02
4.14200313e-02
3.83534469e-02
3.52865010e-02
3.22192274e-02
2.91516483e-02
2.60837954e-02
2.30156966e-02
1.99473798e-02
1.68788750e-02
1.38102109e-02
1.07414173e-02
7.67252175e-03
4.60355403e-03
1.53454265e-03
-1.53448305e-03
-4.60349442e-03
-7.67246215e-03
-1.07413577e-02
-1.38101513e-02
-1.68788154e-02
-1.99473202e-02
-2.30156370e-02
-2.60837357e-02
-2.91515887e-02
-3.22191678e-02
-3.52864414e-02
-3.83533873e-02
-4.14199717e-02
-4.44861650e-02
-4.75519374e-02
-5.06172590e-02
-5.36821000e-02
-5.67464344e-02
-5.98102398e-02
-6.28734827e-02
-6.59361407e-02
-6.89981729e-02
-7.20595643e-02
-7.51202703e-02
-7.81802759e-02
-8.12395364e-02
-8.42980370e-02
-8.73557329e-02
-9.04126093e-02
-9.34686214e-02
-9.65237543e-02
-9.95779708e-02
-1.02631263e-01
-1.05683587e-01
-1.08734928e-01
-1.11785240e-01
-1.14834510e-01
-1.17882691e-01
-1.20929770e-01
-1.23975702e-01
-1.27020463e-01
-1.30064011e-01
-1.33106336e-01
-1.36147395e-01
-1.39187172e-01
-1.42225638e-01
-1.45262763e-01
-1.48298517e-01
-1.51332885e-01
-1.54365838e-01
-1.57397330e-01
-1.60427347e-01
-1.63455874e-01
-1.66482836e-01
-1.69508249e-01
-1.72532067e-01
-1.75554246e-01
-1.78574786e-01
-1.81593627e-01
-1.84610769e-01
-1.87626153e-01
-1.90639779e-01
-1.93651602e-01
-1.96661606e-01
-1.99669749e-01
-2.02675998e-01
-2.05680326e-01
-2.08682716e-01
-2.11683139e-01
-2.14681596e-01
-2.17678010e-01
-2.20672399e-01
-2.23664701e-01
-2.26654917e-01
-2.29642972e-01
-2.32628882e-01
-2.35612601e-01
-2.38594100e-01
-2.41573349e-01
-2.44550318e-01
-2.47524962e-01
-2.50497282e-01
-2.53467262e-01
-2.56434828e-01
-2.59399980e-01
-2.62362689e-01
-2.65322924e-01
-2.68280655e-01
-2.71235853e-01
-2.74188548e-01
-2.77138621e-01
-2.80086100e-01
-2.83030957e-01
-2.85973132e-01
-2.88912624e-01
-2.91849375e-01
-2.94783354e-01
-2.97714591e-01
-3.00642967e-01
-3.03568542e-01
-3.06491256e-01
-3.09411079e-01
-3.12327981e-01
-3.15241963e-01
-3.18152994e-01
-3.21061015e-01
-3.23965997e-01
-3.26867938e-01
-3.29766780e-01
-3.32662523e-01
-3.35555136e-01
-3.38444591e-01
-3.41330826e-01
-3.44213843e-01
-3.47093642e-01
-3.49970192e-01
-3.52843434e-01
-3.55713367e-01
-3.58579934e-01
-3.61443132e-01
-3.64302903e-01
-3.67159247e-01
-3.70012105e-01
-3.72861475e-01
-3.75707358e-01
-3.78549695e-01
-3.81388485e-01
-3.84223670e-01
-3.87055248e-01
-3.89883161e-01
-3.92707378e-01
-3.95527899e-01
-3.98344725e-01
-4.01157796e-01
-4.03967083e-01
-4.06772554e-01
-4.09574211e-01
-4.12372023e-01
-4.15165931e-01
-4.17955935e-01
-4.20741975e-01
-4.23524052e-01
-4.26302135e-01
-4.29076225e-01
-4.31846291e-01
-4.34612274e-01
-4.37374145e-01
-4.40131903e-01
-4.42885518e-01
-4.45634931e-01
-4.48380172e-01
-4.51121181e-01
-4.53857958e-01
-4.56590444e-01
-4.59318608e-01
-4.62042481e-01
-4.64761972e-01
-4.67477083e-01
-4.70187813e-01
-4.72894102e-01
-4.75595981e-01
-4.78293329e-01
-4.80986178e-01
-4.83674467e-01
-4.86358196e-01
-4.89037365e-01
-4.91711915e-01
-4.94381845e-01
-4.97047096e-01
-4.99707669e-01
-5.02363563e-01
-5.05014718e-01
-5.07661164e-01
-5.10302782e-01
-5.12939572e-01
-5.15571535e-01
-5.18198669e-01
-5.20820916e-01
-5.23438275e-01
-5.26050627e-01
-5.28658092e-01
-5.31260610e-01
-5.33858120e-01
-5.36450565e-01
-5.39037883e-01
-5.41620195e-01
-5.44197381e-01
-5.46769500e-01
-5.49336374e-01
-5.51898122e-01
-5.54454625e-01
-5.57005942e-01
-5.59552014e-01
-5.62092781e-01
-5.64628243e-01
-5.67158401e-01
-5.69683313e-01
-5.72202742e-01
-5.74716806e-01
-5.77225447e-01
-5.79728663e-01
-5.82226455e-01
-5.84718764e-01
-5.87205529e-01
-5.89686692e-01
-5.92162371e-01
-5.94632447e-01
-5.97096980e-01
-5.99555790e-01
-6.02008998e-01
-6.04456544e-01
-6.06898427e-01
-6.09334588e-01
-6.11764967e-01
-6.14189565e-01
-6.16608381e-01
-6.19021475e-01
-6.21428728e-01
-6.23830140e-01
-6.26225591e-01
-6.28615141e-01
-6.30998790e-01
-6.33376539e-01
-6.35748267e-01
-6.38113976e-01
-6.40473664e-01
-6.42827392e-01
-6.45175040e-01
-6.47516668e-01
-6.49852097e-01
-6.52181447e-01
-6.54504597e-01
-6.56821609e-01
-6.59132481e-01
-6.61437094e-01
-6.63735449e-01
-6.66027606e-01
-6.68313444e-01
-6.70593083e-01
-6.72866344e-01
-6.75133288e-01
-6.77393794e-01
-6.79647982e-01
-6.81895733e-01
-6.84137106e-01
-6.86371982e-01
-6.88600361e-01
-6.90822303e-01
-6.93037689e-01
-6.95246637e-01
-6.97449028e-01
-6.99644864e-01
-7.01834023e-01
-7.04016626e-01
-7.06192553e-01
-7.08361864e-01
-7.10524499e-01
-7.12680399e-01
-7.14829564e-01
-7.16972053e-01
-7.19107747e-01
-7.21236765e-01
-7.23358929e-01
-7.25474298e-01
-7.27582753e-01
-7.29684412e-01
-7.31779158e-01
-7.33867049e-01
-7.35948026e-01
-7.38022029e-01
-7.40089118e-01
-7.42149174e-01
-7.44202316e-01
-7.46248424e-01
-7.48287559e-01
-7.50319541e-01
-7.52344489e-01
-7.54362285e-01
-7.56373048e-01
-7.58376718e-01
-7.60373235e-01
-7.62362599e-01
-7.64344752e-01
-7.66319633e-01
-7.68287361e-01
-7.70247817e-01
-7.72201121e-01
-7.74147034e-01
-7.76085675e-01
-7.78016925e-01
-7.79940903e-01
-7.81857550e-01
-7.83766866e-01
-7.85668850e-01
-7.87563384e-01
-7.89450467e-01
-7.91330099e-01
-7.93202281e-01
-7.95066953e-01
-7.96924233e-01
-7.98774004e-01
-8.00616205e-01
-8.02450836e-01
-8.04277897e-01
-8.06097388e-01
-8.07909310e-01
-8.09713662e-01
-8.11510384e-01
-8.13299417e-01
-8.15080762e-01
-8.16854417e-01
-8.18620384e-01
-8.20378661e-01
-8.22129250e-01
-8.23872089e-01
-8.25607181e-01
-8.27334404e-01
-8.29053879e-01
-8.30765486e-01
-8.32469344e-01
-8.34165335e-01
-8.35853517e-01
-8.37533772e-01
-8.39206100e-01
-8.40870559e-01
-8.42527032e-01
-8.44175637e-01
-8.45816255e-01
-8.47449005e-01
-8.49073708e-01
-8.50690424e-01
-8.52299094e-01
-8.53899717e-01
-8.55492294e-01
-8.57076824e-01
-8.58653307e-01
-8.60221744e-01
-8.61782074e-01
-8.63334239e-01
-8.64878237e-01
-8.66414070e-01
-8.67941737e-01
-8.69461238e-01
-8.70972574e-01
-8.72475684e-01
-8.73970687e-01
-8.75457346e-01
-8.76935780e-01
-8.78405929e-01
-8.79867792e-01
-8.81321371e-01
-8.82766664e-01
-8.84203672e-01
-8.85632396e-01
-8.87052774e-01
-8.88464749e-01
-8.89868319e-01
-8.91263485e-01
-8.92650247e-01
-8.94028604e-01
-8.95398557e-01
-8.96760106e-01
-8.98113251e-01
-8.99457932e-01
-9.00794148e-01
-9.02121782e-01
-9.03440952e-01
-9.04751539e-01
-9.06053603e-01
-9.07347143e-01
-9.08632159e-01
-9.09908652e-01
-9.11176622e-01
-9.12436008e-01
-9.13686752e-01
-9.14928854e-01
-9.16162312e-01
-9.17387128e-01
-9.18603301e-01
-9.19810832e-01
-9.21009719e-01
-9.22199905e-01
-9.23381507e-01
-9.24554408e-01
-9.25718606e-01
-9.26873982e-01
-9.28020656e-01
-9.29158509e-01
-9.30287659e-01
-9.31407988e-01
-9.32519615e-01
-9.33622420e-01
-9.34716463e-01
-9.35801744e-01
-9.36878264e-01
-9.37945902e-01
-9.39004660e-01
-9.40054536e-01
-9.41095591e-01
-9.42127705e-01
-9.43150997e-01
-9.44165349e-01
-9.45170879e-01
-9.46167469e-01
-9.47155237e-01
-9.48134065e-01
-9.49104071e-01
-9.50065076e-01
-9.51017082e-01
-9.51960087e-01
-9.52894092e-01
-9.53819096e-01
-9.54735100e-01
-9.55642104e-01
-9.56540108e-01
-9.57429111e-01
-9.58309114e-01
-9.59180117e-01
-9.60042119e-01
-9.60895121e-01
-9.61739123e-01
-9.62574065e-01
-9.63399887e-01
-9.64216590e-01
-9.65024173e-01
-9.65822637e-01
-9.66611981e-01
-9.67392206e-01
-9.68163311e-01
-9.68925238e-01
-9.69678104e-01
-9.70421791e-01
-9.71156418e-01
-9.71881866e-01
-9.72598255e-01
-9.73305464e-01
-9.74003613e-01
-9.74692523e-01
-9.75372314e-01
-9.76042807e-01
-9.76704121e-01
-9.77356136e-01
-9.77998972e-01
-9.78632510e-01
-9.79256868e-01
-9.79871929e-01
-9.80477810e-01
-9.81074452e-01
-9.81661856e-01
-9.82240021e-01
-9.82808948e-01
-9.83368635e-01
-9.83919084e-01
-9.84460294e-01
-9.84992266e-01
-9.85514939e-01
-9.86028373e-01
-9.86532509e-01
-9.87027287e-01
-9.87512827e-01
-9.87989008e-01
-9.88455951e-01
-9.88913536e-01
-9.89361823e-01
-9.89800751e-01
-9.90230322e-01
-9.90650535e-01
-9.91061389e-01
-9.91462886e-01
-9.91855025e-01
-9.92237806e-01
-9.92611229e-01
-9.92975295e-01
-9.93330061e-01
-9.93675411e-01
-9.94011462e-01
-9.94338095e-01
-9.94655430e-01
-9.94963348e-01
-9.95261967e-01
-9.95551169e-01
-9.95831072e-01
-9.96101558e-01
-9.96362686e-01
-9.96614456e-01
-9.96856809e-01
-9.97089744e-01
-9.97313321e-01
-9.97527480e-01
-9.97732282e-01
-9.97927606e-01
-9.98113573e-01
-9.98290122e-01
-9.98457313e-01
-9.98615086e-01
-9.98763382e-01
-9.98902321e-01
-9.99031782e-01
-9.99151886e-01
-9.99262571e-01
-9.99363840e-01
-9.99455690e-01
-9.99538064e-01
-9.99611139e-01
-9.99674737e-01
-9.99728918e-01
-9.99773622e-01
-9.99808967e-01
-9.99834895e-01
-9.99851406e-01
-9.99858439e-01
-9.99856055e-01
-9.99844313e-01
-9.99823093e-01
-9.99792516e-01
-9.99752462e-01
-9.99703050e-01
-9.99644160e-01
-9.99575853e-01
-9.99498069e-01
-9.99410927e-01
-9.99314368e-01
-9.99208450e-01
-9.99093056e-01
-9.98968244e-01
-9.98834014e-01
-9.98690426e-01
-9.98537362e-01
-9.98374939e-01
-9.98203039e-01
-9.98021781e-01
-9.97831106e-01
-9.97631073e-01
-9.97421563e-01
-9.97202754e-01
-9.96974468e-01
-9.96736825e-01
-9.96489763e-01
-9.96233344e-01
-9.95967507e-01
-9.95692372e-01
-9.95407820e-01
-9.95113969e-01
-9.94810700e-01
-9.94498134e-01
-9.94176149e-01
-9.93844867e-01
-9.93504167e-01
-9.93154109e-01
-9.92794693e-01
-9.92425919e-01
-9.92047787e-01
-9.91660297e-01
-9.91263449e-01
-9.90857244e-01
-9.90441680e-01
-9.90016758e-01
-9.89582479e-01
-9.89138842e-01
-9.88685906e-01
-9.88223672e-01
-9.87752080e-01
-9.87271249e-01
-9.86781061e-01
-9.86281574e-01
-9.85772848e-01
-9.85254765e-01
-9.84727442e-01
-9.84190881e-01
-9.83645082e-01
-9.83090043e-01
-9.82525766e-01
-9.81952250e-01
-9.81369495e-01
-9.80777502e-01
-9.80176270e-01
-9.79565740e-01
-9.78946030e-01
-9.78317022e-01
-9.77678835e-01
-9.77031350e-01
-9.76374686e-01
-9.75708723e-01
-9.75033641e-01
-9.74349260e-01
-9.73655760e-01
-9.72953022e-01
-9.72241223e-01
-9.71520245e-01
-9.70790207e-01
-9.70050991e-01
-9.69302714e-01
-9.68545258e-01
-9.67778742e-01
-9.67003047e-01
-9.66218293e-01
-9.65424418e-01
-9.64621425e-01
-9.63809311e-01
-9.62988079e-01
-9.62157726e-01
-9.61318314e-01
-9.60469782e-01
-9.59612250e-01
-9.58745718e-01
-9.57870245e-01
-9.56985712e-01
-9.56092238e-01
-9.55189705e-01
-9.54278231e-01
-9.53357697e-01
-9.52428222e-01
-9.51489687e-01
-9.50542212e-01
-9.49585676e-01
-9.48620200e-01
-9.47645783e-01
-9.46662545e-01
-9.45670366e-01
-9.44669366e-01
-9.43659425e-01
-9.42640603e-01
-9.41612899e-01
-9.40576315e-01
-9.39530849e-01
-9.38476503e-01
-9.37413275e-01
-9.36341166e-01
-9.35260236e-01
-9.34170544e-01
-9.33072090e-01
-9.31964874e-01
-9.30848897e-01
-9.29724157e-01
-9.28590655e-01
-9.27448392e-01
-9.26297367e-01
-9.25137639e-01
-9.23969090e-01
-9.22791839e-01
-9.21605885e-01
-9.20411348e-01
-9.19208109e-01
-9.17996287e-01
-9.16775763e-01
-9.15546656e-01
-9.14308846e-01
-9.13062453e-01
-9.11807358e-01
-9.10543680e-01
-9.09271419e-01
-9.07990634e-01
-9.06701326e-01
-9.05403495e-01
-9.04097199e-01
-9.02782321e-01
-9.01458979e-01
-9.00127053e-01
-8.98786664e-01
-8.97437692e-01
-8.96080375e-01
-8.94714594e-01
-8.93340468e-01
-8.91957879e-01
-8.90566945e-01
-8.89167607e-01
-8.87759864e-01
-8.86343718e-01
-8.84919167e-01
-8.83486331e-01
-8.82045209e-01
-8.80595803e-01
-8.79138052e-01
-8.77672076e-01
-8.76197755e-01
-8.74715209e-01
-8.73224318e-01
-8.71725261e-01
-8.70217979e-01
-8.68702590e-01
-8.67178977e-01
-8.65647256e-01
-8.64107311e-01
-8.62559259e-01
-8.61003041e-01
-8.59438658e-01
-8.57866228e-01
-8.56285751e-01
-8.54697168e-01
-8.53100598e-01
-8.51495922e-01
-8.49883258e-01
-8.48262489e-01
-8.46633732e-01
-8.44997048e-01
-8.43352437e-01
-8.41699898e-01
-8.40039432e-01
-8.38371038e-01
-8.36694717e-01
-8.35010469e-01
-8.33318353e-01
-8.31618428e-01
-8.29910696e-01
-8.28195155e-01
-8.26471806e-01
-8.24740708e-01
-8.23001742e-01
-8.21255028e-01
-8.19500566e-01
-8.17738473e-01
-8.15968633e-01
-8.14191163e-01
-8.12405944e-01
-8.10613096e-01
-8.08812559e-01
-8.07004392e-01
-8.05188715e-01
-8.03365409e-01
-8.01534593e-01
-7.99696147e-01
-7.97850192e-01
-7.95996606e-01
-7.94135630e-01
-7.92267144e-01
-7.90391266e-01
-7.88507938e-01
-7.86617160e-01
-7.84718931e-01
-7.82813251e-01
-7.80900240e-01
-7.78979897e-01
-7.77052283e-01
-7.75117278e-01
-7.73175001e-01
-7.71225333e-01
-7.69268513e-01
-7.67304420e-01
-7.65333176e-01
-7.63354659e-01
-7.61368930e-01
-7.59375989e-01
-7.57375896e-01
-7.55368710e-01
-7.53354430e-01
-7.51333058e-01
-7.49304593e-01
-7.47269034e-01
-7.45226383e-01
-7.43176758e-01
-7.41120160e-01
-7.39056587e-01
-7.36986041e-01
-7.34908521e-01
-7.32824028e-01
-7.30732679e-01
-7.28634477e-01
-7.26529419e-01
-7.24417567e-01
-7.22298801e-01
-7.20173240e-01
-7.18040884e-01
-7.15901852e-01
-7.13756025e-01
-7.11603463e-01
-7.09444165e-01
-7.07278132e-01
-7.05105484e-01
-7.02926219e-01
-7.00740397e-01
-6.98547900e-01
-6.96348846e-01
-6.94143116e-01
-6.91930950e-01
-6.89712226e-01
-6.87487066e-01
-6.85255408e-01
-6.83017254e-01
-6.80772662e-01
-6.78521693e-01
-6.76264346e-01
-6.74000621e-01
-6.71730578e-01
-6.69454098e-01
-6.67171419e-01
-6.64882421e-01
-6.62587166e-01
-6.60285652e-01
-6.57977879e-01
-6.55663908e-01
-6.53343797e-01
-6.51017547e-01
-6.48685157e-01
-6.46346629e-01
-6.44001961e-01
-6.41651273e-01
-6.39294565e-01
-6.36931837e-01
-6.34563088e-01
-6.32188320e-01
-6.29807651e-01
-6.27421081e-01
-6.25028610e-01
-6.22630239e-01
-6.20225966e-01
-6.17815793e-01
-6.15399897e-01
-6.12978160e-01
-6.10550702e-01
-6.08117402e-01
-6.05678380e-01
-6.03233635e-01
-6.00783288e-01
-5.98327219e-01
-5.95865548e-01
-5.93398154e-01
-5.90925276e-01
-5.88446796e-01
-5.85962832e-01
-5.83473265e-01
-5.80978215e-01
-5.78477740e-01
-5.75971782e-01
-5.73460460e-01
-5.70943654e-01
-5.68421483e-01
-5.65893948e-01
-5.63361168e-01
-5.60823023e-01
-5.58279634e-01
-5.55730879e-01
-5.53176939e-01
-5.50617814e-01
-5.48053563e-01
-5.45484066e-01
-5.42909443e-01
-5.40329695e-01
-5.37744939e-01
-5.35155058e-01
-5.32560110e-01
-5.29960096e-01
-5.27355134e-01
-5.24745286e-01
-5.22130430e-01
-5.19510686e-01
-5.16885936e-01
-5.14256418e-01
-5.11622012e-01
-5.08982837e-01
-5.06338775e-01
-5.03689945e-01
-5.01036406e-01
-4.98378128e-01
-4.95715171e-01
-4.93047565e-01
-4.90375340e-01
-4.87698466e-01
-4.85017002e-01
-4.82330948e-01
-4.79640394e-01
-4.76945281e-01
-4.74245697e-01
-4.71541613e-01
-4.68833119e-01
-4.66120183e-01
-4.63402867e-01
-4.60681140e-01
-4.57955122e-01
-4.55224782e-01
-4.52490181e-01
-4.49751288e-01
-4.47008163e-01
-4.44260806e-01
-4.41509306e-01
-4.38753605e-01
-4.35993791e-01
-4.33229864e-01
-4.30461884e-01
-4.27689821e-01
-4.24913704e-01
-4.22133595e-01
-4.19349521e-01
-4.16561484e-01
-4.13769543e-01
-4.10973698e-01
-4.08173978e-01
-4.05370444e-01
-4.02563065e-01
-3.99751872e-01
-3.96936923e-01
-3.94118249e-01
-3.91295850e-01
-3.88469785e-01
-3.85640025e-01
-3.82806659e-01
-3.79969686e-01
-3.77129108e-01
-3.74285012e-01
-3.71437341e-01
-3.68586212e-01
-3.65731567e-01
-3.62873524e-01
-3.60012025e-01
-3.57147157e-01
-3.54278892e-01
-3.51407319e-01
-3.48532438e-01
-3.45654279e-01
-3.42772841e-01
-3.39888185e-01
-3.37000310e-01
-3.34109277e-01
-3.31215084e-01
-3.28317791e-01
-3.25417399e-01
-3.22513938e-01
-3.19607466e-01
-3.16697955e-01
-3.13785464e-01
-3.10870022e-01
-3.07951629e-01
-3.05030346e-01
-3.02106172e-01
-2.99179167e-01
-2.96249330e-01
-2.93316722e-01
-2.90381372e-01
-2.87443280e-01
-2.84502447e-01
-2.81558961e-01
-2.78612822e-01
-2.75664032e-01
-2.72712678e-01
-2.69758701e-01
-2.66802222e-01
-2.63843209e-01
-2.60881722e-01
-2.57917732e-01
-2.54951358e-01
-2.51982570e-01
-2.49011427e-01
-2.46037930e-01
-2.43062124e-01
-2.40084037e-01
-2.37103701e-01
-2.34121129e-01
-2.31136352e-01
-2.28149369e-01
-2.25160256e-01
-2.22168997e-01
-2.19175652e-01
-2.16180220e-01
-2.13182777e-01
-2.10183308e-01
-2.07181856e-01
-2.04178452e-01
-2.01173127e-01
-1.98165908e-01
-1.95156828e-01
-1.92145914e-01
-1.89133182e-01
-1.86118677e-01
-1.83102429e-01
-1.80084452e-01
-1.77064791e-01
-1.74043462e-01
-1.71020493e-01
-1.67995915e-01
-1.64969742e-01
-1.61942005e-01
-1.58912748e-01
-1.55881986e-01
-1.52849749e-01
-1.49816066e-01
-1.46780983e-01
-1.43744498e-01
-1.40706673e-01
-1.37667522e-01
-1.34627074e-01
-1.31585345e-01
-1.28542393e-01
-1.25498235e-01
-1.22452892e-01
-1.19406387e-01
-1.16358764e-01
-1.13310046e-01
-1.10260263e-01
-1.07209444e-01
-1.04157619e-01
-1.01104818e-01
-9.80510712e-02
-9.49963927e-02
-9.19408202e-02
-8.88843760e-02
-8.58270898e-02
-8.27689916e-02
-7.97101110e-02
-7.66504779e-02
-7.35901222e-02
-7.05290735e-02
-6.74673766e-02
-6.44050762e-02
-6.13422282e-02
-5.82789183e-02
-5.52152954e-02
-5.21515831e-02
-4.90881577e-02
-4.60255779e-02
-4.29646932e-02
-3.99067178e-02
-3.68533023e-02
-3.38065960e-02
-3.07692382e-02
-2.77442709e-02
-2.47349609e-02
-2.17445176e-02
-1.87757201e-02
-1.58304945e-02
-1.29095018e-02
-1.00118155e-02
-7.13475142e-03
-4.27390914e-03
-1.42344565e-03
1.42344565e-03
4.27390914e-03
