-4.20328602e-03
-1.39894371e-03
1.39894371e-03
4.20328602e-03
7.02610239e-03
9.87693481e-03
1.27617978e-02
1.56828407e-02
1.86387021e-02
2.16253977e-02
2.46374160e-02
2.76688077e-02
3.07140257e-02
3.37684304e-02
3.68284769e-02
3.98916900e-02
4.29564565e-02
4.60218005e-02
4.90871705e-02
5.21522835e-02
5.52169867e-02
5.82812019e-02
6.13448732e-02
6.44079670e-02
6.74704537e-02
7.05323145e-02
7.35935047e-02
7.66540021e-02
7.97137842e-02
8.27728063e-02
8.58310536e-02
8.88884887e-02
9.19450819e-02
9.50008035e-02
9.80556309e-02
1.01109527e-01
1.04162477e-01
1.07214443e-01
1.10265404e-01
1.13315329e-01
1.16364188e-01
1.19411953e-01
1.22458592e-01
1.25504076e-01
1.28548384e-01
1.31591499e-01
1.34633347e-01
1.37673944e-01
1.40713245e-01
1.43751219e-01
1.46787822e-01
1.49823070e-01
1.52856886e-01
1.55889258e-01
1.58920169e-01
1.61949575e-01
1.64977446e-01
1.68003768e-01
1.71028495e-01
1.74051613e-01
1.77073091e-01
1.80092901e-01
1.83111012e-01
1.86127409e-01
1.89142048e-01
1.92154914e-01
1.95165977e-01
1.98175192e-01
2.01182544e-01
2.04188019e-01
2.07191557e-01
2.10193142e-01
2.13192761e-01
2.16190353e-01
2.19185919e-01
2.22179398e-01
2.25170806e-01
2.28160068e-01
2.31147170e-01
2.34132096e-01
2.37114817e-01
2.40095317e-01
2.43073553e-01
2.46049494e-01
2.49023125e-01
2.51994401e-01
2.54963338e-01
2.57929862e-01
2.60893941e-01
2.63855577e-01
2.66814739e-01
2.69771367e-01
2.72725463e-01
2.75676966e-01
2.78625876e-01
2.81572163e-01
2.84515798e-01
2.87456721e-01
2.90394962e-01
2.93330491e-01
2.96263218e-01
2.99193203e-01
3.02120328e-01
3.05044651e-01
3.07966083e-01
3.10884595e-01
3.13800186e-01
3.16712826e-01
3.19622457e-01
3.22529078e-01
3.25432658e-01
3.28333199e-01
3.31230611e-01
3.34124953e-01
3.37016135e-01
3.39904130e-01
3.42788935e-01
3.45670491e-01
3.48548800e-01
3.51423830e-01
3.54295522e-01
3.57163906e-01
3.60028923e-01
3.62890542e-01
3.65748733e-01
3.68603498e-01
3.71454775e-01
3.74302566e-01
3.77146810e-01
3.79987508e-01
3.82824630e-01
3.85658145e-01
3.88487995e-01
3.91314209e-01
3.94136757e-01
3.96955550e-01
3.99770647e-01
4.02581930e-01
4.05389458e-01
4.08193141e-01
4.10992980e-01
4.13788944e-01
4.16581035e-01
4.19369221e-01
4.22153413e-01
4.24933672e-01
4.27709877e-01
4.30482090e-01
4.33250219e-01
4.36014235e-01
4.38774198e-01
4.41529989e-01
4.44281667e-01
4.47029114e-01
4.49772388e-01
4.52511400e-01
4.55246180e-01
4.57976669e-01
4.60702807e-01
4.63424653e-01
4.66142088e-01
4.68855172e-01
4.71563786e-01
4.74267989e-01
4.76967692e-01
4.79662925e-01
4.82353657e-01
4.85039800e-01
4.87721413e-01
4.90398377e-01
4.93070751e-01
4.95738477e-01
4.98401552e-01
5.01059949e-01
5.03713608e-01
5.06362557e-01
5.09006739e-01
5.11646092e-01
5.14280558e-01
5.16910255e-01
5.19535065e-01
5.22154987e-01
5.24769902e-01
5.27379930e-01
5.29985011e-01
5.32585144e-01
5.35180211e-01
5.37770212e-01
5.40355146e-01
5.42934954e-01
5.45509756e-01
5.48079312e-01
5.50643742e-01
5.53202987e-01
5.55757046e-01
5.58305919e-01
5.60849428e-01
5.63387692e-01
5.65920591e-01
5.68448246e-01
5.70970535e-01
5.73487461e-01
5.75998902e-01
5.78504980e-01
5.81005573e-01
5.83500743e-01
5.85990369e-01
5.88474452e-01
5.90953052e-01
5.93426049e-01
5.95893562e-01
5.98355353e-01
6.00811541e-01
6.03262007e-01
6.05706871e-01
6.08146012e-01
6.10579371e-01
6.13007009e-01
6.15428805e-01
6.17844880e-01
6.20255113e-01
6.22659564e-01
6.25058055e-01
6.27450645e-01
6.29837334e-01
6.32218122e-01
6.34593010e-01
6.36961877e-01
6.39324725e-01
6.41681492e-01
6.44032300e-01
6.46377027e-01
6.48715675e-01
6.51048124e-01
6.53374493e-01
6.55694723e-01
6.58008814e-01
6.60316706e-01
6.62618339e-01
6.64913654e-01
6.67202771e-01
6.69485569e-01
6.71762168e-01
6.74032331e-01
6.76296175e-01
6.78553581e-01
6.80804670e-01
6.83049381e-01
6.85287654e-01
6.87519431e-01
6.89744711e-01
6.91963494e-01
6.94175780e-01
6.96381569e-01
6.98580742e-01
7.00773358e-01
7.02959299e-01
7.05138683e-01
7.07311392e-01
7.09477484e-01
7.11636841e-01
7.13789523e-01
7.15935409e-01
7.18074620e-01
7.20207036e-01
7.22332776e-01
7.24451602e-01
7.26563632e-01
7.28668749e-01
7.30767071e-01
7.32858479e-01
7.34943092e-01
7.37020731e-01
7.39091337e-01
7.41155028e-01
7.43211687e-01
7.45261431e-01
7.47304142e-01
7.49339819e-01
7.51368344e-01
7.53389835e-01
7.55404174e-01
7.57411480e-01
7.59411693e-01
7.61404693e-01
7.63390481e-01
7.65369058e-01
7.67340481e-01
7.69304633e-01
7.71261632e-01
7.73211360e-01
7.75153816e-01
7.77088881e-01
7.79016614e-01
7.80937016e-01
7.82850087e-01
7.84755826e-01
7.86654174e-01
7.88545072e-01
7.90428519e-01
7.92304516e-01
7.94173002e-01
7.96034098e-01
7.97887683e-01
7.99733758e-01
8.01572204e-01
8.03403139e-01
8.05226505e-01
8.07042301e-01
8.08850527e-01
8.10651183e-01
8.12444150e-01
8.14229429e-01
8.16007018e-01
8.17776918e-01
8.19539130e-01
8.21293652e-01
8.23040485e-01
8.24779510e-01
8.26510787e-01
8.28234196e-01
8.29949796e-01
8.31657588e-01
8.33357573e-01
8.35049748e-01
8.36734056e-01
8.38410437e-01
8.40078890e-01
8.41739416e-01
8.43392074e-01
8.45036745e-01
8.46673548e-01
8.48302364e-01
8.49923193e-01
8.51535916e-01
8.53140652e-01
8.54737282e-01
8.56325924e-01
8.57906461e-01
8.59479010e-01
8.61043513e-01
8.62599850e-01
8.64148021e-01
8.65688026e-01
8.67219865e-01
8.68743539e-01
8.70258987e-01
8.71766329e-01
8.73265445e-01
8.74756396e-01
8.76239002e-01
8.77713382e-01
8.79179418e-01
8.80637228e-01
8.82086694e-01
8.83527935e-01
8.84960830e-01
8.86385441e-01
8.87801647e-01
8.89209449e-01
8.90608907e-01
8.91999900e-01
8.93382549e-01
8.94756734e-01
8.96122575e-01
8.97479951e-01
8.98828983e-01
9.00169432e-01
9.01501417e-01
9.02824819e-01
9.04139757e-01
9.05446112e-01
9.06744003e-01
9.08033371e-01
9.09314215e-01
9.10586536e-01
9.11850274e-01
9.13105369e-01
9.14351881e-01
9.15589690e-01
9.16818917e-01
9.18039441e-01
9.19251382e-01
9.20454621e-01
9.21649277e-01
9.22835231e-01
9.24012601e-01
9.25181150e-01
9.26340997e-01
9.27492023e-01
9.28634346e-01
9.29767907e-01
9.30892706e-01
9.32008743e-01
9.33116019e-01
9.34214532e-01
9.35304284e-01
9.36385274e-01
9.37457442e-01
9.38520730e-01
9.39575136e-01
9.40620661e-01
9.41657245e-01
9.42685008e-01
9.43703830e-01
9.44713831e-01
9.45714891e-01
9.46707129e-01
9.47690427e-01
9.48664904e-01
9.49630439e-01
9.50586975e-01
9.51534569e-01
9.52473104e-01
9.53402698e-01
9.54323232e-01
9.55234826e-01
9.56137359e-01
9.57030892e-01
9.57915425e-01
9.58790958e-01
9.59657490e-01
9.60515022e-01
9.61363554e-01
9.62203026e-01
9.63033438e-01
9.63854730e-01
9.64666903e-01
9.65469956e-01
9.66263890e-01
9.67048705e-01
9.67824399e-01
9.68590975e-01
9.69348431e-01
9.70096767e-01
9.70835984e-01
9.71566081e-01
9.72287059e-01
9.72998917e-01
9.73701596e-01
9.74395156e-01
9.75079477e-01
9.75754619e-01
9.76420581e-01
9.77077246e-01
9.77724731e-01
9.78362978e-01
9.78991985e-01
9.79611754e-01
9.80222285e-01
9.80823576e-01
9.81415629e-01
9.81998444e-01
9.82572019e-01
9.83136356e-01
9.83691454e-01
9.84237313e-01
9.84773934e-01
9.85301256e-01
9.85819340e-01
9.86328065e-01
9.86827552e-01
9.87317741e-01
9.87798572e-01
9.88270164e-01
9.88732398e-01
9.89185333e-01
9.89628911e-01
9.90063190e-01
9.90488112e-01
9.90903676e-01
9.91309881e-01
9.91706789e-01
9.92094278e-01
9.92472470e-01
9.92841244e-01
9.93200719e-01
9.93550777e-01
9.93891537e-01
9.94222879e-01
9.94544923e-01
9.94857550e-01
9.95160878e-01
9.95454788e-01
9.95739400e-01
9.96014595e-01
9.96280432e-01
9.96536851e-01
9.96783912e-01
9.97021556e-01
9.97249842e-01
9.97468650e-01
9.97678161e-01
9.97878194e-01
9.98068869e-01
9.98250127e-01
9.98421967e-01
9.98584449e-01
9.98737454e-01
9.98881102e-01
9.99015331e-01
9.99140143e-01
9.99255538e-01
9.99361455e-01
9.99458015e-01
9.99545157e-01
9.99622941e-01
9.99691248e-01
9.99750137e-01
9.99799550e-01
9.99839604e-01
9.99870181e-01
9.99891400e-01
9.99903142e-01
9.99905527e-01
9.99898493e-01
9.99881983e-01
9.99856055e-01
9.99820709e-01
9.99776006e-01
9.99721825e-01
9.99658287e-01
9.99585211e-01
9.99502778e-01
9.99410868e-01
9.99309659e-01
9.99198973e-01
9.99078929e-01
9.98949409e-01
9.98810470e-01
9.98662114e-01
9.98504400e-01
9.98337209e-01
9.98160660e-01
9.97974694e-01
9.97779369e-01
9.97574568e-01
9.97360408e-01
9.97136891e-01
9.96903896e-01
9.96661544e-01
9.96409833e-01
9.96148646e-01
9.95878160e-01
9.95598257e-01
9.95309055e-01
9.95010436e-01
9.94702518e-01
9.94385183e-01
9.94058490e-01
9.93722439e-01
9.93377030e-01
9.93022263e-01
9.92658138e-01
9.92284656e-01
9.91901815e-01
9.91509616e-01
9.91108060e-01
9.90697145e-01
9.90276873e-01
9.89847243e-01
9.89408314e-01
9.88960028e-01
9.88502443e-01
9.88035560e-01
9.87559319e-01
9.87073779e-01
9.86579001e-01
9.86074865e-01
9.85561430e-01
9.85038757e-01
9.84506786e-01
9.83965576e-01
9.83415127e-01
9.82855380e-01
9.82286453e-01
9.81708229e-01
9.81120825e-01
9.80524123e-01
9.79918242e-01
9.79303062e-01
9.78678703e-01
9.78045046e-01
9.77402210e-01
9.76750076e-01
9.76088762e-01
9.75418210e-01
9.74738479e-01
9.74049509e-01
9.73351419e-01
9.72644150e-01
9.71927702e-01
9.71202195e-01
9.70467508e-01
9.69723761e-01
9.68970835e-01
9.68208849e-01
9.67437685e-01
9.66657460e-01
9.65868056e-01
9.65069592e-01
9.64261949e-01
9.63445246e-01
9.62619364e-01
9.61784422e-01
9.60940421e-01
9.60087419e-01
9.59225357e-01
9.58354294e-01
9.57474232e-01
9.56585169e-01
9.55687106e-01
9.54780042e-01
9.53863978e-01
9.52938914e-01
9.52004910e-01
9.51061845e-01
9.50109839e-01
9.49148774e-01
9.48178768e-01
9.47199821e-01
9.46212053e-01
9.45215344e-01
9.44209814e-01
9.43195403e-01
9.42172110e-01
9.41139936e-01
9.40098882e-01
9.39048946e-01
9.37990129e-01
9.36922431e-01
9.35845852e-01
9.34760511e-01
9.33666408e-01
9.32563543e-01
9.31451917e-01
9.30331528e-01
9.29202378e-01
9.28064406e-01
9.26917732e-01
9.25762236e-01
9.24598038e-01
9.23425019e-01
9.22243416e-01
9.21053112e-01
9.19854164e-01
9.18646574e-01
9.17430341e-01
9.16205466e-01
9.14971948e-01
9.13729787e-01
9.12478983e-01
9.11219537e-01
9.09951508e-01
9.08674955e-01
9.07389879e-01
9.06096280e-01
9.04794157e-01
9.03483450e-01
9.02164280e-01
9.00836527e-01
8.99500310e-01
8.98155510e-01
8.96802366e-01
8.95440757e-01
8.94070745e-01
8.92692327e-01
8.91305506e-01
8.89910281e-01
8.88506651e-01
8.87094617e-01
8.85674179e-01
8.84245396e-01
8.82808328e-01
8.81362975e-01
8.79909337e-01
8.78447413e-01
8.76977205e-01
8.75498712e-01
8.74011934e-01
8.72516870e-01
8.71013582e-01
8.69502187e-01
8.67982566e-01
8.66454840e-01
8.64918947e-01
8.63374889e-01
8.61822665e-01
8.60262275e-01
8.58693779e-01
8.57117236e-01
8.55532646e-01
8.53940010e-01
8.52339327e-01
8.50730598e-01
8.49113822e-01
8.47488940e-01
8.45856190e-01
8.44215453e-01
8.42566848e-01
8.40910256e-01
8.39245737e-01
8.37573290e-01
8.35892916e-01
8.34204614e-01
8.32508504e-01
8.30804586e-01
8.29092860e-01
8.27373385e-01
8.25646043e-01
8.23910952e-01
8.22167993e-01
8.20417345e-01
8.18658948e-01
8.16892922e-01
8.15119147e-01
8.13337743e-01
8.11548591e-01
8.09751809e-01
8.07947397e-01
8.06135416e-01
8.04315805e-01
8.02488685e-01
8.00653934e-01
7.98811674e-01
7.96961784e-01
7.95104444e-01
7.93239594e-01
7.91367352e-01
7.89487600e-01
7.87600458e-01
7.85705864e-01
7.83803821e-01
7.81894445e-01
7.79977739e-01
7.78053641e-01
7.76122272e-01
7.74183512e-01
7.72237480e-01
7.70284057e-01
7.68323481e-01
7.66355693e-01
7.64380693e-01
7.62398481e-01
7.60409057e-01
7.58412421e-01
7.56408691e-01
7.54397869e-01
7.52379954e-01
7.50354946e-01
7.48322845e-01
7.46283650e-01
7.44237423e-01
7.42184222e-01
7.40124047e-01
7.38056898e-01
7.35982776e-01
7.33901680e-01
7.31813669e-01
7.29718804e-01
7.27617085e-01
7.25508511e-01
7.23393083e-01
7.21270800e-01
7.19141722e-01
7.17005849e-01
7.14863300e-01
7.12714016e-01
7.10557997e-01
7.08395243e-01
7.06225812e-01
7.04049766e-01
7.01867104e-01
6.99677825e-01
6.97481930e-01
6.95279419e-01
6.93070412e-01
6.90854847e-01
6.88632846e-01
6.86404347e-01
6.84169352e-01
6.81927860e-01
6.79679990e-01
6.77425742e-01
6.75165117e-01
6.72898054e-01
6.70624673e-01
6.68344915e-01
6.66058958e-01
6.63766742e-01
6.61468267e-01
6.59163535e-01
6.56852543e-01
6.54535413e-01
6.52212143e-01
6.49882734e-01
6.47547185e-01
6.45205498e-01
6.42857671e-01
6.40503883e-01
6.38144076e-01
6.35778248e-01
6.33406401e-01
6.31028533e-01
6.28644764e-01
6.26255095e-01
6.23859525e-01
6.21458054e-01
6.19050622e-01
6.16637468e-01
6.14218533e-01
6.11793816e-01
6.09363317e-01
6.06927037e-01
6.04485035e-01
6.02037370e-01
5.99584103e-01
5.97125113e-01
5.94660521e-01
5.92190266e-01
5.89714527e-01
5.87233186e-01
5.84746361e-01
5.82253933e-01
5.79756021e-01
5.77252686e-01
5.74743927e-01
5.72229743e-01
5.69710195e-01
5.67185163e-01
5.64654887e-01
5.62119305e-01
5.59578419e-01
5.57032228e-01
5.54480791e-01
5.51924169e-01
5.49362302e-01
5.46795309e-01
5.44223070e-01
5.41645765e-01
5.39063334e-01
5.36475897e-01
5.33883333e-01
5.31285703e-01
5.28683066e-01
5.26075482e-01
5.23463011e-01
5.20845532e-01
5.18223166e-01
5.15595913e-01
5.12963831e-01
5.10326922e-01
5.07685184e-01
5.05038619e-01
5.02387345e-01
4.99731302e-01
4.97070611e-01
4.94405210e-01
4.91735160e-01
4.89060491e-01
4.86381173e-01
4.83697325e-01
4.81008887e-01
4.78315920e-01
4.75618422e-01
4.72916454e-01
4.70210016e-01
4.67499197e-01
4.64783937e-01
4.62064326e-01
4.59340334e-01
4.56612021e-01
4.53879386e-01
4.51142490e-01
4.48401332e-01
4.45655972e-01
4.42906410e-01
4.40152675e-01
4.37394798e-01
4.34632778e-01
4.31866676e-01
4.29096490e-01
4.26322281e-01
4.23544049e-01
4.20761824e-01
4.17975664e-01
4.15185541e-01
4.12391514e-01
4.09593552e-01
4.06791776e-01
4.03986156e-01
4.01176751e-01
3.98363560e-01
3.95546615e-01
3.92725945e-01
3.89901578e-01
3.87073547e-01
3.84241819e-01
3.81406516e-01
3.78567576e-01
3.75725091e-01
3.72879088e-01
3.70029569e-01
3.67176563e-01
3.64320099e-01
3.61460179e-01
3.58596861e-01
3.55730146e-01
3.52860123e-01
3.49986732e-01
3.47110063e-01
3.44230115e-01
3.41346949e-01
3.38460565e-01
3.35570991e-01
3.32678258e-01
3.29782367e-01
3.26883405e-01
3.23981315e-01
3.21076185e-01
3.18168014e-01
3.15256894e-01
3.12342763e-01
3.09425712e-01
3.06505740e-01
3.03582907e-01
3.00657213e-01
2.97728658e-01
2.94797301e-01
2.91863173e-01
2.88926274e-01
2.85986662e-01
2.83044338e-01
2.80099362e-01
2.77151734e-01
2.74201512e-01
2.71248698e-01
2.68293351e-01
2.65335470e-01
2.62375116e-01
2.59412259e-01
2.56446987e-01
2.53479272e-01
2.50509143e-01
2.47536689e-01
2.44561881e-01
2.41584778e-01
2.38605395e-01
2.35623762e-01
2.32639909e-01
2.29653865e-01
2.26665646e-01
2.23675311e-01
2.20682859e-01
2.17688337e-01
2.14691773e-01
2.11693183e-01
2.08692610e-01
2.05690071e-01
2.02685595e-01
1.99679196e-01
1.96670920e-01
1.93660781e-01
1.90648824e-01
1.87635049e-01
1.84619516e-01
1.81602240e-01
1.78583249e-01
1.75562575e-01
1.72540247e-01
1.69516310e-01
1.66490749e-01
1.63463637e-01
1.60434991e-01
1.57404825e-01
1.54373184e-01
1.51340097e-01
1.48305580e-01
1.45269677e-01
1.42232403e-01
1.39193788e-01
1.36153862e-01
1.33112654e-01
1.30070195e-01
1.27026498e-01
1.23981588e-01
1.20935515e-01
1.17888294e-01
1.14839971e-01
1.11790560e-01
1.08740106e-01
1.05688624e-01
1.02636158e-01
9.95827243e-02
9.65283588e-02
9.34730843e-02
9.04169306e-02
8.73599127e-02
8.43020678e-02
8.12434256e-02
7.81840235e-02
7.51238763e-02
7.20630214e-02
6.90014884e-02
6.59393072e-02
6.28765076e-02
5.98131232e-02
5.67491762e-02
5.36846928e-02
5.06197065e-02
4.75542396e-02
4.44883220e-02
4.14219834e-02
3.83552574e-02
3.52881663e-02
3.22207473e-02
2.91530229e-02
2.60850247e-02
2.30167806e-02
1.99483186e-02
1.68796703e-02
1.38108619e-02
1.07419230e-02
7.67288357e-03
4.60377103e-03
1.53461494e-03
-1.53455534e-03
-4.60371142e-03
-7.67282397e-03
-1.07418634e-02
-1.38108023e-02
-1.68796107e-02
-1.99482590e-02
-2.30167210e-02
-2.60849651e-02
-2.91529633e-02
-3.22206877e-02
-3.52881067e-02
-3.83551978e-02
-4.14219238e-02
-4.44882624e-02
-4.75541800e-02
-5.06196469e-02
-5.36846332e-02
-5.67491166e-02
-5.98130636e-02
-6.28764480e-02
-6.59392476e-02
-6.90014288e-02
-7.20629618e-02
-7.51238167e-02
-7.81839639e-02
-8.12433660e-02
-8.43020082e-02
-8.73598531e-02
-9.04168710e-02
-9.34730247e-02
-9.65282992e-02
-9.95826647e-02
-1.02636099e-01
-1.05688564e-01
-1.08740047e-01
-1.11790501e-01
-1.14839911e-01
-1.17888235e-01
-1.20935455e-01
-1.23981528e-01
-1.27026439e-01
-1.30070135e-01
-1.33112594e-01
-1.36153802e-01
-1.39193729e-01
-1.42232344e-01
-1.45269617e-01
-1.48305520e-01
-1.51340038e-01
-1.54373124e-01
-1.57404765e-01
-1.60434932e-01
-1.63463578e-01
-1.66490689e-01
-1.69516250e-01
-1.72540188e-01
-1.75562516e-01
-1.78583190e-01
-1.81602180e-01
-1.84619457e-01
-1.87634990e-01
-1.90648764e-01
-1.93660721e-01
-1.96670860e-01
-1.99679136e-01
-2.02685535e-01
-2.05690011e-01
-2.08692551e-01
-2.11693123e-01
-2.14691713e-01
-2.17688277e-01
-2.20682800e-01
-2.23675251e-01
-2.26665586e-01
-2.29653805e-01
-2.32639849e-01
-2.35623702e-01
-2.38605335e-01
-2.41584718e-01
-2.44561821e-01
-2.47536629e-01
-2.50509083e-01
-2.53479213e-01
-2.56446928e-01
-2.59412199e-01
-2.62375057e-01
-2.65335411e-01
-2.68293291e-01
-2.71248639e-01
-2.74201453e-01
-2.77151674e-01
-2.80099303e-01
-2.83044279e-01
-2.85986602e-01
-2.88926214e-01
-2.91863114e-01
-2.94797242e-01
-2.97728598e-01
-3.00657153e-01
-3.03582847e-01
-3.06505680e-01
-3.09425652e-01
-3.12342703e-01
-3.15256834e-01
-3.18167955e-01
-3.21076125e-01
-3.23981255e-01
-3.26883346e-01
-3.29782307e-01
-3.32678199e-01
-3.35570931e-01
-3.38460505e-01
-3.41346890e-01
-3.44230086e-01
-3.47110003e-01
-3.49986702e-01
-3.52860063e-01
-3.55730116e-01
-3.58596802e-01
-3.61460149e-01
-3.64320040e-01
-3.67176533e-01
-3.70029539e-01
-3.72879028e-01
-3.75725061e-01
-3.78567517e-01
-3.81406456e-01
-3.84241760e-01
-3.87073487e-01
-3.89901519e-01
-3.92725885e-01
-3.95546556e-01
-3.98363501e-01
-4.01176691e-01
-4.03986126e-01
-4.06791717e-01
-4.09593523e-01
-4.12391454e-01
-4.15185511e-01
-4.17975605e-01
-4.20761794e-01
-4.23543990e-01
-4.26322252e-01
-4.29096460e-01
-4.31866616e-01
-4.34632719e-01
-4.37394768e-01
-4.40152645e-01
-4.42906380e-01
-4.45655942e-01
-4.48401302e-01
-4.51142430e-01
-4.53879327e-01
-4.56611961e-01
-4.59340274e-01
-4.62064236e-01
-4.64783877e-01
-4.67499107e-01
-4.70209986e-01
-4.72916394e-01
-4.75618392e-01
-4.78315860e-01
-4.81008828e-01
-4.83697265e-01
-4.86381143e-01
-4.89060432e-01
-4.91735131e-01
-4.94405180e-01
-4.97070551e-01
-4.99731243e-01
-5.02387285e-01
-5.05038559e-01
-5.07685125e-01
-5.10326862e-01
-5.12963772e-01
-5.15595853e-01
-5.18223107e-01
-5.20845473e-01
-5.23462951e-01
-5.26075423e-01
-5.28683007e-01
-5.31285644e-01
-5.33883274e-01
-5.36475837e-01
-5.39063275e-01
-5.41645706e-01
-5.44223011e-01
-5.46795249e-01
-5.49362242e-01
-5.51924109e-01
-5.54480731e-01
-5.57032168e-01
-5.59578359e-01
-5.62119246e-01
-5.64654827e-01
-5.67185104e-01
-5.69710135e-01
-5.72229683e-01
-5.74743867e-01
-5.77252626e-01
-5.79755962e-01
-5.82253873e-01
-5.84746301e-01
-5.87233186e-01
-5.89714468e-01
-5.92190266e-01
-5.94660461e-01
-5.97125113e-01
-5.99584043e-01
-6.02037370e-01
-6.04485035e-01
-6.06927037e-01
-6.09363317e-01
-6.11793816e-01
-6.14218533e-01
-6.16637468e-01
-6.19050622e-01
-6.21457994e-01
-6.23859465e-01
-6.26255035e-01
-6.28644705e-01
-6.31028473e-01
-6.33406341e-01
-6.35778189e-01
-6.38144016e-01
-6.40503824e-01
-6.42857611e-01
-6.45205379e-01
-6.47547126e-01
-6.49882674e-01
-6.52212083e-01
-6.54535353e-01
-6.56852484e-01
-6.59163475e-01
-6.61468208e-01
-6.63766682e-01
-6.66058898e-01
-6.68344915e-01
-6.70624614e-01
-6.72898054e-01
-6.75165057e-01
-6.77425742e-01
-6.79679990e-01
-6.81927860e-01
-6.84169292e-01
-6.86404288e-01
-6.88632786e-01
-6.90854847e-01
-6.93070352e-01
-6.95279419e-01
-6.97481930e-01
-6.99677825e-01
-7.01867104e-01
-7.04049766e-01
-7.06225812e-01
-7.08395243e-01
-7.10557997e-01
-7.12714016e-01
-7.14863300e-01
-7.17005849e-01
-7.19141662e-01
-7.21270740e-01
-7.23393023e-01
-7.25508451e-01
-7.27617025e-01
-7.29718745e-01
-7.31813610e-01
-7.33901620e-01
-7.35982716e-01
-7.38056839e-01
-7.40123987e-01
-7.42184162e-01
-7.44237363e-01
-7.46283591e-01
-7.48322845e-01
-7.50354946e-01
-7.52379954e-01
-7.54397869e-01
-7.56408691e-01
-7.58412421e-01
-7.60409057e-01
-7.62398481e-01
-7.64380693e-01
-7.66355693e-01
-7.68323481e-01
-7.70284057e-01
-7.72237480e-01
-7.74183512e-01
-7.76122272e-01
-7.78053641e-01
-7.79977739e-01
-7.81894445e-01
-7.83803821e-01
-7.85705864e-01
-7.87600458e-01
-7.89487600e-01
-7.91367292e-01
-7.93239594e-01
-7.95104384e-01
-7.96961784e-01
-7.98811615e-01
-8.00653934e-01
-8.02488625e-01
-8.04315805e-01
-8.06135356e-01
-8.07947397e-01
-8.09751809e-01
-8.11548591e-01
-8.13337684e-01
-8.15119147e-01
-8.16892862e-01
-8.18658948e-01
-8.20417285e-01
-8.22167993e-01
-8.23910892e-01
-8.25646043e-01
-8.27373326e-01
-8.29092860e-01
-8.30804586e-01
-8.32508504e-01
-8.34204614e-01
-8.35892916e-01
-8.37573290e-01
-8.39245737e-01
-8.40910256e-01
-8.42566788e-01
-8.44215453e-01
-8.45856130e-01
-8.47488940e-01
-8.49113762e-01
-8.50730598e-01
-8.52339327e-01
-8.53940010e-01
-8.55532646e-01
-8.57117236e-01
-8.58693779e-01
-8.60262275e-01
-8.61822665e-01
-8.63374889e-01
-8.64918947e-01
-8.66454840e-01
-8.67982566e-01
-8.69502127e-01
-8.71013522e-01
-8.72516811e-01
-8.74011874e-01
-8.75498652e-01
-8.76977146e-01
-8.78447354e-01
-8.79909277e-01
-8.81362915e-01
-8.82808268e-01
-8.84245336e-01
-8.85674119e-01
-8.87094557e-01
-8.88506591e-01
-8.89910221e-01
-8.91305447e-01
-8.92692268e-01
-8.94070685e-01
-8.95440698e-01
-8.96802306e-01
-8.98155570e-01
-8.99500310e-01
-9.00836587e-01
-9.02164280e-01
-9.03483510e-01
-9.04794157e-01
-9.06096280e-01
-9.07389879e-01
-9.08674955e-01
-9.09951508e-01
-9.11219537e-01
-9.12478983e-01
-9.13729787e-01
-9.14971948e-01
-9.16205466e-01
-9.17430341e-01
-9.18646574e-01
-9.19854164e-01
-9.21053112e-01
-9.22243357e-01
-9.23425019e-01
-9.24597979e-01
-9.25762236e-01
-9.26917672e-01
-9.28064406e-01
-9.29202318e-01
-9.30331528e-01
-9.31451917e-01
-9.32563543e-01
-9.33666408e-01
-9.34760511e-01
-9.35845852e-01
-9.36922431e-01
-9.37990129e-01
-9.39048946e-01
-9.40098882e-01
-9.41139936e-01
-9.42172110e-01
-9.43195403e-01
-9.44209814e-01
-9.45215344e-01
-9.46212053e-01
-9.47199821e-01
-9.48178768e-01
-9.49148774e-01
-9.50109780e-01
-9.51061845e-01
-9.52004850e-01
-9.52938914e-01
-9.53863919e-01
-9.54779983e-01
-9.55687046e-01
-9.56585109e-01
-9.57474172e-01
-9.58354235e-01
-9.59225297e-01
-9.60087359e-01
-9.60940421e-01
-9.61784422e-01
-9.62619364e-01
-9.63445246e-01
-9.64261949e-01
-9.65069592e-01
-9.65868056e-01
-9.66657460e-01
-9.67437685e-01
-9.68208849e-01
-9.68970835e-01
-9.69723761e-01
-9.70467508e-01
-9.71202195e-01
-9.71927702e-01
-9.72644150e-01
-9.73351359e-01
-9.74049509e-01
-9.74738419e-01
-9.75418210e-01
-9.76088703e-01
-9.76750076e-01
-9.77402151e-01
-9.78045046e-01
-9.78678644e-01
-9.79303062e-01
-9.79918182e-01
-9.80524123e-01
-9.81120765e-01
-9.81708229e-01
-9.82286394e-01
-9.82855380e-01
-9.83415067e-01
-9.83965576e-01
-9.84506786e-01
-9.85038757e-01
-9.85561430e-01
-9.86074865e-01
-9.86579001e-01
-9.87073779e-01
-9.87559319e-01
-9.88035500e-01
-9.88502443e-01
-9.88960028e-01
-9.89408314e-01
-9.89847243e-01
-9.90276873e-01
-9.90697145e-01
-9.91108060e-01
-9.91509616e-01
-9.91901815e-01
-9.92284656e-01
-9.92658138e-01
-9.93022263e-01
-9.93377030e-01
-9.93722439e-01
-9.94058490e-01
-9.94385183e-01
-9.94702518e-01
-9.95010436e-01
-9.95309055e-01
-9.95598257e-01
-9.95878160e-01
-9.96148646e-01
-9.96409774e-01
-9.96661544e-01
-9.96903896e-01
-9.97136831e-01
-9.97360408e-01
-9.97574568e-01
-9.97779369e-01
-9.97974694e-01
-9.98160660e-01
-9.98337209e-01
-9.98504400e-01
-9.98662114e-01
-9.98810470e-01
-9.98949409e-01
-9.99078870e-01
-9.99198973e-01
-9.99309659e-01
-9.99410927e-01
-9.99502778e-01
-9.99585152e-01
-9.99658227e-01
-9.99721825e-01
-9.99776006e-01
-9.99820709e-01
-9.99856055e-01
-9.99881983e-01
-9.99898493e-01
-9.99905527e-01
-9.99903142e-01
-9.99891400e-01
-9.99870181e-01
-9.99839604e-01
-9.99799550e-01
-9.99750137e-01
-9.99691248e-01
-9.99622941e-01
-9.99545157e-01
-9.99458015e-01
-9.99361455e-01
-9.99255538e-01
-9.99140143e-01
-9.99015331e-01
-9.98881102e-01
-9.98737514e-01
-9.98584449e-01
-9.98422027e-01
-9.98250127e-01
-9.98068869e-01
-9.97878194e-01
-9.97678161e-01
-9.97468650e-01
-9.97249842e-01
-9.97021556e-01
-9.96783912e-01
-9.96536851e-01
-9.96280432e-01
-9.96014595e-01
-9.95739400e-01
-9.95454788e-01
-9.95160878e-01
-9.94857550e-01
-9.94544923e-01
-9.94222879e-01
-9.93891537e-01
-9.93550777e-01
-9.93200719e-01
-9.92841244e-01
-9.92472470e-01
-9.92094278e-01
-9.91706789e-01
-9.91309941e-01
-9.90903735e-01
-9.90488172e-01
-9.90063250e-01
-9.89628971e-01
-9.89185333e-01
-9.88732398e-01
-9.88270164e-01
-9.87798572e-01
-9.87317741e-01
-9.86827552e-01
-9.86328065e-01
-9.85819340e-01
-9.85301256e-01
-9.84773934e-01
-9.84237313e-01
-9.83691454e-01
-9.83136356e-01
-9.82572019e-01
-9.81998444e-01
-9.81415629e-01
-9.80823576e-01
-9.80222285e-01
-9.79611754e-01
-9.78991985e-01
-9.78362978e-01
-9.77724731e-01
-9.77077246e-01
-9.76420581e-01
-9.75754619e-01
-9.75079536e-01
-9.74395156e-01
-9.73701656e-01
-9.72998917e-01
-9.72287118e-01
-9.71566081e-01
-9.70835984e-01
-9.70096767e-01
-9.69348431e-01
-9.68590975e-01
-9.67824399e-01
-9.67048705e-01
-9.66263890e-01
-9.65469956e-01
-9.64666903e-01
-9.63854730e-01
-9.63033438e-01
-9.62203026e-01
-9.61363614e-01
-9.60515082e-01
-9.59657550e-01
-9.58791018e-01
-9.57915485e-01
-9.57030952e-01
-9.56137359e-01
-9.55234826e-01
-9.54323232e-01
-9.53402698e-01
-9.52473104e-01
-9.51534569e-01
-9.50586975e-01
-9.49630439e-01
-9.48664904e-01
-9.47690427e-01
-9.46707129e-01
-9.45714891e-01
-9.44713831e-01
-9.43703830e-01
-9.42685008e-01
-9.41657245e-01
-9.40620661e-01
-9.39575136e-01
-9.38520730e-01
-9.37457442e-01
-9.36385274e-01
-9.35304284e-01
-9.34214532e-01
-9.33116019e-01
-9.32008743e-01
-9.30892706e-01
-9.29767907e-01
-9.28634346e-01
-9.27492082e-01
-9.26340997e-01
-9.25181210e-01
-9.24012601e-01
-9.22835290e-01
-9.21649277e-01
-9.20454681e-01
-9.19251382e-01
-9.18039501e-01
-9.16818917e-01
-9.15589750e-01
-9.14351881e-01
-9.13105428e-01
-9.11850333e-01
-9.10586596e-01
-9.09314275e-01
-9.08033431e-01
-9.06744063e-01
-9.05446172e-01
-9.04139757e-01
-9.02824819e-01
-9.01501417e-01
-9.00169432e-01
-8.98828983e-01
-8.97479951e-01
-8.96122575e-01
-8.94756734e-01
-8.93382549e-01
-8.91999900e-01
-8.90608907e-01
-8.89209449e-01
-8.87801647e-01
-8.86385441e-01
-8.84960830e-01
-8.83527935e-01
-8.82086694e-01
-8.80637228e-01
-8.79179418e-01
-8.77713382e-01
-8.76239002e-01
-8.74756396e-01
-8.73265445e-01
-8.71766329e-01
-8.70258987e-01
-8.68743539e-01
-8.67219865e-01
-8.65688086e-01
-8.64148080e-01
-8.62599909e-01
-8.61043572e-01
-8.59479070e-01
-8.57906520e-01
-8.56325984e-01
-8.54737341e-01
-8.53140712e-01
-8.51535976e-01
-8.49923253e-01
-8.48302424e-01
-8.46673608e-01
-8.45036805e-01
-8.43392134e-01
-8.41739476e-01
-8.40078950e-01
-8.38410497e-01
-8.36734116e-01
-8.35049808e-01
-8.33357632e-01
-8.31657648e-01
-8.29949856e-01
-8.28234255e-01
-8.26510787e-01
-8.24779570e-01
-8.23040485e-01
-8.21293712e-01
-8.19539189e-01
-8.17776978e-01
-8.16007078e-01
-8.14229488e-01
-8.12444210e-01
-8.10651243e-01
-8.08850586e-01
-8.07042360e-01
-8.05226564e-01
-8.03403199e-01
-8.01572263e-01
-7.99733758e-01
-7.97887743e-01
-7.96034098e-01
-7.94173062e-01
-7.92304516e-01
-7.90428579e-01
-7.88545132e-01
-7.86654234e-01
-7.84755886e-01
-7.82850146e-01
-7.80937076e-01
-7.79016674e-01
-7.77088940e-01
-7.75153875e-01
-7.73211420e-01
-7.71261692e-01
-7.69304693e-01
-7.67340541e-01
-7.65369117e-01
-7.63390541e-01
-7.61404753e-01
-7.59411752e-01
-7.57411540e-01
-7.55404234e-01
-7.53389835e-01
-7.51368403e-01
-7.49339819e-01
-7.47304201e-01
-7.45261431e-01
-7.43211746e-01
-7.41155028e-01
-7.39091396e-01
-7.37020731e-01
-7.34943092e-01
-7.32858539e-01
-7.30767131e-01
-7.28668809e-01
-7.26563692e-01
-7.24451661e-01
-7.22332835e-01
-7.20207095e-01
-7.18074679e-01
-7.15935469e-01
-7.13789582e-01
-7.11636901e-01
-7.09477544e-01
-7.07311451e-01
-7.05138743e-01
-7.02959359e-01
-7.00773418e-01
-6.98580801e-01
-6.96381629e-01
-6.94175839e-01
-6.91963553e-01
-6.89744771e-01
-6.87519491e-01
-6.85287714e-01
-6.83049440e-01
-6.80804729e-01
-6.78553641e-01
-6.76296234e-01
-6.74032390e-01
-6.71762228e-01
-6.69485629e-01
-6.67202830e-01
-6.64913714e-01
-6.62618399e-01
-6.60316765e-01
-6.58008873e-01
-6.55694783e-01
-6.53374553e-01
-6.51048183e-01
-6.48715675e-01
-6.46377087e-01
-6.44032300e-01
-6.41681552e-01
-6.39324725e-01
-6.36961877e-01
-6.34593010e-01
-6.32218122e-01
-6.29837334e-01
-6.27450645e-01
-6.25058055e-01
-6.22659564e-01
-6.20255172e-01
-6.17844880e-01
-6.15428865e-01
-6.13007009e-01
-6.10579431e-01
-6.08146012e-01
-6.05706871e-01
-6.03262067e-01
-6.00811541e-01
-5.98355412e-01
-5.95893562e-01
-5.93426108e-01
-5.90953052e-01
-5.88474512e-01
-5.85990369e-01
-5.83500743e-01
-5.81005633e-01
-5.78505039e-01
-5.75998962e-01
-5.73487520e-01
-5.70970595e-01
-5.68448305e-01
-5.65920651e-01
-5.63387752e-01
-5.60849488e-01
-5.58305919e-01
-5.55757046e-01
-5.53202987e-01
-5.50643742e-01
-5.48079371e-01
-5.45509756e-01
-5.42935014e-01
-5.40355146e-01
-5.37770271e-01
-5.35180271e-01
-5.32585204e-01
-5.29985070e-01
-5.27379990e-01
-5.24769962e-01
-5.22155046e-01
-5.19535124e-01
-5.16910315e-01
-5.14280617e-01
-5.11646152e-01
-5.09006798e-01
-5.06362617e-01
-5.03713667e-01
-5.01060009e-01
-4.98401612e-01
-4.95738536e-01
-4.93070811e-01
-4.90398437e-01
-4.87721443e-01
-4.85039860e-01
-4.82353687e-01
-4.79662985e-01
-4.76967752e-01
-4.74268019e-01
-4.71563846e-01
-4.68855202e-01
-4.66142148e-01
-4.63424683e-01
-4.60702866e-01
-4.57976699e-01
-4.55246240e-01
-4.52511489e-01
-4.49772477e-01
-4.47029233e-01
-4.44281757e-01
-4.41530079e-01
-4.38774258e-01
-4.36014324e-01
-4.33250278e-01
-4.30482149e-01
-4.27709937e-01
-4.24933732e-01
-4.22153473e-01
-4.19369280e-01
-4.16581094e-01
-4.13789004e-01
-4.10993040e-01
-4.08193201e-01
-4.05389518e-01
-4.02581990e-01
-3.99770707e-01
-3.96955609e-01
-3.94136816e-01
-3.91314268e-01
-3.88488054e-01
-3.85658175e-01
-3.82824689e-01
-3.79987568e-01
-3.77146870e-01
-3.74302626e-01
-3.71454835e-01
-3.68603557e-01
-3.65748793e-01
-3.62890601e-01
-3.60028982e-01
-3.57163966e-01
-3.54295582e-01
-3.51423889e-01
-3.48548859e-01
-3.45670551e-01
-3.42788994e-01
-3.39904189e-01
-3.37016195e-01
-3.34125012e-01
-3.31230670e-01
-3.28333259e-01
-3.25432718e-01
-3.22529137e-01
-3.19622517e-01
-3.16712886e-01
-3.13800246e-01
-3.10884655e-01
-3.07966143e-01
-3.05044711e-01
-3.02120388e-01
-2.99193263e-01
-2.96263278e-01
-2.93330550e-01
-2.90395021e-01
-2.87456781e-01
-2.84515858e-01
-2.81572223e-01
-2.78625935e-01
-2.75677025e-01
-2.72725523e-01
-2.69771427e-01
-2.66814798e-01
-2.63855636e-01
-2.60894001e-01
-2.57929891e-01
-2.54963368e-01
-2.51994461e-01
-2.49023154e-01
-2.46049523e-01
-2.43073583e-01
-2.40095362e-01
-2.37114877e-01
-2.34132156e-01
-2.31147230e-01
-2.28160128e-01
-2.25170866e-01
-2.22179458e-01
-2.19185978e-01
-2.16190413e-01
-2.13192821e-01
-2.10193202e-01
-2.07191616e-01
-2.04188079e-01
-2.01182604e-01
-1.98175251e-01
-1.95166036e-01
-1.92154974e-01
-1.89142108e-01
-1.86127469e-01
-1.83111072e-01
-1.80092961e-01
-1.77073136e-01
-1.74051657e-01
-1.71028540e-01
-1.68003812e-01
-1.64977506e-01
-1.61949635e-01
-1.58920228e-01
-1.55889317e-01
-1.52856946e-01
-1.49823129e-01
-1.46787882e-01
-1.43751279e-01
-1.40713304e-01
-1.37674004e-01
-1.34633407e-01
-1.31591558e-01
-1.28548443e-01
-1.25504136e-01
-1.22458652e-01
-1.19412012e-01
-1.16364248e-01
-1.13315389e-01
-1.10265464e-01
-1.07214503e-01
-1.04162537e-01
-1.01109587e-01
-9.80556905e-02
-9.50008631e-02
-9.19451416e-02
-8.88885483e-02
-8.58311132e-02
-8.27728659e-02
-7.97138438e-02
-7.66540617e-02
-7.35935643e-02
-7.05323741e-02
-6.74705133e-02
-6.44080266e-02
-6.13449328e-02
-5.82812615e-02
-5.52170463e-02
-5.21523431e-02
-4.90872301e-02
-4.60218601e-02
-4.29565161e-02
-3.98917496e-02
-3.68285365e-02
-3.37684900e-02
-3.07140853e-02
-2.76688654e-02
-2.46374719e-02
-2.16254517e-02
-1.86387543e-02
-1.56828873e-02
-1.27618397e-02
-9.87696927e-03
-7.02612801e-03
-4.20330185e-03
-1.39894895e-03
1.39894895e-03
4.20330185e-03
