-4.33259550e-03
-1.44354429e-03
1.44354429e-03
4.33259550e-03
7.22740870e-03
1.01314168e-02
1.30474828e-02
1.59777571e-02
1.89235974e-02
2.18855701e-02
2.48634983e-02
2.78565884e-02
3.08635570e-02
3.38827968e-02
3.69125307e-02
3.99509519e-02
4.29963246e-02
4.60470654e-02
4.91017997e-02
5.21593727e-02
5.52188493e-02
5.82794994e-02
6.13407604e-02
6.44022226e-02
6.74635768e-02
7.05246106e-02
7.35851750e-02
7.66451731e-02
7.97045082e-02
8.27631354e-02
8.58209953e-02
8.88780579e-02
9.19342786e-02
9.49896276e-02
9.80440825e-02
1.01097614e-01
1.04150198e-01
1.07201807e-01
1.10252410e-01
1.13301978e-01
1.16350479e-01
1.19397886e-01
1.22444168e-01
1.25489295e-01
1.28533244e-01
1.31576002e-01
1.34617493e-01
1.37657747e-01
1.40696675e-01
1.43734306e-01
1.46770567e-01
1.49805441e-01
1.52838901e-01
1.55870929e-01
1.58901483e-01
1.61930531e-01
1.64958045e-01
1.67984009e-01
1.71008378e-01
1.74031124e-01
1.77052230e-01
1.80071667e-01
1.83089435e-01
1.86105460e-01
1.89119756e-01
1.92132264e-01
1.95142984e-01
1.98151842e-01
2.01158851e-01
2.04163969e-01
2.07167149e-01
2.10168391e-01
2.13167652e-01
2.16164887e-01
2.19160110e-01
2.22153246e-01
2.25144282e-01
2.28133202e-01
2.31119961e-01
2.34104529e-01
2.37086892e-01
2.40067020e-01
2.43044898e-01
2.46020496e-01
2.48993784e-01
2.51964718e-01
2.54933298e-01
2.57899463e-01
2.60863245e-01
2.63824522e-01
2.66783327e-01
2.69739598e-01
2.72693366e-01
2.75644511e-01
2.78593093e-01
2.81539023e-01
2.84482300e-01
2.87422925e-01
2.90360808e-01
2.93295950e-01
2.96228349e-01
2.99158007e-01
3.02084804e-01
3.05008739e-01
3.07929814e-01
3.10848027e-01
3.13763261e-01
3.16675544e-01
3.19584817e-01
3.22491080e-01
3.25394332e-01
3.28294516e-01
3.31191629e-01
3.34085613e-01
3.36976439e-01
3.39864105e-01
3.42748582e-01
3.45629811e-01
3.48507762e-01
3.51382434e-01
3.54253799e-01
3.57121855e-01
3.59986544e-01
3.62847835e-01
3.65705699e-01
3.68560106e-01
3.71411055e-01
3.74258518e-01
3.77102435e-01
3.79942805e-01
3.82779598e-01
3.85612756e-01
3.88442308e-01
3.91268164e-01
3.94090354e-01
3.96908820e-01
3.99723589e-01
4.02534544e-01
4.05341744e-01
4.08145100e-01
4.10944581e-01
4.13740247e-01
4.16531980e-01
4.19319838e-01
4.22103703e-01
4.24883634e-01
4.27659512e-01
4.30431396e-01
4.33199197e-01
4.35962886e-01
4.38722521e-01
4.41477984e-01
4.44229335e-01
4.46976453e-01
4.49719399e-01
4.52458084e-01
4.55192536e-01
4.57922697e-01
4.60648537e-01
4.63370025e-01
4.66087162e-01
4.68799919e-01
4.71508235e-01
4.74212110e-01
4.76911515e-01
4.79606420e-01
4.82296824e-01
4.84982669e-01
4.87663954e-01
4.90340620e-01
4.93012667e-01
4.95680094e-01
4.98342872e-01
5.01000941e-01
5.03654301e-01
5.06302953e-01
5.08946776e-01
5.11585832e-01
5.14219999e-01
5.16849399e-01
5.19473910e-01
5.22093534e-01
5.24708152e-01
5.27317882e-01
5.29922605e-01
5.32522440e-01
5.35117209e-01
5.37706852e-01
5.40291488e-01
5.42870998e-01
5.45445502e-01
5.48014760e-01
5.50578892e-01
5.53137779e-01
5.55691540e-01
5.58240116e-01
5.60783327e-01
5.63321292e-01
5.65853894e-01
5.68381250e-01
5.70903242e-01
5.73419869e-01
5.75931013e-01
5.78436792e-01
5.80937088e-01
5.83432019e-01
5.85921407e-01
5.88405192e-01
5.90883493e-01
5.93356192e-01
5.95823407e-01
5.98284900e-01
6.00740790e-01
6.03190958e-01
6.05635524e-01
6.08074427e-01
6.10507548e-01
6.12934887e-01
6.15356386e-01
6.17772162e-01
6.20182097e-01
6.22586250e-01
6.24984443e-01
6.27376735e-01
6.29763126e-01
6.32143617e-01
6.34518206e-01
6.36886775e-01
6.39249325e-01
6.41605854e-01
6.43956423e-01
6.46300912e-01
6.48639321e-01
6.50971532e-01
6.53297603e-01
6.55617535e-01
6.57931328e-01
6.60238922e-01
6.62540257e-01
6.64835334e-01
6.67124152e-01
6.69406712e-01
6.71683073e-01
6.73952997e-01
6.76216543e-01
6.78473711e-01
6.80724502e-01
6.82968915e-01
6.85206950e-01
6.87438488e-01
6.89663529e-01
6.91882074e-01
6.94094062e-01
6.96299613e-01
6.98498547e-01
7.00690925e-01
7.02876627e-01
7.05055714e-01
7.07228184e-01
7.09394038e-01
7.11553156e-01
7.13705540e-01
7.15851188e-01
7.17990160e-01
7.20122337e-01
7.22247839e-01
7.24366426e-01
7.26478219e-01
7.28583097e-01
7.30681181e-01
7.32772350e-01
7.34856665e-01
7.36934006e-01
7.39004374e-01
7.41067827e-01
7.43124247e-01
7.45173752e-01
7.47216225e-01
7.49251664e-01
7.51279950e-01
7.53301203e-01
7.55315304e-01
7.57322371e-01
7.59322286e-01
7.61315048e-01
7.63300598e-01
7.65278995e-01
7.67250121e-01
7.69214094e-01
7.71170795e-01
7.73120344e-01
7.75062501e-01
7.76997387e-01
7.78924882e-01
7.80845106e-01
7.82757938e-01
7.84663439e-01
7.86561549e-01
7.88452208e-01
7.90335417e-01
7.92211175e-01
7.94079483e-01
7.95940399e-01
7.97793806e-01
7.99639702e-01
8.01477969e-01
8.03308725e-01
8.05131853e-01
8.06947410e-01
8.08755398e-01
8.10555816e-01
8.12348545e-01
8.14133584e-01
8.15910995e-01
8.17680657e-01
8.19442689e-01
8.21196973e-01
8.22943628e-01
8.24682415e-01
8.26413453e-01
8.28136623e-01
8.29852045e-01
8.31559598e-01
8.33259404e-01
8.34951401e-01
8.36635530e-01
8.38311732e-01
8.39980006e-01
8.41640353e-01
8.43292773e-01
8.44937265e-01
8.46573889e-01
8.48202527e-01
8.49823177e-01
8.51435721e-01
8.53040278e-01
8.54636729e-01
8.56225193e-01
8.57805550e-01
8.59377921e-01
8.60942185e-01
8.62498343e-01
8.64046335e-01
8.65586102e-01
8.67117763e-01
8.68641198e-01
8.70156527e-01
8.71663630e-01
8.73162627e-01
8.74653339e-01
8.76135826e-01
8.77609968e-01
8.79075885e-01
8.80533457e-01
8.81982803e-01
8.83423865e-01
8.84856641e-01
8.86281133e-01
8.87697220e-01
8.89104903e-01
8.90504181e-01
8.91894996e-01
8.93277466e-01
8.94651473e-01
8.96017134e-01
8.97374332e-01
8.98723185e-01
9.00063515e-01
9.01395321e-01
9.02718604e-01
9.04033363e-01
9.05339599e-01
9.06637311e-01
9.07926500e-01
9.09207165e-01
9.10479307e-01
9.11742926e-01
9.12997901e-01
9.14244235e-01
9.15481925e-01
9.16710973e-01
9.17931378e-01
9.19143140e-01
9.20346260e-01
9.21540737e-01
9.22726572e-01
9.23903823e-01
9.25072253e-01
9.26231980e-01
9.27382886e-01
9.28525090e-01
9.29658473e-01
9.30783153e-01
9.31899011e-01
9.33006167e-01
9.34104502e-01
9.35194135e-01
9.36275005e-01
9.37347054e-01
9.38410223e-01
9.39464450e-01
9.40509856e-01
9.41546321e-01
9.42573965e-01
9.43592668e-01
9.44602549e-01
9.45603490e-01
9.46595609e-01
9.47578788e-01
9.48553145e-01
9.49518561e-01
9.50475037e-01
9.51422453e-01
9.52360928e-01
9.53290343e-01
9.54210818e-01
9.55122232e-01
9.56024706e-01
9.56918120e-01
9.57802594e-01
9.58678007e-01
9.59544480e-01
9.60401893e-01
9.61250305e-01
9.62089717e-01
9.62920010e-01
9.63741183e-01
9.64553237e-01
9.65356171e-01
9.66149986e-01
9.66934741e-01
9.67710316e-01
9.68476832e-01
9.69234169e-01
9.69982445e-01
9.70721543e-01
9.71451581e-01
9.72172439e-01
9.72884238e-01
9.73586857e-01
9.74280417e-01
9.74964738e-01
9.75639880e-01
9.76305723e-01
9.76962388e-01
9.77609754e-01
9.78247941e-01
9.78876829e-01
9.79496539e-01
9.80106950e-01
9.80708182e-01
9.81300116e-01
9.81882870e-01
9.82456326e-01
9.83020604e-01
9.83575583e-01
9.84121323e-01
9.84657824e-01
9.85185087e-01
9.85703111e-01
9.86211836e-01
9.86711323e-01
9.87201512e-01
9.87682343e-01
9.88153934e-01
9.88616168e-01
9.89069104e-01
9.89512682e-01
9.89946902e-01
9.90371764e-01
9.90787268e-01
9.91193414e-01
9.91590202e-01
9.91977632e-01
9.92355704e-01
9.92724419e-01
9.93083775e-01
9.93433774e-01
9.93774414e-01
9.94105697e-01
9.94427621e-01
9.94740188e-01
9.95043397e-01
9.95337248e-01
9.95621741e-01
9.95896876e-01
9.96162713e-01
9.96419132e-01
9.96666193e-01
9.96903837e-01
9.97132123e-01
9.97350931e-01
9.97560441e-01
9.97760475e-01
9.97951150e-01
9.98132408e-01
9.98304248e-01
9.98466730e-01
9.98619735e-01
9.98763382e-01
9.98897612e-01
9.99022424e-01
9.99137819e-01
9.99243736e-01
9.99340296e-01
9.99427438e-01
9.99505222e-01
9.99573529e-01
9.99632418e-01
9.99681830e-01
9.99721885e-01
9.99752462e-01
9.99773681e-01
9.99785423e-01
9.99787807e-01
9.99780774e-01
9.99764264e-01
9.99738336e-01
9.99702990e-01
9.99658287e-01
9.99604106e-01
9.99540567e-01
9.99467492e-01
9.99385059e-01
9.99293149e-01
9.99191940e-01
9.99081254e-01
9.98961210e-01
9.98831689e-01
9.98692751e-01
9.98544395e-01
9.98386681e-01
9.98219490e-01
9.98042941e-01
9.97856975e-01
9.97661650e-01
9.97456849e-01
9.97242689e-01
9.97019172e-01
9.96786177e-01
9.96543825e-01
9.96292114e-01
9.96030986e-01
9.95760560e-01
9.95480716e-01
9.95191574e-01
9.94893014e-01
9.94585156e-01
9.94267881e-01
9.93941307e-01
9.93605316e-01
9.93260026e-01
9.92905319e-01
9.92541313e-01
9.92167890e-01
9.91785169e-01
9.91393030e-01
9.90991592e-01
9.90580738e-01
9.90160584e-01
9.89731014e-01
9.89292085e-01
9.88843799e-01
9.88386214e-01
9.87919331e-01
9.87443089e-01
9.86957550e-01
9.86462772e-01
9.85958636e-01
9.85445201e-01
9.84922528e-01
9.84390616e-01
9.83849466e-01
9.83299077e-01
9.82739449e-01
9.82170582e-01
9.81592476e-01
9.81005132e-01
9.80408549e-01
9.79802728e-01
9.79187667e-01
9.78563368e-01
9.77929831e-01
9.77287114e-01
9.76635098e-01
9.75973904e-01
9.75303411e-01
9.74623740e-01
9.73934770e-01
9.73236740e-01
9.72529531e-01
9.71813262e-01
9.71087813e-01
9.70353305e-01
9.69609618e-01
9.68856812e-01
9.68094885e-01
9.67323840e-01
9.66543674e-01
9.65754390e-01
9.64955986e-01
9.64148462e-01
9.63331819e-01
9.62506056e-01
9.61671174e-01
9.60827231e-01
9.59974289e-01
9.59112346e-01
9.58241403e-01
9.57361460e-01
9.56472516e-01
9.55574572e-01
9.54667628e-01
9.53751683e-01
9.52826738e-01
9.51892793e-01
9.50949848e-01
9.49997962e-01
9.49037015e-01
9.48067129e-01
9.47088301e-01
9.46100652e-01
9.45104063e-01
9.44098651e-01
9.43084359e-01
9.42061186e-01
9.41029131e-01
9.39988196e-01
9.38938379e-01
9.37879682e-01
9.36812103e-01
9.35735643e-01
9.34650421e-01
9.33556437e-01
9.32453692e-01
9.31342185e-01
9.30221915e-01
9.29092884e-01
9.27955091e-01
9.26808536e-01
9.25653219e-01
9.24489141e-01
9.23316240e-01
9.22134757e-01
9.20944571e-01
9.19745803e-01
9.18538332e-01
9.17322278e-01
9.16097522e-01
9.14864182e-01
9.13622141e-01
9.12371516e-01
9.11112249e-01
9.09844339e-01
9.08567905e-01
9.07282948e-01
9.05989468e-01
9.04687464e-01
9.03376937e-01
9.02057946e-01
9.00730371e-01
8.99394333e-01
8.98049712e-01
8.96696687e-01
8.95335197e-01
8.93965364e-01
8.92587125e-01
8.91200483e-01
8.89805436e-01
8.88401985e-01
8.86990130e-01
8.85569870e-01
8.84141266e-01
8.82704377e-01
8.81259203e-01
8.79805744e-01
8.78343999e-01
8.76873970e-01
8.75395596e-01
8.73908997e-01
8.72414052e-01
8.70911002e-01
8.69399726e-01
8.67880344e-01
8.66352797e-01
8.64817083e-01
8.63273203e-01
8.61721158e-01
8.60160947e-01
8.58592629e-01
8.57016265e-01
8.55431855e-01
8.53839397e-01
8.52238894e-01
8.50630343e-01
8.49013746e-01
8.47389102e-01
8.45756531e-01
8.44115973e-01
8.42467546e-01
8.40811133e-01
8.39146852e-01
8.37474585e-01
8.35794449e-01
8.34106386e-01
8.32410514e-01
8.30706835e-01
8.28995287e-01
8.27275991e-01
8.25548828e-01
8.23813915e-01
8.22071135e-01
8.20320725e-01
8.18562567e-01
8.16796720e-01
8.15023184e-01
8.13241959e-01
8.11453044e-01
8.09656441e-01
8.07852209e-01
8.06040406e-01
8.04221034e-01
8.02394152e-01
8.00559640e-01
7.98717618e-01
7.96867967e-01
7.95010865e-01
7.93146253e-01
7.91274250e-01
7.89394736e-01
7.87507832e-01
7.85613418e-01
7.83711553e-01
7.81802356e-01
7.79885888e-01
7.77962029e-01
7.76030898e-01
7.74092376e-01
7.72146583e-01
7.70193398e-01
7.68233061e-01
7.66265452e-01
7.64290690e-01
7.62308717e-01
7.60319531e-01
7.58323133e-01
7.56319642e-01
7.54309058e-01
7.52291381e-01
7.50266612e-01
7.48234689e-01
7.46195734e-01
7.44149745e-01
7.42096841e-01
7.40036905e-01
7.37969995e-01
7.35896111e-01
7.33815253e-01
7.31727481e-01
7.29632854e-01
7.27531374e-01
7.25423038e-01
7.23307908e-01
7.21185863e-01
7.19057024e-01
7.16921449e-01
7.14779139e-01
7.12630093e-01
7.10474312e-01
7.08311796e-01
7.06142604e-01
7.03966796e-01
7.01784372e-01
6.99595392e-01
6.97399735e-01
6.95197523e-01
6.92988753e-01
6.90773547e-01
6.88551784e-01
6.86323524e-01
6.84088767e-01
6.81847513e-01
6.79599881e-01
6.77345932e-01
6.75085545e-01
6.72818840e-01
6.70545697e-01
6.68266296e-01
6.65980577e-01
6.63688660e-01
6.61390424e-01
6.59085929e-01
6.56775236e-01
6.54458404e-01
6.52135372e-01
6.49806261e-01
6.47470951e-01
6.45129561e-01
6.42782032e-01
6.40428543e-01
6.38068974e-01
6.35703444e-01
6.33331835e-01
6.30954266e-01
6.28570735e-01
6.26181364e-01
6.23786032e-01
6.21384859e-01
6.18977726e-01
6.16564870e-01
6.14146173e-01
6.11721754e-01
6.09291494e-01
6.06855512e-01
6.04413807e-01
6.01966500e-01
5.99513471e-01
5.97054839e-01
5.94590485e-01
5.92120588e-01
5.89645088e-01
5.87164104e-01
5.84677517e-01
5.82185388e-01
5.79687774e-01
5.77184737e-01
5.74676275e-01
5.72162390e-01
5.69643140e-01
5.67118406e-01
5.64588428e-01
5.62053144e-01
5.59512556e-01
5.56966662e-01
5.54415524e-01
5.51859200e-01
5.49297631e-01
5.46730936e-01
5.44158995e-01
5.41581988e-01
5.38999856e-01
5.36412716e-01
5.33820450e-01
5.31223118e-01
5.28620780e-01
5.26013494e-01
5.23401320e-01
5.20784140e-01
5.18162072e-01
5.15535116e-01
5.12903333e-01
5.10266721e-01
5.07625282e-01
5.04979014e-01
5.02328038e-01
4.99672383e-01
4.97011989e-01
4.94346946e-01
4.91677195e-01
4.89002854e-01
4.86323863e-01
4.83640343e-01
4.80952233e-01
4.78259563e-01
4.75562423e-01
4.72860754e-01
4.70154673e-01
4.67444152e-01
4.64729220e-01
4.62009937e-01
4.59286243e-01
4.56558257e-01
4.53825951e-01
4.51089382e-01
4.48348552e-01
4.45603490e-01
4.42854255e-01
4.40100849e-01
4.37343299e-01
4.34581578e-01
4.31815803e-01
4.29045975e-01
4.26272094e-01
4.23494160e-01
4.20712292e-01
4.17926461e-01
4.15136665e-01
4.12342966e-01
4.09545332e-01
4.06743884e-01
4.03938591e-01
4.01129514e-01
3.98316652e-01
3.95500034e-01
3.92679721e-01
3.89855683e-01
3.87027949e-01
3.84196579e-01
3.81361574e-01
3.78523022e-01
3.75680864e-01
3.72835189e-01
3.69985998e-01
3.67133349e-01
3.64277214e-01
3.61417651e-01
3.58554631e-01
3.55688274e-01
3.52818578e-01
3.49945545e-01
3.47069174e-01
3.44189584e-01
3.41306746e-01
3.38420719e-01
3.35531503e-01
3.32639098e-01
3.29743564e-01
3.26844901e-01
3.23943168e-01
3.21038365e-01
3.18130553e-01
3.15219760e-01
3.12305987e-01
3.09389263e-01
3.06469649e-01
3.03547144e-01
3.00621778e-01
2.97693610e-01
2.94762582e-01
2.91828811e-01
2.88892269e-01
2.85952985e-01
2.83011019e-01
2.80066371e-01
2.77119100e-01
2.74169236e-01
2.71216750e-01
2.68261760e-01
2.65304208e-01
2.62344182e-01
2.59381711e-01
2.56416768e-01
2.53449410e-01
2.50479639e-01
2.47507527e-01
2.44533077e-01
2.41556317e-01
2.38577291e-01
2.35596001e-01
2.32612506e-01
2.29626805e-01
2.26638943e-01
2.23648950e-01
2.20656857e-01
2.17662692e-01
2.14666471e-01
2.11668238e-01
2.08668023e-01
2.05665842e-01
2.02661723e-01
1.99655682e-01
1.96647763e-01
1.93637982e-01
1.90626383e-01
1.87612966e-01
1.84597790e-01
1.81580856e-01
1.78562224e-01
1.75541908e-01
1.72519922e-01
1.69496328e-01
1.66471139e-01
1.63444370e-01
1.60416082e-01
1.57386273e-01
1.54354990e-01
1.51322246e-01
1.48288086e-01
1.45252541e-01
1.42215639e-01
1.39177397e-01
1.36137843e-01
1.33097008e-01
1.30054891e-01
1.27011552e-01
1.23967007e-01
1.20921284e-01
1.17874429e-01
1.14826456e-01
1.11777402e-01
1.08727306e-01
1.05676182e-01
1.02624074e-01
9.95709971e-02
9.65169966e-02
9.34620798e-02
9.04062837e-02
8.73496234e-02
8.42921436e-02
8.12338591e-02
7.81748146e-02
7.51150250e-02
7.20545352e-02
6.89933598e-02
6.59315363e-02
6.28691018e-02
5.98060712e-02
5.67424856e-02
5.36783636e-02
5.06137386e-02
4.75486331e-02
4.44830805e-02
4.14171033e-02
3.83507386e-02
3.52840088e-02
3.22169513e-02
2.91495882e-02
2.60819513e-02
2.30140686e-02
1.99459698e-02
1.68776810e-02
1.38092348e-02
1.07406583e-02
7.67197926e-03
4.60322853e-03
1.53443415e-03
-1.53437455e-03
-4.60316893e-03
-7.67191965e-03
-1.07405987e-02
-1.38091752e-02
-1.68776214e-02
-1.99459102e-02
-2.30140090e-02
-2.60818917e-02
-2.91495286e-02
-3.22168916e-02
-3.52839492e-02
-3.83506790e-02
-4.14170437e-02
-4.44830209e-02
-4.75485735e-02
-5.06136790e-02
-5.36783040e-02
-5.67424260e-02
-5.98060116e-02
-6.28690422e-02
-6.59314767e-02
-6.89933002e-02
-7.20544755e-02
-7.51149654e-02
-7.81747550e-02
-8.12337995e-02
-8.42920840e-02
-8.73495638e-02
-9.04062241e-02
-9.34620202e-02
-9.65169370e-02
-9.95709375e-02
-1.02624014e-01
-1.05676122e-01
-1.08727247e-01
-1.11777343e-01
-1.14826396e-01
-1.17874369e-01
-1.20921224e-01
-1.23966947e-01
-1.27011493e-01
-1.30054832e-01
-1.33096948e-01
-1.36137784e-01
-1.39177337e-01
-1.42215580e-01
-1.45252481e-01
-1.48288026e-01
-1.51322186e-01
-1.54354930e-01
-1.57386214e-01
-1.60416022e-01
-1.63444310e-01
-1.66471079e-01
-1.69496268e-01
-1.72519863e-01
-1.75541848e-01
-1.78562164e-01
-1.81580797e-01
-1.84597731e-01
-1.87612906e-01
-1.90626323e-01
-1.93637922e-01
-1.96647704e-01
-1.99655622e-01
-2.02661663e-01
-2.05665782e-01
-2.08667964e-01
-2.11668178e-01
-2.14666411e-01
-2.17662632e-01
-2.20656797e-01
-2.23648891e-01
-2.26638883e-01
-2.29626745e-01
-2.32612446e-01
-2.35595942e-01
-2.38577232e-01
-2.41556257e-01
-2.44533017e-01
-2.47507468e-01
-2.50479579e-01
-2.53449351e-01
-2.56416708e-01
-2.59381652e-01
-2.62344122e-01
-2.65304148e-01
-2.68261701e-01
-2.71216691e-01
-2.74169177e-01
-2.77119040e-01
-2.80066311e-01
-2.83010960e-01
-2.85952926e-01
-2.88892210e-01
-2.91828752e-01
-2.94762522e-01
-2.97693551e-01
-3.00621718e-01
-3.03547084e-01
-3.06469589e-01
-3.09389204e-01
-3.12305927e-01
-3.15219700e-01
-3.18130523e-01
-3.21038336e-01
-3.23943108e-01
-3.26844841e-01
-3.29743505e-01
-3.32639039e-01
-3.35531443e-01
-3.38420689e-01
-3.41306716e-01
-3.44189554e-01
-3.47069144e-01
-3.49945486e-01
-3.52818519e-01
-3.55688244e-01
-3.58554602e-01
-3.61417592e-01
-3.64277184e-01
-3.67133319e-01
-3.69985968e-01
-3.72835159e-01
-3.75680834e-01
-3.78522962e-01
-3.81361544e-01
-3.84196520e-01
-3.87027889e-01
-3.89855623e-01
-3.92679662e-01
-3.95499974e-01
-3.98316592e-01
-4.01129454e-01
-4.03938532e-01
-4.06743824e-01
-4.09545273e-01
-4.12342876e-01
-4.15136606e-01
-4.17926401e-01
-4.20712233e-01
-4.23494130e-01
-4.26272035e-01
-4.29045916e-01
-4.31815773e-01
-4.34581548e-01
-4.37343240e-01
-4.40100819e-01
-4.42854226e-01
-4.45603460e-01
-4.48348492e-01
-4.51089293e-01
-4.53825861e-01
-4.56558168e-01
-4.59286153e-01
-4.62009788e-01
-4.64729100e-01
-4.67444032e-01
-4.70154583e-01
-4.72860664e-01
-4.75562334e-01
-4.78259474e-01
-4.80952144e-01
-4.83640254e-01
-4.86323804e-01
-4.89002764e-01
-4.91677135e-01
-4.94346887e-01
-4.97011930e-01
-4.99672323e-01
-5.02327979e-01
-5.04978955e-01
-5.07625222e-01
-5.10266662e-01
-5.12903273e-01
-5.15535057e-01
-5.18162012e-01
-5.20784080e-01
-5.23401260e-01
-5.26013434e-01
-5.28620720e-01
-5.31223059e-01
-5.33820391e-01
-5.36412656e-01
-5.38999796e-01
-5.41581929e-01
-5.44158936e-01
-5.46730876e-01
-5.49297571e-01
-5.51859140e-01
-5.54415464e-01
-5.56966603e-01
-5.59512496e-01
-5.62053084e-01
-5.64588368e-01
-5.67118347e-01
-5.69643080e-01
-5.72162330e-01
-5.74676216e-01
-5.77184677e-01
-5.79687715e-01
-5.82185328e-01
-5.84677458e-01
-5.87164044e-01
-5.89645088e-01
-5.92120528e-01
-5.94590485e-01
-5.97054780e-01
-5.99513471e-01
-6.01966441e-01
-6.04413807e-01
-6.06855512e-01
-6.09291494e-01
-6.11721754e-01
-6.14146173e-01
-6.16564870e-01
-6.18977726e-01
-6.21384859e-01
-6.23786032e-01
-6.26181364e-01
-6.28570735e-01
-6.30954266e-01
-6.33331835e-01
-6.35703444e-01
-6.38068974e-01
-6.40428543e-01
-6.42782032e-01
-6.45129561e-01
-6.47470951e-01
-6.49806261e-01
-6.52135372e-01
-6.54458404e-01
-6.56775236e-01
-6.59085929e-01
-6.61390424e-01
-6.63688660e-01
-6.65980577e-01
-6.68266296e-01
-6.70545697e-01
-6.72818840e-01
-6.75085545e-01
-6.77345932e-01
-6.79599881e-01
-6.81847513e-01
-6.84088767e-01
-6.86323524e-01
-6.88551784e-01
-6.90773547e-01
-6.92988753e-01
-6.95197523e-01
-6.97399735e-01
-6.99595392e-01
-7.01784372e-01
-7.03966796e-01
-7.06142604e-01
-7.08311796e-01
-7.10474312e-01
-7.12630093e-01
-7.14779139e-01
-7.16921449e-01
-7.19056964e-01
-7.21185803e-01
-7.23307788e-01
-7.25422978e-01
-7.27531314e-01
-7.29632795e-01
-7.31727421e-01
-7.33815193e-01
-7.35896051e-01
-7.37969935e-01
-7.40036845e-01
-7.42096782e-01
-7.44149745e-01
-7.46195674e-01
-7.48234689e-01
-7.50266552e-01
-7.52291381e-01
-7.54309058e-01
-7.56319642e-01
-7.58323133e-01
-7.60319531e-01
-7.62308717e-01
-7.64290690e-01
-7.66265452e-01
-7.68233061e-01
-7.70193398e-01
-7.72146583e-01
-7.74092376e-01
-7.76030898e-01
-7.77962029e-01
-7.79885888e-01
-7.81802356e-01
-7.83711553e-01
-7.85613358e-01
-7.87507713e-01
-7.89394677e-01
-7.91274130e-01
-7.93146193e-01
-7.95010746e-01
-7.96867907e-01
-7.98717499e-01
-8.00559580e-01
-8.02394092e-01
-8.04221034e-01
-8.06040406e-01
-8.07852209e-01
-8.09656441e-01
-8.11453044e-01
-8.13241959e-01
-8.15023184e-01
-8.16796720e-01
-8.18562567e-01
-8.20320666e-01
-8.22071135e-01
-8.23813856e-01
-8.25548828e-01
-8.27275932e-01
-8.28995287e-01
-8.30706775e-01
-8.32410514e-01
-8.34106386e-01
-8.35794449e-01
-8.37474585e-01
-8.39146793e-01
-8.40811133e-01
-8.42467487e-01
-8.44115973e-01
-8.45756471e-01
-8.47389102e-01
-8.49013746e-01
-8.50630343e-01
-8.52238894e-01
-8.53839397e-01
-8.55431855e-01
-8.57016265e-01
-8.58592629e-01
-8.60160947e-01
-8.61721158e-01
-8.63273203e-01
-8.64817083e-01
-8.66352797e-01
-8.67880344e-01
-8.69399726e-01
-8.70910943e-01
-8.72414052e-01
-8.73908937e-01
-8.75395596e-01
-8.76873910e-01
-8.78343940e-01
-8.79805684e-01
-8.81259143e-01
-8.82704318e-01
-8.84141207e-01
-8.85569811e-01
-8.86990070e-01
-8.88401926e-01
-8.89805377e-01
-8.91200423e-01
-8.92587125e-01
-8.93965364e-01
-8.95335257e-01
-8.96696687e-01
-8.98049772e-01
-8.99394333e-01
-9.00730431e-01
-9.02057946e-01
-9.03376997e-01
-9.04687464e-01
-9.05989468e-01
-9.07282948e-01
-9.08567905e-01
-9.09844339e-01
-9.11112249e-01
-9.12371516e-01
-9.13622141e-01
-9.14864123e-01
-9.16097522e-01
-9.17322218e-01
-9.18538332e-01
-9.19745743e-01
-9.20944571e-01
-9.22134697e-01
-9.23316240e-01
-9.24489081e-01
-9.25653219e-01
-9.26808536e-01
-9.27955091e-01
-9.29092884e-01
-9.30221915e-01
-9.31342185e-01
-9.32453692e-01
-9.33556437e-01
-9.34650421e-01
-9.35735643e-01
-9.36812103e-01
-9.37879682e-01
-9.38938379e-01
-9.39988196e-01
-9.41029131e-01
-9.42061186e-01
-9.43084359e-01
-9.44098651e-01
-9.45104063e-01
-9.46100593e-01
-9.47088301e-01
-9.48067069e-01
-9.49037015e-01
-9.49997902e-01
-9.50949848e-01
-9.51892793e-01
-9.52826738e-01
-9.53751683e-01
-9.54667628e-01
-9.55574572e-01
-9.56472516e-01
-9.57361460e-01
-9.58241403e-01
-9.59112346e-01
-9.59974289e-01
-9.60827231e-01
-9.61671174e-01
-9.62506056e-01
-9.63331819e-01
-9.64148462e-01
-9.64955986e-01
-9.65754390e-01
-9.66543674e-01
-9.67323840e-01
-9.68094885e-01
-9.68856812e-01
-9.69609618e-01
-9.70353246e-01
-9.71087813e-01
-9.71813202e-01
-9.72529531e-01
-9.73236680e-01
-9.73934770e-01
-9.74623680e-01
-9.75303411e-01
-9.75973845e-01
-9.76635098e-01
-9.77287054e-01
-9.77929831e-01
-9.78563368e-01
-9.79187667e-01
-9.79802728e-01
-9.80408549e-01
-9.81005132e-01
-9.81592476e-01
-9.82170582e-01
-9.82739449e-01
-9.83299077e-01
-9.83849466e-01
-9.84390616e-01
-9.84922528e-01
-9.85445201e-01
-9.85958636e-01
-9.86462772e-01
-9.86957550e-01
-9.87443089e-01
-9.87919271e-01
-9.88386214e-01
-9.88843799e-01
-9.89292085e-01
-9.89731014e-01
-9.90160525e-01
-9.90580738e-01
-9.90991533e-01
-9.91393030e-01
-9.91785109e-01
-9.92167890e-01
-9.92541254e-01
-9.92905319e-01
-9.93259966e-01
-9.93605316e-01
-9.93941247e-01
-9.94267881e-01
-9.94585097e-01
-9.94893014e-01
-9.95191514e-01
-9.95480716e-01
-9.95760500e-01
-9.96030986e-01
-9.96292055e-01
-9.96543825e-01
-9.96786177e-01
-9.97019112e-01
-9.97242689e-01
-9.97456849e-01
-9.97661650e-01
-9.97856975e-01
-9.98042941e-01
-9.98219490e-01
-9.98386681e-01
-9.98544455e-01
-9.98692751e-01
-9.98831689e-01
-9.98961151e-01
-9.99081254e-01
-9.99191940e-01
-9.99293208e-01
-9.99385059e-01
-9.99467432e-01
-9.99540508e-01
-9.99604106e-01
-9.99658287e-01
-9.99702990e-01
-9.99738336e-01
-9.99764264e-01
-9.99780774e-01
-9.99787807e-01
-9.99785423e-01
-9.99773681e-01
-9.99752462e-01
-9.99721885e-01
-9.99681830e-01
-9.99632418e-01
-9.99573529e-01
-9.99505222e-01
-9.99427438e-01
-9.99340296e-01
-9.99243736e-01
-9.99137819e-01
-9.99022424e-01
-9.98897612e-01
-9.98763382e-01
-9.98619795e-01
-9.98466730e-01
-9.98304307e-01
-9.98132408e-01
-9.97951150e-01
-9.97760475e-01
-9.97560441e-01
-9.97350931e-01
-9.97132123e-01
-9.96903837e-01
-9.96666193e-01
-9.96419132e-01
-9.96162713e-01
-9.95896876e-01
-9.95621741e-01
-9.95337248e-01
-9.95043397e-01
-9.94740188e-01
-9.94427621e-01
-9.94105697e-01
-9.93774414e-01
-9.93433774e-01
-9.93083775e-01
-9.92724419e-01
-9.92355704e-01
-9.91977632e-01
-9.91590202e-01
-9.91193414e-01
-9.90787268e-01
-9.90371764e-01
-9.89946902e-01
-9.89512682e-01
-9.89069104e-01
-9.88616168e-01
-9.88153934e-01
-9.87682343e-01
-9.87201512e-01
-9.86711323e-01
-9.86211836e-01
-9.85703111e-01
-9.85185087e-01
-9.84657824e-01
-9.84121323e-01
-9.83575583e-01
-9.83020604e-01
-9.82456386e-01
-9.81882870e-01
-9.81300175e-01
-9.80708182e-01
-9.80107009e-01
-9.79496539e-01
-9.78876889e-01
-9.78247941e-01
-9.77609813e-01
-9.76962388e-01
-9.76305783e-01
-9.75639880e-01
-9.74964797e-01
-9.74280417e-01
-9.73586917e-01
-9.72884238e-01
-9.72172499e-01
-9.71451581e-01
-9.70721602e-01
-9.69982445e-01
-9.69234228e-01
-9.68476832e-01
-9.67710376e-01
-9.66934741e-01
-9.66150045e-01
-9.65356231e-01
-9.64553297e-01
-9.63741243e-01
-9.62920070e-01
-9.62089777e-01
-9.61250365e-01
-9.60401893e-01
-9.59544480e-01
-9.58678007e-01
-9.57802594e-01
-9.56918120e-01
-9.56024706e-01
-9.55122232e-01
-9.54210818e-01
-9.53290343e-01
-9.52360928e-01
-9.51422453e-01
-9.50475037e-01
-9.49518561e-01
-9.48553145e-01
-9.47578788e-01
-9.46595609e-01
-9.45603490e-01
-9.44602549e-01
-9.43592668e-01
-9.42573965e-01
-9.41546321e-01
-9.40509856e-01
-9.39464450e-01
-9.38410223e-01
-9.37347054e-01
-9.36275005e-01
-9.35194135e-01
-9.34104562e-01
-9.33006167e-01
-9.31899071e-01
-9.30783153e-01
-9.29658532e-01
-9.28525090e-01
-9.27382946e-01
-9.26231980e-01
-9.25072312e-01
-9.23903823e-01
-9.22726631e-01
-9.21540737e-01
-9.20346260e-01
-9.19143140e-01
-9.17931378e-01
-9.16710973e-01
-9.15481925e-01
-9.14244235e-01
-9.12997901e-01
-9.11742926e-01
-9.10479307e-01
-9.09207165e-01
-9.07926500e-01
-9.06637311e-01
-9.05339599e-01
-9.04033363e-01
-9.02718604e-01
-9.01395321e-01
-9.00063515e-01
-8.98723185e-01
-8.97374332e-01
-8.96017134e-01
-8.94651473e-01
-8.93277466e-01
-8.91894996e-01
-8.90504181e-01
-8.89104903e-01
-8.87697220e-01
-8.86281133e-01
-8.84856641e-01
-8.83423865e-01
-8.81982863e-01
-8.80533516e-01
-8.79075944e-01
-8.77610028e-01
-8.76135886e-01
-8.74653399e-01
-8.73162687e-01
-8.71663690e-01
-8.70156586e-01
-8.68641257e-01
-8.67117822e-01
-8.65586162e-01
-8.64046395e-01
-8.62498403e-01
-8.60942245e-01
-8.59377980e-01
-8.57805610e-01
-8.56225252e-01
-8.54636788e-01
-8.53040338e-01
-8.51435781e-01
-8.49823236e-01
-8.48202586e-01
-8.46573949e-01
-8.44937325e-01
-8.43292832e-01
-8.41640413e-01
-8.39980066e-01
-8.38311791e-01
-8.36635590e-01
-8.34951460e-01
-8.33259463e-01
-8.31559658e-01
-8.29852045e-01
-8.28136683e-01
-8.26413453e-01
-8.24682474e-01
-8.22943628e-01
-8.21197033e-01
-8.19442689e-01
-8.17680717e-01
-8.15910995e-01
-8.14133644e-01
-8.12348604e-01
-8.10555875e-01
-8.08755457e-01
-8.06947470e-01
-8.05131912e-01
-8.03308725e-01
-8.01478028e-01
-7.99639702e-01
-7.97793865e-01
-7.95940399e-01
-7.94079542e-01
-7.92211235e-01
-7.90335476e-01
-7.88452268e-01
-7.86561608e-01
-7.84663498e-01
-7.82757998e-01
-7.80845165e-01
-7.78924942e-01
-7.76997447e-01
-7.75062561e-01
-7.73120403e-01
-7.71170855e-01
-7.69214153e-01
-7.67250180e-01
-7.65279055e-01
-7.63300657e-01
-7.61315107e-01
-7.59322345e-01
-7.57322371e-01
-7.55315363e-01
-7.53301203e-01
-7.51280010e-01
-7.49251664e-01
-7.47216284e-01
-7.45173752e-01
-7.43124306e-01
-7.41067827e-01
-7.39004433e-01
-7.36934006e-01
-7.34856665e-01
-7.32772350e-01
-7.30681181e-01
-7.28583157e-01
-7.26478219e-01
-7.24366486e-01
-7.22247839e-01
-7.20122397e-01
-7.17990160e-01
-7.15851247e-01
-7.13705599e-01
-7.11553216e-01
-7.09394097e-01
-7.07228243e-01
-7.05055773e-01
-7.02876687e-01
-7.00690985e-01
-6.98498607e-01
-6.96299672e-01
-6.94094121e-01
-6.91882133e-01
-6.89663589e-01
-6.87438548e-01
-6.85207009e-01
-6.82968974e-01
-6.80724561e-01
-6.78473771e-01
-6.76216602e-01
-6.73953056e-01
-6.71683133e-01
-6.69406772e-01
-6.67124212e-01
-6.64835393e-01
-6.62540317e-01
-6.60238981e-01
-6.57931387e-01
-6.55617595e-01
-6.53297663e-01
-6.50971591e-01
-6.48639321e-01
-6.46300972e-01
-6.43956423e-01
-6.41605914e-01
-6.39249384e-01
-6.36886835e-01
-6.34518266e-01
-6.32143676e-01
-6.29763186e-01
-6.27376795e-01
-6.24984503e-01
-6.22586250e-01
-6.20182157e-01
-6.17772162e-01
-6.15356445e-01
-6.12934887e-01
-6.10507548e-01
-6.08074427e-01
-6.05635583e-01
-6.03191018e-01
-6.00740850e-01
-5.98284960e-01
-5.95823467e-01
-5.93356252e-01
-5.90883553e-01
-5.88405252e-01
-5.85921466e-01
-5.83432078e-01
-5.80937147e-01
-5.78436792e-01
-5.75931072e-01
-5.73419869e-01
-5.70903301e-01
-5.68381250e-01
-5.65853953e-01
-5.63321292e-01
-5.60783386e-01
-5.58240116e-01
-5.55691600e-01
-5.53137839e-01
-5.50578952e-01
-5.48014820e-01
-5.45445561e-01
-5.42871058e-01
-5.40291548e-01
-5.37706912e-01
-5.35117269e-01
-5.32522500e-01
-5.29922664e-01
-5.27317941e-01
-5.24708211e-01
-5.22093594e-01
-5.19473970e-01
-5.16849458e-01
-5.14220059e-01
-5.11585891e-01
-5.08946836e-01
-5.06303012e-01
-5.03654361e-01
-5.01001000e-01
-4.98342931e-01
-4.95680153e-01
-4.93012726e-01
-4.90340680e-01
-4.87664014e-01
-4.84982729e-01
-4.82296884e-01
-4.79606479e-01
-4.76911575e-01
-4.74212170e-01
-4.71508294e-01
-4.68799978e-01
-4.66087222e-01
-4.63370085e-01
-4.60648596e-01
-4.57922757e-01
-4.55192596e-01
-4.52458173e-01
-4.49719489e-01
-4.46976572e-01
-4.44229424e-01
-4.41478103e-01
-4.38722610e-01
-4.35963005e-01
-4.33199286e-01
-4.30431485e-01
-4.27659601e-01
-4.24883723e-01
-4.22103792e-01
-4.19319928e-01
-4.16532069e-01
-4.13740337e-01
-4.10944670e-01
-4.08145189e-01
-4.05341834e-01
-4.02534634e-01
-3.99723679e-01
-3.96908909e-01
-3.94090444e-01
-3.91268224e-01
-3.88442367e-01
-3.85612816e-01
-3.82779658e-01
-3.79942864e-01
-3.77102494e-01
-3.74258578e-01
-3.71411115e-01
-3.68560165e-01
-3.65705758e-01
-3.62847894e-01
-3.59986603e-01
-3.57121915e-01
-3.54253858e-01
-3.51382494e-01
-3.48507822e-01
-3.45629871e-01
-3.42748642e-01
-3.39864165e-01
-3.36976498e-01
-3.34085673e-01
-3.31191689e-01
-3.28294575e-01
-3.25394392e-01
-3.22491139e-01
-3.19584876e-01
-3.16675603e-01
-3.13763320e-01
-3.10848087e-01
-3.07929873e-01
-3.05008799e-01
-3.02084863e-01
-2.99158067e-01
-2.96228409e-01
-2.93296009e-01
-2.90360868e-01
-2.87422985e-01
-2.84482360e-01
-2.81539083e-01
-2.78593153e-01
-2.75644571e-01
-2.72693425e-01
-2.69739658e-01
-2.66783386e-01
-2.63824582e-01
-2.60863274e-01
-2.57899523e-01
-2.54933357e-01
-2.51964778e-01
-2.48993844e-01
-2.46020555e-01
-2.43044958e-01
-2.40067080e-01
-2.37086952e-01
-2.34104589e-01
-2.31120020e-01
-2.28133261e-01
-2.25144342e-01
-2.22153306e-01
-2.19160169e-01
-2.16164947e-01
-2.13167712e-01
-2.10168451e-01
-2.07167208e-01
-2.04164028e-01
-2.01158911e-01
-1.98151901e-01
-1.95143029e-01
-1.92132324e-01
-1.89119816e-01
-1.86105520e-01
-1.83089480e-01
-1.80071726e-01
-1.77052274e-01
-1.74031168e-01
-1.71008423e-01
-1.67984053e-01
-1.64958104e-01
-1.61930591e-01
-1.58901528e-01
-1.55870989e-01
-1.52838960e-01
-1.49805501e-01
-1.46770611e-01
-1.43734351e-01
-1.40696734e-01
-1.37657791e-01
-1.34617552e-01
-1.31576061e-01
-1.28533304e-01
-1.25489354e-01
-1.22444227e-01
-1.19397946e-01
-1.16350539e-01
-1.13302037e-01
-1.10252470e-01
-1.07201867e-01
-1.04150258e-01
-1.01097673e-01
-9.80441421e-02
-9.49896872e-02
-9.19343382e-02
-8.88781175e-02
-8.58210549e-02
-8.27631950e-02
-7.97045678e-02
-7.66452327e-02
-7.35852346e-02
-7.05246702e-02
-6.74636364e-02
-6.44022822e-02
-6.13408200e-02
-5.82795590e-02
-5.52189089e-02
-5.21594323e-02
-4.91018593e-02
-4.60471250e-02
-4.29963842e-02
-3.99510115e-02
-3.69125903e-02
-3.38828526e-02
-3.08636092e-02
-2.78566387e-02
-2.48635449e-02
-2.18856111e-02
-1.89236365e-02
-1.59777906e-02
-1.30475117e-02
-1.01314401e-02
-7.22742546e-03
-4.33260575e-03
-1.44354755e-03
1.44354755e-03
4.33260575e-03
