-8.13991879e-04
-5.34223451e-04
8.95256642e-04
3.32389725e-03
6.09755423e-03
9.20954067e-03
1.22774756e-02
1.53466277e-02
1.84156355e-02
2.14844681e-02
2.45530996e-02
2.76215002e-02
3.06896400e-02
3.37574929e-02
3.68250236e-02
3.98922078e-02
4.29590195e-02
4.60254252e-02
4.90913950e-02
5.21569028e-02
5.52219190e-02
5.82864210e-02
6.13503680e-02
6.44137412e-02
6.74765036e-02
7.05386251e-02
7.36000910e-02
7.66608566e-02
7.97209069e-02
8.27802047e-02
8.58387202e-02
8.88964236e-02
9.19532925e-02
9.50092971e-02
9.80644077e-02
1.01118594e-01
1.04171820e-01
1.07224070e-01
1.10275321e-01
1.13325521e-01
1.16374657e-01
1.19422682e-01
1.22469604e-01
1.25515357e-01
1.28559932e-01
1.31603301e-01
1.34645432e-01
1.37686282e-01
1.40725836e-01
1.43764064e-01
1.46800950e-01
1.49836451e-01
1.52870536e-01
1.55903175e-01
1.58934340e-01
1.61964014e-01
1.64992169e-01
1.68018773e-01
1.71043783e-01
1.74067184e-01
1.77088946e-01
1.80109039e-01
1.83127448e-01
1.86144099e-01
1.89159021e-01
1.92172155e-01
1.95183486e-01
1.98192969e-01
2.01200590e-01
2.04206303e-01
2.07210109e-01
2.10211962e-01
2.13211820e-01
2.16209695e-01
2.19205499e-01
2.22199246e-01
2.25190923e-01
2.28180453e-01
2.31167838e-01
2.34153062e-01
2.37136066e-01
2.40116835e-01
2.43095353e-01
2.46071577e-01
2.49045461e-01
2.52017021e-01
2.54986197e-01
2.57952988e-01
2.60917336e-01
2.63879210e-01
2.66838610e-01
2.69795507e-01
2.72749841e-01
2.75701612e-01
2.78650820e-01
2.81597376e-01
2.84541279e-01
2.87482470e-01
2.90420979e-01
2.93356776e-01
2.96289802e-01
2.99219996e-01
3.02147388e-01
3.05071950e-01
3.07993650e-01
3.10912430e-01
3.13828260e-01
3.16741168e-01
3.19651067e-01
3.22557986e-01
3.25461835e-01
3.28362644e-01
3.31260324e-01
3.34154904e-01
3.37046325e-01
3.39934558e-01
3.42819631e-01
3.45701456e-01
3.48580003e-01
3.51455301e-01
3.54327261e-01
3.57195884e-01
3.60061169e-01
3.62923026e-01
3.65781456e-01
3.68636459e-01
3.71488005e-01
3.74336034e-01
3.77180547e-01
3.80021483e-01
3.82858872e-01
3.85692656e-01
3.88522774e-01
3.91349256e-01
3.94172013e-01
3.96991104e-01
3.99806440e-01
4.02617961e-01
4.05425727e-01
4.08229709e-01
4.11029816e-01
4.13826019e-01
4.16618377e-01
4.19406772e-01
4.22191232e-01
4.24971700e-01
4.27748173e-01
4.30520654e-01
4.33289021e-01
4.36053336e-01
4.38813537e-01
4.41569597e-01
4.44321513e-01
4.47069198e-01
4.49812680e-01
4.52551961e-01
4.55286950e-01
4.58017677e-01
4.60744083e-01
4.63466138e-01
4.66183841e-01
4.68897104e-01
4.71605986e-01
4.74310428e-01
4.77010399e-01
4.79705900e-01
4.82396841e-01
4.85083252e-01
4.87765074e-01
4.90442336e-01
4.93114948e-01
4.95782912e-01
4.98446196e-01
5.01104832e-01
5.03758729e-01
5.06407857e-01
5.09052217e-01
5.11691809e-01
5.14326572e-01
5.16956508e-01
5.19581497e-01
5.22201657e-01
5.24816871e-01
5.27427197e-01
5.30032456e-01
5.32632768e-01
5.35228074e-01
5.37818372e-01
5.40403545e-01
5.42983651e-01
5.45558572e-01
5.48128426e-01
5.50693095e-01
5.53252637e-01
5.55806875e-01
5.58355927e-01
5.60899675e-01
5.63438177e-01
5.65971375e-01
5.68499207e-01
5.71021676e-01
5.73538840e-01
5.76050520e-01
5.78556836e-01
5.81057668e-01
5.83553016e-01
5.86042881e-01
5.88527203e-01
5.91005981e-01
5.93479276e-01
5.95946848e-01
5.98408878e-01
6.00865245e-01
6.03316009e-01
6.05761051e-01
6.08200371e-01
6.10633969e-01
6.13061845e-01
6.15483880e-01
6.17900133e-01
6.20310664e-01
6.22715235e-01
6.25113964e-01
6.27506793e-01
6.29893720e-01
6.32274747e-01
6.34649754e-01
6.37018859e-01
6.39381945e-01
6.41739011e-01
6.44089997e-01
6.46434903e-01
6.48773730e-01
6.51106477e-01
6.53433025e-01
6.55753434e-01
6.58067703e-01
6.60375774e-01
6.62677586e-01
6.64973199e-01
6.67262554e-01
6.69545591e-01
6.71822309e-01
6.74092650e-01
6.76356733e-01
6.78614378e-01
6.80865705e-01
6.83110535e-01
6.85348988e-01
6.87580943e-01
6.89806461e-01
6.92025483e-01
6.94237947e-01
6.96443915e-01
6.98643267e-01
7.00836062e-01
7.03022242e-01
7.05201805e-01
7.07374752e-01
7.09540963e-01
7.11700559e-01
7.13853419e-01
7.15999603e-01
7.18138933e-01
7.20271587e-01
7.22397387e-01
7.24516451e-01
7.26628661e-01
7.28734016e-01
7.30832517e-01
7.32924163e-01
7.35008895e-01
7.37086654e-01
7.39157498e-01
7.41221368e-01
7.43278265e-01
7.45328128e-01
7.47370958e-01
7.49406815e-01
7.51435578e-01
7.53457308e-01
7.55471885e-01
7.57479310e-01
7.59479642e-01
7.61472821e-01
7.63458848e-01
7.65437663e-01
7.67409265e-01
7.69373655e-01
7.71330774e-01
7.73280621e-01
7.75223196e-01
7.77158439e-01
7.79086351e-01
7.81006992e-01
7.82920182e-01
7.84826040e-01
7.86724567e-01
7.88615644e-01
7.90499210e-01
7.92375386e-01
7.94244111e-01
7.96105325e-01
7.97959030e-01
7.99805284e-01
8.01643908e-01
8.03475082e-01
8.05298686e-01
8.07114661e-01
8.08923006e-01
8.10723722e-01
8.12516809e-01
8.14302266e-01
8.16080034e-01
8.17850173e-01
8.19612563e-01
8.21367204e-01
8.23114097e-01
8.24853241e-01
8.26584697e-01
8.28308284e-01
8.30024064e-01
8.31732094e-01
8.33432257e-01
8.35124552e-01
8.36808980e-01
8.38485479e-01
8.40154111e-01
8.41814876e-01
8.43467653e-01
8.45112503e-01
8.46749425e-01
8.48378301e-01
8.49999249e-01
8.51612151e-01
8.53217006e-01
8.54813874e-01
8.56402636e-01
8.57983410e-01
8.59556019e-01
8.61120522e-01
8.62676978e-01
8.64225268e-01
8.65765452e-01
8.67297471e-01
8.68821323e-01
8.70336950e-01
8.71844411e-01
8.73343647e-01
8.74834597e-01
8.76317382e-01
8.77791882e-01
8.79258096e-01
8.80716085e-01
8.82165730e-01
8.83607090e-01
8.85040045e-01
8.86464715e-01
8.87881041e-01
8.89289021e-01
8.90688598e-01
8.92079771e-01
8.93462539e-01
8.94836962e-01
8.96202922e-01
8.97560418e-01
8.98909450e-01
9.00250018e-01
9.01582122e-01
9.02905703e-01
9.04220760e-01
9.05527294e-01
9.06825364e-01
9.08114791e-01
9.09395754e-01
9.10668075e-01
9.11931872e-01
9.13187087e-01
9.14433658e-01
9.15671647e-01
9.16900992e-01
9.18121755e-01
9.19333816e-01
9.20537174e-01
9.21731889e-01
9.22917962e-01
9.24095333e-01
9.25263941e-01
9.26423907e-01
9.27575052e-01
9.28717554e-01
9.29851234e-01
9.30976152e-01
9.32092309e-01
9.33199704e-01
9.34298337e-01
9.35388148e-01
9.36469138e-01
9.37541246e-01
9.38604593e-01
9.39659059e-01
9.40704703e-01
9.41741467e-01
9.42769349e-01
9.43788350e-01
9.44798470e-01
9.45799708e-01
9.46792006e-01
9.47775424e-01
9.48749900e-01
9.49715376e-01
9.50671971e-01
9.51619565e-01
9.52558219e-01
9.53487873e-01
9.54408586e-01
9.55320239e-01
9.56222951e-01
9.57116663e-01
9.58001316e-01
9.58876967e-01
9.59743559e-01
9.60601151e-01
9.61449623e-01
9.62289095e-01
9.63119507e-01
9.63940859e-01
9.64753091e-01
9.65556204e-01
9.66350257e-01
9.67135251e-01
9.67911065e-01
9.68677819e-01
9.69435394e-01
9.70183909e-01
9.70923185e-01
9.71653342e-01
9.72374320e-01
9.73086178e-01
9.73788857e-01
9.74482358e-01
9.75166738e-01
9.75841880e-01
9.76507843e-01
9.77164507e-01
9.77812052e-01
9.78450418e-01
9.79079545e-01
9.79699373e-01
9.80310023e-01
9.80911434e-01
9.81503665e-01
9.82086599e-01
9.82660234e-01
9.83224630e-01
9.83779848e-01
9.84325707e-01
9.84862328e-01
9.85389650e-01
9.85907733e-01
9.86416459e-01
9.86915886e-01
9.87406075e-01
9.87886965e-01
9.88358498e-01
9.88820732e-01
9.89273727e-01
9.89717305e-01
9.90151584e-01
9.90576506e-01
9.90992129e-01
9.91398454e-01
9.91795361e-01
9.92182970e-01
9.92561221e-01
9.92930174e-01
9.93289649e-01
9.93639886e-01
9.93980706e-01
9.94312167e-01
9.94634271e-01
9.94946957e-01
9.95250344e-01
9.95544314e-01
9.95828867e-01
9.96104121e-01
9.96369958e-01
9.96626377e-01
9.96873379e-01
9.97111022e-01
9.97339368e-01
9.97558236e-01
9.97767687e-01
9.97967720e-01
9.98158395e-01
9.98339653e-01
9.98511434e-01
9.98673916e-01
9.98826981e-01
9.98970628e-01
9.99104857e-01
9.99229610e-01
9.99345005e-01
9.99450982e-01
9.99547541e-01
9.99634683e-01
9.99712408e-01
9.99780655e-01
9.99839544e-01
9.99889016e-01
9.99929130e-01
9.99959707e-01
9.99980927e-01
9.99992728e-01
9.99995053e-01
9.99987960e-01
9.99971509e-01
9.99945521e-01
9.99910235e-01
9.99865532e-01
9.99811292e-01
9.99747753e-01
9.99674737e-01
9.99592304e-01
9.99500453e-01
9.99399185e-01
9.99288499e-01
9.99168396e-01
9.99038935e-01
9.98899996e-01
9.98751640e-01
9.98593926e-01
9.98426795e-01
9.98250186e-01
9.98064280e-01
9.97868896e-01
9.97664094e-01
9.97449934e-01
9.97226417e-01
9.96993423e-01
9.96751070e-01
9.96499300e-01
9.96238172e-01
9.95967686e-01
9.95687783e-01
9.95398521e-01
9.95099843e-01
9.94791806e-01
9.94474351e-01
9.94147658e-01
9.93811488e-01
9.93465960e-01
9.93111074e-01
9.92746830e-01
9.92373288e-01
9.91990328e-01
9.91598070e-01
9.91196454e-01
9.90785480e-01
9.90365207e-01
9.89935577e-01
9.89496708e-01
9.89048362e-01
9.88590837e-01
9.88123894e-01
9.87647653e-01
9.87162173e-01
9.86667335e-01
9.86163259e-01
9.85649824e-01
9.85127151e-01
9.84595180e-01
9.84053910e-01
9.83503342e-01
9.82943594e-01
9.82374549e-01
9.81796265e-01
9.81208682e-01
9.80611920e-01
9.80005860e-01
9.79390621e-01
9.78766084e-01
9.78132367e-01
9.77489412e-01
9.76837337e-01
9.76176023e-01
9.75505412e-01
9.74825680e-01
9.74136770e-01
9.73438680e-01
9.72731352e-01
9.72014964e-01
9.71289396e-01
9.70554650e-01
9.69810784e-01
9.69057739e-01
9.68295574e-01
9.67524290e-01
9.66743886e-01
9.65954423e-01
9.65155780e-01
9.64348137e-01
9.63531315e-01
9.62705433e-01
9.61870551e-01
9.61026549e-01
9.60173547e-01
9.59311426e-01
9.58440304e-01
9.57560122e-01
9.56670940e-01
9.55772758e-01
9.54865515e-01
9.53949392e-01
9.53024149e-01
9.52090025e-01
9.51146901e-01
9.50194776e-01
9.49233711e-01
9.48263764e-01
9.47284818e-01
9.46296930e-01
9.45300162e-01
9.44294572e-01
9.43279982e-01
9.42256510e-01
9.41224158e-01
9.40182984e-01
9.39132929e-01
9.38074052e-01
9.37006295e-01
9.35929656e-01
9.34844315e-01
9.33750093e-01
9.32647109e-01
9.31535304e-01
9.30414796e-01
9.29285467e-01
9.28147376e-01
9.27000582e-01
9.25844967e-01
9.24680710e-01
9.23507750e-01
9.22326028e-01
9.21135664e-01
9.19936597e-01
9.18728828e-01
9.17512476e-01
9.16287482e-01
9.15053785e-01
9.13811505e-01
9.12560582e-01
9.11301076e-01
9.10033047e-01
9.08756375e-01
9.07471180e-01
9.06177402e-01
9.04875100e-01
9.03564274e-01
9.02244925e-01
9.00917053e-01
8.99580777e-01
8.98235917e-01
8.96882713e-01
8.95520985e-01
8.94150853e-01
8.92772257e-01
8.91385257e-01
8.89989853e-01
8.88586104e-01
8.87173951e-01
8.85753453e-01
8.84324610e-01
8.82887423e-01
8.81441891e-01
8.79988134e-01
8.78526032e-01
8.77055705e-01
8.75577033e-01
8.74090135e-01
8.72595012e-01
8.71091723e-01
8.69580150e-01
8.68060410e-01
8.66532505e-01
8.64996374e-01
8.63452137e-01
8.61899793e-01
8.60339344e-01
8.58770728e-01
8.57194066e-01
8.55609298e-01
8.54016483e-01
8.52415562e-01
8.50806653e-01
8.49189758e-01
8.47564876e-01
8.45931947e-01
8.44291091e-01
8.42642248e-01
8.40985477e-01
8.39320779e-01
8.37648213e-01
8.35967720e-01
8.34279358e-01
8.32583189e-01
8.30879092e-01
8.29167187e-01
8.27447474e-01
8.25719953e-01
8.23984683e-01
8.22241664e-01
8.20490897e-01
8.18732321e-01
8.16966116e-01
8.15192163e-01
8.13410580e-01
8.11621308e-01
8.09824347e-01
8.08019817e-01
8.06207597e-01
8.04387867e-01
8.02560508e-01
8.00725639e-01
7.98883140e-01
7.97033131e-01
7.95175672e-01
7.93310702e-01
7.91438282e-01
7.89558351e-01
7.87670970e-01
7.85776198e-01
7.83874035e-01
7.81964540e-01
7.80047596e-01
7.78123319e-01
7.76191711e-01
7.74252772e-01
7.72306621e-01
7.70353138e-01
7.68392384e-01
7.66424358e-01
7.64449120e-01
7.62466729e-01
7.60477126e-01
7.58480430e-01
7.56476521e-01
7.54465520e-01
7.52447367e-01
7.50422120e-01
7.48389840e-01
7.46350467e-01
7.44304121e-01
7.42250741e-01
7.40190327e-01
7.38122940e-01
7.36048639e-01
7.33967364e-01
7.31879234e-01
7.29784191e-01
7.27682233e-01
7.25573421e-01
7.23457813e-01
7.21335411e-01
7.19206154e-01
7.17070162e-01
7.14927375e-01
7.12777853e-01
7.10621595e-01
7.08458662e-01
7.06289053e-01
7.04112828e-01
7.01929986e-01
6.99740469e-01
6.97544396e-01
6.95341766e-01
6.93132579e-01
6.90916836e-01
6.88694537e-01
6.86465800e-01
6.84230626e-01
6.81988955e-01
6.79740846e-01
6.77486420e-01
6.75225556e-01
6.72958314e-01
6.70684755e-01
6.68404818e-01
6.66118622e-01
6.63826227e-01
6.61527514e-01
6.59222543e-01
6.56911373e-01
6.54594064e-01
6.52270555e-01
6.49940848e-01
6.47605121e-01
6.45263195e-01
6.42915249e-01
6.40561223e-01
6.38201177e-01
6.35835111e-01
6.33463025e-01
6.31084979e-01
6.28701031e-01
6.26311123e-01
6.23915315e-01
6.21513724e-01
6.19106174e-01
6.16692781e-01
6.14273608e-01
6.11848652e-01
6.09417915e-01
6.06981456e-01
6.04539275e-01
6.02091312e-01
5.99637806e-01
5.97178578e-01
5.94713807e-01
5.92243373e-01
5.89767337e-01
5.87285757e-01
5.84798634e-01
5.82306027e-01
5.79807937e-01
5.77304363e-01
5.74795365e-01
5.72280943e-01
5.69761157e-01
5.67235947e-01
5.64705491e-01
5.62169611e-01
5.59628487e-01
5.57082057e-01
5.54530382e-01
5.51973522e-01
5.49411476e-01
5.46844184e-01
5.44271767e-01
5.41694283e-01
5.39111614e-01
5.36523879e-01
5.33931077e-01
5.31333268e-01
5.28730512e-01
5.26122689e-01
5.23509920e-01
5.20892203e-01
5.18269658e-01
5.15642166e-01
5.13009846e-01
5.10372639e-01
5.07730663e-01
5.05083919e-01
5.02432406e-01
4.99776155e-01
4.97115195e-01
4.94449556e-01
4.91779238e-01
4.89104301e-01
4.86424774e-01
4.83740628e-01
4.81051952e-01
4.78358746e-01
4.75661010e-01
4.72958833e-01
4.70252156e-01
4.67541039e-01
4.64825541e-01
4.62105691e-01
4.59381461e-01
4.56652910e-01
4.53920037e-01
4.51182872e-01
4.48441476e-01
4.45695877e-01
4.42946076e-01
4.40192103e-01
4.37433958e-01
4.34671700e-01
4.31905359e-01
4.29134965e-01
4.26360488e-01
4.23581988e-01
4.20799524e-01
4.18013096e-01
4.15222734e-01
4.12428439e-01
4.09630269e-01
4.06828225e-01
4.04022396e-01
4.01212692e-01
3.98399234e-01
3.95582050e-01
3.92761111e-01
3.89936477e-01
3.87108177e-01
3.84276241e-01
3.81440669e-01
3.78601491e-01
3.75758767e-01
3.72912496e-01
3.70062709e-01
3.67209435e-01
3.64352673e-01
3.61492515e-01
3.58628958e-01
3.55762005e-01
3.52891713e-01
3.50018084e-01
3.47141147e-01
3.44260961e-01
3.41377527e-01
3.38490874e-01
3.35601032e-01
3.32708031e-01
3.29811871e-01
3.26912612e-01
3.24010313e-01
3.21104914e-01
3.18196505e-01
3.15285116e-01
3.12370718e-01
3.09453428e-01
3.06533188e-01
3.03610057e-01
3.00684094e-01
2.97755271e-01
2.94823676e-01
2.91889250e-01
2.88952112e-01
2.86012232e-01
2.83069670e-01
2.80124456e-01
2.77176589e-01
2.74226069e-01
2.71273017e-01
2.68317401e-01
2.65359253e-01
2.62398601e-01
2.59435505e-01
2.56469935e-01
2.53501952e-01
2.50531554e-01
2.47558832e-01
2.44583771e-01
2.41606414e-01
2.38626763e-01
2.35644862e-01
2.32660756e-01
2.29674444e-01
2.26685986e-01
2.23695368e-01
2.20702663e-01
2.17707887e-01
2.14711040e-01
2.11712167e-01
2.08711311e-01
2.05708489e-01
2.02703714e-01
1.99697047e-01
1.96688488e-01
1.93678081e-01
1.90665841e-01
1.87651813e-01
1.84636012e-01
1.81618482e-01
1.78599238e-01
1.75578311e-01
1.72555715e-01
1.69531494e-01
1.66505694e-01
1.63478315e-01
1.60449401e-01
1.57418981e-01
1.54387057e-01
1.51353702e-01
1.48318902e-01
1.45282701e-01
1.42245144e-01
1.39206246e-01
1.36166036e-01
1.33124545e-01
1.30081803e-01
1.27037823e-01
1.23992659e-01
1.20946318e-01
1.17898837e-01
1.14850253e-01
1.11800574e-01
1.08749859e-01
1.05698109e-01
1.02645360e-01
9.95916501e-02
9.65370014e-02
9.34814438e-02
9.04250070e-02
8.73677135e-02
8.43095928e-02
8.12506825e-02
7.81910047e-02
7.51305968e-02
7.20694736e-02
6.90076798e-02
6.59452304e-02
6.28821552e-02
5.98184951e-02
5.67542687e-02
5.36895059e-02
5.06242402e-02
4.75584939e-02
4.44923043e-02
4.14256938e-02
3.83586921e-02
3.52913290e-02
3.22236344e-02
2.91556362e-02
2.60873605e-02
2.30188407e-02
1.99501049e-02
1.68811809e-02
1.38120977e-02
1.07428841e-02
7.67356949e-03
4.60418267e-03
1.53475220e-03
-1.53469259e-03
-4.60412307e-03
-7.67350988e-03
-1.07428245e-02
-1.38120372e-02
-1.68811213e-02
-1.99500453e-02
-2.30187811e-02
-2.60873009e-02
-2.91555747e-02
-3.22235748e-02
-3.52912694e-02
-3.83586325e-02
-4.14256342e-02
-4.44922447e-02
-4.75584380e-02
-5.06241843e-02
-5.36894500e-02
-5.67542091e-02
-5.98184355e-02
-6.28820956e-02
-6.59451708e-02
-6.90076202e-02
-7.20694140e-02
-7.51305372e-02
-7.81909451e-02
-8.12506303e-02
-8.43095332e-02
-8.73676538e-02
-9.04249474e-02
-9.34813842e-02
-9.65369418e-02
-9.95915905e-02
-1.02645300e-01
-1.05698049e-01
-1.08749799e-01
-1.11800522e-01
-1.14850186e-01
-1.17898777e-01
-1.20946258e-01
-1.23992600e-01
-1.27037764e-01
-1.30081743e-01
-1.33124486e-01
-1.36165977e-01
-1.39206186e-01
-1.42245084e-01
-1.45282641e-01
-1.48318842e-01
-1.51353627e-01
-1.54386997e-01
-1.57418922e-01
-1.60449341e-01
-1.63478255e-01
-1.66505635e-01
-1.69531450e-01
-1.72555655e-01
-1.75578237e-01
-1.78599179e-01
-1.81618422e-01
-1.84635952e-01
-1.87651753e-01
-1.90665796e-01
-1.93678021e-01
-1.96688429e-01
-1.99696988e-01
-2.02703655e-01
-2.05708429e-01
-2.08711252e-01
-2.11712122e-01
-2.14710981e-01
-2.17707828e-01
-2.20702603e-01
-2.23695323e-01
-2.26685926e-01
-2.29674399e-01
-2.32660696e-01
-2.35644817e-01
-2.38626704e-01
-2.41606355e-01
-2.44583711e-01
-2.47558773e-01
-2.50531524e-01
-2.53501862e-01
-2.56469876e-01
-2.59435415e-01
-2.62398571e-01
-2.65359193e-01
-2.68317342e-01
-2.71272957e-01
-2.74226010e-01
-2.77176529e-01
-2.80124396e-01
-2.83069640e-01
-2.86012203e-01
-2.88952053e-01
-2.91889220e-01
-2.94823617e-01
-2.97755212e-01
-3.00684035e-01
-3.03609997e-01
-3.06533128e-01
-3.09453368e-01
-3.12370688e-01
-3.15285057e-01
-3.18196476e-01
-3.21104884e-01
-3.24010253e-01
-3.26912582e-01
-3.29811811e-01
-3.32707971e-01
-3.35600972e-01
-3.38490814e-01
-3.41377467e-01
-3.44260901e-01
-3.47141087e-01
-3.50018024e-01
-3.52891654e-01
-3.55761945e-01
-3.58628899e-01
-3.61492485e-01
-3.64352643e-01
-3.67209375e-01
-3.70062649e-01
-3.72912437e-01
-3.75758708e-01
-3.78601432e-01
-3.81440610e-01
-3.84276181e-01
-3.87108117e-01
-3.89936417e-01
-3.92761052e-01
-3.95581990e-01
-3.98399174e-01
-4.01212662e-01
-4.04022306e-01
-4.06828165e-01
-4.09630209e-01
-4.12428379e-01
-4.15222675e-01
-4.18013036e-01
-4.20799464e-01
-4.23581958e-01
-4.26360428e-01
-4.29134876e-01
-4.31905299e-01
-4.34671640e-01
-4.37433898e-01
-4.40192014e-01
-4.42946017e-01
-4.45695847e-01
-4.48441446e-01
-4.51182842e-01
-4.53919977e-01
-4.56652820e-01
-4.59381402e-01
-4.62105632e-01
-4.64825511e-01
-4.67541009e-01
-4.70252097e-01
-4.72958744e-01
-4.75660950e-01
-4.78358686e-01
-4.81051922e-01
-4.83740598e-01
-4.86424714e-01
-4.89104241e-01
-4.91779208e-01
-4.94449496e-01
-4.97115135e-01
-4.99776095e-01
-5.02432346e-01
-5.05083859e-01
-5.07730603e-01
-5.10372579e-01
-5.13009787e-01
-5.15642107e-01
-5.18269539e-01
-5.20892143e-01
-5.23509860e-01
-5.26122570e-01
-5.28730392e-01
-5.31333208e-01
-5.33931017e-01
-5.36523819e-01
-5.39111555e-01
-5.41694224e-01
-5.44271767e-01
-5.46844125e-01
-5.49411416e-01
-5.51973462e-01
-5.54530323e-01
-5.57081997e-01
-5.59628427e-01
-5.62169552e-01
-5.64705431e-01
-5.67235947e-01
-5.69761097e-01
-5.72280943e-01
-5.74795306e-01
-5.77304304e-01
-5.79807937e-01
-5.82306027e-01
-5.84798634e-01
-5.87285697e-01
-5.89767277e-01
-5.92243314e-01
-5.94713748e-01
-5.97178578e-01
-5.99637747e-01
-6.02091312e-01
-6.04539156e-01
-6.06981397e-01
-6.09417856e-01
-6.11848593e-01
-6.14273548e-01
-6.16692722e-01
-6.19106114e-01
-6.21513665e-01
-6.23915315e-01
-6.26311123e-01
-6.28700972e-01
-6.31084979e-01
-6.33462965e-01
-6.35835052e-01
-6.38201118e-01
-6.40561163e-01
-6.42915189e-01
-6.45263195e-01
-6.47605062e-01
-6.49940848e-01
-6.52270436e-01
-6.54594004e-01
-6.56911314e-01
-6.59222484e-01
-6.61527455e-01
-6.63826168e-01
-6.66118622e-01
-6.68404818e-01
-6.70684695e-01
-6.72958255e-01
-6.75225496e-01
-6.77486360e-01
-6.79740846e-01
-6.81988895e-01
-6.84230566e-01
-6.86465740e-01
-6.88694477e-01
-6.90916717e-01
-6.93132520e-01
-6.95341706e-01
-6.97544336e-01
-6.99740469e-01
-7.01929986e-01
-7.04112828e-01
-7.06289113e-01
-7.08458662e-01
-7.10621595e-01
-7.12777793e-01
-7.14927316e-01
-7.17070103e-01
-7.19206095e-01
-7.21335351e-01
-7.23457754e-01
-7.25573421e-01
-7.27682233e-01
-7.29784131e-01
-7.31879234e-01
-7.33967364e-01
-7.36048639e-01
-7.38122940e-01
-7.40190268e-01
-7.42250681e-01
-7.44304061e-01
-7.46350408e-01
-7.48389781e-01
-7.50422120e-01
-7.52447307e-01
-7.54465461e-01
-7.56476521e-01
-7.58480370e-01
-7.60477126e-01
-7.62466729e-01
-7.64449120e-01
-7.66424358e-01
-7.68392324e-01
-7.70353079e-01
-7.72306561e-01
-7.74252772e-01
-7.76191652e-01
-7.78123260e-01
-7.80047536e-01
-7.81964481e-01
-7.83874035e-01
-7.85776198e-01
-7.87670970e-01
-7.89558291e-01
-7.91438222e-01
-7.93310702e-01
-7.95175672e-01
-7.97033131e-01
-7.98883140e-01
-8.00725579e-01
-8.02560508e-01
-8.04387808e-01
-8.06207597e-01
-8.08019817e-01
-8.09824288e-01
-8.11621189e-01
-8.13410461e-01
-8.15192103e-01
-8.16966057e-01
-8.18732321e-01
-8.20490837e-01
-8.22241604e-01
-8.23984623e-01
-8.25719953e-01
-8.27447474e-01
-8.29167128e-01
-8.30879033e-01
-8.32583129e-01
-8.34279299e-01
-8.35967660e-01
-8.37648153e-01
-8.39320779e-01
-8.40985477e-01
-8.42642248e-01
-8.44291031e-01
-8.45931947e-01
-8.47564816e-01
-8.49189758e-01
-8.50806653e-01
-8.52415562e-01
-8.54016423e-01
-8.55609238e-01
-8.57194006e-01
-8.58770728e-01
-8.60339284e-01
-8.61899793e-01
-8.63452196e-01
-8.64996374e-01
-8.66532445e-01
-8.68060350e-01
-8.69580090e-01
-8.71091664e-01
-8.72595012e-01
-8.74090135e-01
-8.75576973e-01
-8.77055645e-01
-8.78525972e-01
-8.79988134e-01
-8.81441891e-01
-8.82887363e-01
-8.84324610e-01
-8.85753453e-01
-8.87173891e-01
-8.88586044e-01
-8.89989853e-01
-8.91385257e-01
-8.92772198e-01
-8.94150794e-01
-8.95520926e-01
-8.96882653e-01
-8.98235977e-01
-8.99580717e-01
-9.00917053e-01
-9.02244866e-01
-9.03564215e-01
-9.04875100e-01
-9.06177402e-01
-9.07471120e-01
-9.08756375e-01
-9.10032988e-01
-9.11301076e-01
-9.12560582e-01
-9.13811505e-01
-9.15053725e-01
-9.16287422e-01
-9.17512476e-01
-9.18728828e-01
-9.19936597e-01
-9.21135664e-01
-9.22326028e-01
-9.23507690e-01
-9.24680710e-01
-9.25844967e-01
-9.27000523e-01
-9.28147376e-01
-9.29285407e-01
-9.30414736e-01
-9.31535304e-01
-9.32647109e-01
-9.33750093e-01
-9.34844315e-01
-9.35929716e-01
-9.37006295e-01
-9.38073993e-01
-9.39132929e-01
-9.40182984e-01
-9.41224217e-01
-9.42256510e-01
-9.43279982e-01
-9.44294512e-01
-9.45300162e-01
-9.46296990e-01
-9.47284818e-01
-9.48263764e-01
-9.49233770e-01
-9.50194776e-01
-9.51146901e-01
-9.52089965e-01
-9.53024149e-01
-9.53949332e-01
-9.54865575e-01
-9.55772758e-01
-9.56670940e-01
-9.57560122e-01
-9.58440304e-01
-9.59311366e-01
-9.60173488e-01
-9.61026549e-01
-9.61870492e-01
-9.62705433e-01
-9.63531315e-01
-9.64348078e-01
-9.65155780e-01
-9.65954363e-01
-9.66743886e-01
-9.67524290e-01
-9.68295574e-01
-9.69057739e-01
-9.69810784e-01
-9.70554650e-01
-9.71289337e-01
-9.72014964e-01
-9.72731411e-01
-9.73438680e-01
-9.74136770e-01
-9.74825621e-01
-9.75505412e-01
-9.76175964e-01
-9.76837277e-01
-9.77489471e-01
-9.78132367e-01
-9.78766084e-01
-9.79390562e-01
-9.80005860e-01
-9.80611861e-01
-9.81208682e-01
-9.81796265e-01
-9.82374549e-01
-9.82943594e-01
-9.83503401e-01
-9.84053910e-01
-9.84595180e-01
-9.85127151e-01
-9.85649824e-01
-9.86163259e-01
-9.86667335e-01
-9.87162173e-01
-9.87647712e-01
-9.88123894e-01
-9.88590837e-01
-9.89048421e-01
-9.89496648e-01
-9.89935577e-01
-9.90365207e-01
-9.90785539e-01
-9.91196454e-01
-9.91598070e-01
-9.91990328e-01
-9.92373288e-01
-9.92746890e-01
-9.93111074e-01
-9.93465960e-01
-9.93811429e-01
-9.94147599e-01
-9.94474411e-01
-9.94791806e-01
-9.95099843e-01
-9.95398521e-01
-9.95687783e-01
-9.95967627e-01
-9.96238172e-01
-9.96499300e-01
-9.96751070e-01
-9.96993423e-01
-9.97226357e-01
-9.97449934e-01
-9.97664094e-01
-9.97868896e-01
-9.98064280e-01
-9.98250246e-01
-9.98426795e-01
-9.98593926e-01
-9.98751640e-01
-9.98899996e-01
-9.99038935e-01
-9.99168396e-01
-9.99288499e-01
-9.99399126e-01
-9.99500394e-01
-9.99592304e-01
-9.99674737e-01
-9.99747753e-01
-9.99811351e-01
-9.99865472e-01
-9.99910235e-01
-9.99945581e-01
-9.99971509e-01
-9.99987960e-01
-9.99995053e-01
-9.99992669e-01
-9.99980867e-01
-9.99959707e-01
-9.99929070e-01
-9.99889076e-01
-9.99839604e-01
-9.99780715e-01
-9.99712348e-01
-9.99634683e-01
-9.99547541e-01
-9.99450982e-01
-9.99345005e-01
-9.99229610e-01
-9.99104857e-01
-9.98970628e-01
-9.98826981e-01
-9.98673975e-01
-9.98511493e-01
-9.98339653e-01
-9.98158395e-01
-9.97967720e-01
-9.97767627e-01
-9.97558236e-01
-9.97339368e-01
-9.97111082e-01
-9.96873438e-01
-9.96626377e-01
-9.96369958e-01
-9.96104121e-01
-9.95828927e-01
-9.95544314e-01
-9.95250344e-01
-9.94947016e-01
-9.94634271e-01
-9.94312167e-01
-9.93980706e-01
-9.93639886e-01
-9.93289709e-01
-9.92930114e-01
-9.92561281e-01
-9.92182970e-01
-9.91795361e-01
-9.91398454e-01
-9.90992129e-01
-9.90576506e-01
-9.90151584e-01
-9.89717364e-01
-9.89273667e-01
-9.88820732e-01
-9.88358498e-01
-9.87886965e-01
-9.87406075e-01
-9.86915946e-01
-9.86416459e-01
-9.85907733e-01
-9.85389650e-01
-9.84862328e-01
-9.84325707e-01
-9.83779848e-01
-9.83224690e-01
-9.82660234e-01
-9.82086599e-01
-9.81503606e-01
-9.80911493e-01
-9.80310082e-01
-9.79699373e-01
-9.79079485e-01
-9.78450418e-01
-9.77812111e-01
-9.77164507e-01
-9.76507783e-01
-9.75841820e-01
-9.75166738e-01
-9.74482417e-01
-9.73788917e-01
-9.73086238e-01
-9.72374380e-01
-9.71653342e-01
-9.70923185e-01
-9.70183849e-01
-9.69435394e-01
-9.68677819e-01
-9.67911065e-01
-9.67135251e-01
-9.66350317e-01
-9.65556264e-01
-9.64753091e-01
-9.63940859e-01
-9.63119566e-01
-9.62289155e-01
-9.61449742e-01
-9.60601211e-01
-9.59743619e-01
-9.58877027e-01
-9.58001375e-01
-9.57116663e-01
-9.56223011e-01
-9.55320299e-01
-9.54408586e-01
-9.53487933e-01
-9.52558219e-01
-9.51619625e-01
-9.50671971e-01
-9.49715376e-01
-9.48749840e-01
-9.47775424e-01
-9.46792066e-01
-9.45799768e-01
-9.44798529e-01
-9.43788409e-01
-9.42769408e-01
-9.41741467e-01
-9.40704703e-01
-9.39659119e-01
-9.38604653e-01
-9.37541306e-01
-9.36469138e-01
-9.35388148e-01
-9.34298337e-01
-9.33199704e-01
-9.32092369e-01
-9.30976212e-01
-9.29851234e-01
-9.28717494e-01
-9.27575052e-01
-9.26423907e-01
-9.25263941e-01
-9.24095333e-01
-9.22917962e-01
-9.21731949e-01
-9.20537233e-01
-9.19333816e-01
-9.18121755e-01
-9.16901052e-01
-9.15671706e-01
-9.14433718e-01
-9.13187146e-01
-9.11931932e-01
-9.10668135e-01
-9.09395814e-01
-9.08114851e-01
-9.06825364e-01
-9.05527353e-01
-9.04220760e-01
-9.02905643e-01
-9.01582062e-01
-9.00249958e-01
-8.98909450e-01
-8.97560418e-01
-8.96202922e-01
-8.94836962e-01
-8.93462598e-01
-8.92079830e-01
-8.90688658e-01
-8.89289021e-01
-8.87881041e-01
-8.86464715e-01
-8.85040045e-01
-8.83607090e-01
-8.82165730e-01
-8.80716145e-01
-8.79258156e-01
-8.77791882e-01
-8.76317382e-01
-8.74834538e-01
-8.73343587e-01
-8.71844351e-01
-8.70336950e-01
-8.68821263e-01
-8.67297411e-01
-8.65765452e-01
-8.64225328e-01
-8.62677038e-01
-8.61120641e-01
-8.59556079e-01
-8.57983410e-01
-8.56402636e-01
-8.54813874e-01
-8.53217065e-01
-8.51612151e-01
-8.49999249e-01
-8.48378360e-01
-8.46749425e-01
-8.45112503e-01
-8.43467712e-01
-8.41814876e-01
-8.40154171e-01
-8.38485479e-01
-8.36809039e-01
-8.35124552e-01
-8.33432257e-01
-8.31732094e-01
-8.30024123e-01
-8.28308344e-01
-8.26584697e-01
-8.24853301e-01
-8.23114157e-01
-8.21367204e-01
-8.19612563e-01
-8.17850173e-01
-8.16080093e-01
-8.14302325e-01
-8.12516868e-01
-8.10723722e-01
-8.08923006e-01
-8.07114661e-01
-8.05298746e-01
-8.03475142e-01
-8.01643968e-01
-7.99805343e-01
-7.97959089e-01
-7.96105385e-01
-7.94244111e-01
-7.92375445e-01
-7.90499270e-01
-7.88615644e-01
-7.86724567e-01
-7.84826100e-01
-7.82920241e-01
-7.81006992e-01
-7.79086411e-01
-7.77158439e-01
-7.75223196e-01
-7.73280621e-01
-7.71330774e-01
-7.69373655e-01
-7.67409325e-01
-7.65437722e-01
-7.63458908e-01
-7.61472881e-01
-7.59479702e-01
-7.57479370e-01
-7.55471885e-01
-7.53457308e-01
-7.51435637e-01
-7.49406874e-01
-7.47371018e-01
-7.45328188e-01
-7.43278325e-01
-7.41221428e-01
-7.39157498e-01
-7.37086654e-01
-7.35008895e-01
-7.32924223e-01
-7.30832577e-01
-7.28734076e-01
-7.26628721e-01
-7.24516511e-01
-7.22397506e-01
-7.20271647e-01
-7.18138993e-01
-7.15999603e-01
-7.13853478e-01
-7.11700559e-01
-7.09541023e-01
-7.07374752e-01
-7.05201864e-01
-7.03022242e-01
-7.00836062e-01
-6.98643267e-01
-6.96443915e-01
-6.94238007e-01
-6.92025542e-01
-6.89806521e-01
-6.87581003e-01
-6.85349047e-01
-6.83110595e-01
-6.80865765e-01
-6.78614497e-01
-6.76356792e-01
-6.74092710e-01
-6.71822369e-01
-6.69545650e-01
-6.67262614e-01
-6.64973259e-01
-6.62677646e-01
-6.60375834e-01
-6.58067763e-01
-6.55753493e-01
-6.53433084e-01
-6.51106477e-01
-6.48773789e-01
-6.46434903e-01
-6.44089997e-01
-6.41739011e-01
-6.39382005e-01
-6.37018919e-01
-6.34649873e-01
-6.32274806e-01
-6.29893780e-01
-6.27506852e-01
-6.25114024e-01
-6.22715294e-01
-6.20310724e-01
-6.17900252e-01
-6.15483940e-01
-6.13061845e-01
-6.10634029e-01
-6.08200431e-01
-6.05761051e-01
-6.03316009e-01
-6.00865304e-01
-5.98408937e-01
-5.95946908e-01
-5.93479276e-01
-5.91006041e-01
-5.88527262e-01
-5.86042941e-01
-5.83553076e-01
-5.81057727e-01
-5.78556895e-01
-5.76050580e-01
-5.73538899e-01
-5.71021736e-01
-5.68499267e-01
-5.65971434e-01
-5.63438237e-01
-5.60899734e-01
-5.58355927e-01
-5.55806875e-01
-5.53252637e-01
-5.50693154e-01
-5.48128486e-01
-5.45558631e-01
-5.42983651e-01
-5.40403545e-01
-5.37818372e-01
-5.35228133e-01
-5.32632828e-01
-5.30032516e-01
-5.27427197e-01
-5.24816930e-01
-5.22201717e-01
-5.19581556e-01
-5.16956568e-01
-5.14326632e-01
-5.11691868e-01
-5.09052277e-01
-5.06407917e-01
-5.03758788e-01
-5.01104891e-01
-4.98446286e-01
-4.95782971e-01
-4.93115008e-01
-4.90442365e-01
-4.87765163e-01
-4.85083312e-01
-4.82396901e-01
-4.79705930e-01
-4.77010459e-01
-4.74310488e-01
-4.71606046e-01
-4.68897164e-01
-4.66183871e-01
-4.63466197e-01
-4.60744143e-01
-4.58017737e-01
-4.55287039e-01
-4.52552050e-01
-4.49812770e-01
-4.47069257e-01
-4.44321513e-01
-4.41569626e-01
-4.38813567e-01
-4.36053365e-01
-4.33289051e-01
-4.30520684e-01
-4.27748233e-01
-4.24971759e-01
-4.22191292e-01
-4.19406831e-01
-4.16618437e-01
-4.13826108e-01
-4.11029845e-01
-4.08229768e-01
-4.05425817e-01
-4.02618051e-01
-3.99806499e-01
-3.96991163e-01
-3.94172072e-01
-3.91349286e-01
-3.88522834e-01
-3.85692716e-01
-3.82858932e-01
-3.80021542e-01
-3.77180606e-01
-3.74336094e-01
-3.71488065e-01
-3.68636519e-01
-3.65781516e-01
-3.62923056e-01
-3.60061198e-01
-3.57195914e-01
-3.54327321e-01
-3.51455361e-01
-3.48580062e-01
-3.45701516e-01
-3.42819691e-01
-3.39934647e-01
-3.37046385e-01
-3.34154963e-01
-3.31260383e-01
-3.28362674e-01
-3.25461894e-01
-3.22558045e-01
-3.19651127e-01
-3.16741198e-01
-3.13828319e-01
-3.10912460e-01
-3.07993710e-01
-3.05072010e-01
-3.02147448e-01
-2.99220055e-01
-2.96289861e-01
-2.93356836e-01
-2.90421039e-01
-2.87482530e-01
-2.84541339e-01
-2.81597435e-01
-2.78650850e-01
-2.75701672e-01
-2.72749901e-01
-2.69795567e-01
-2.66838670e-01
-2.63879269e-01
-2.60917395e-01
-2.57953048e-01
-2.54986256e-01
-2.52017081e-01
-2.49045521e-01
-2.46071637e-01
-2.43095398e-01
-2.40116894e-01
-2.37136111e-01
-2.34153122e-01
-2.31167898e-01
-2.28180513e-01
-2.25190982e-01
-2.22199306e-01
-2.19205558e-01
-2.16209754e-01
-2.13211879e-01
-2.10212007e-01
-2.07210168e-01
-2.04206377e-01
-2.01200649e-01
-1.98193029e-01
-1.95183545e-01
-1.92172214e-01
-1.89159095e-01
-1.86144173e-01
-1.83127493e-01
-1.80109099e-01
-1.77089006e-01
-1.74067244e-01
-1.71043843e-01
-1.68018833e-01
-1.64992228e-01
-1.61964074e-01
-1.58934399e-01
-1.55903220e-01
-1.52870581e-01
-1.49836496e-01
-1.46801010e-01
-1.43764123e-01
-1.40725896e-01
-1.37686342e-01
-1.34645492e-01
-1.31603360e-01
-1.28559992e-01
-1.25515416e-01
-1.22469656e-01
-1.19422749e-01
-1.16374709e-01
-1.13325581e-01
-1.10275380e-01
-1.07224137e-01
-1.04171887e-01
-1.01118654e-01
-9.80644673e-02
-9.50093567e-02
-9.19533521e-02
-8.88964832e-02
-8.58387798e-02
-8.27802643e-02
-7.97209665e-02
-7.66609237e-02
-7.36001506e-02
-7.05386847e-02
-6.74765632e-02
-6.44138008e-02
-6.13504276e-02
-5.82864806e-02
-5.52219823e-02
-5.21569662e-02
-4.90914546e-02
-4.60254848e-02
-4.29590791e-02
-3.98922674e-02
-3.68250832e-02
-3.37575525e-02
-3.06896996e-02
-2.76215598e-02
-2.45531593e-02
-2.14845277e-02
-1.84156951e-02
-1.53466873e-02
-1.22775352e-02
-9.18485597e-03
-6.47132611e-03
-3.06951511e-03
-5.96046448e-08
5.96046448e-08
3.06951511e-03
