-1.19673248e-04
3.05085850e-04
1.58584118e-03
3.66719346e-03
6.30392972e-03
9.23018996e-03
1.22743119e-02
1.53444773e-02
1.84159037e-02
2.14842893e-02
2.45529283e-02
2.76213065e-02
3.06894258e-02
3.37572545e-02
3.68247665e-02
3.98919284e-02
4.29587178e-02
4.60251011e-02
4.90910523e-02
5.21565378e-02
5.52215353e-02
5.82860149e-02
6.13499396e-02
6.44132867e-02
6.74760267e-02
7.05381334e-02
7.35995695e-02
7.66603202e-02
7.97203481e-02
8.27796236e-02
8.58381167e-02
8.88957977e-02
9.19526443e-02
9.50086266e-02
9.80637148e-02
1.01117879e-01
1.04171090e-01
1.07223324e-01
1.10274546e-01
1.13324724e-01
1.16373837e-01
1.19421855e-01
1.22468740e-01
1.25514477e-01
1.28559038e-01
1.31602377e-01
1.34644493e-01
1.37685314e-01
1.40724853e-01
1.43763065e-01
1.46799922e-01
1.49835393e-01
1.52869463e-01
1.55902073e-01
1.58933222e-01
1.61962882e-01
1.64991006e-01
1.68017581e-01
1.71042576e-01
1.74065962e-01
1.77087709e-01
1.80107787e-01
1.83126152e-01
1.86142802e-01
1.89157695e-01
1.92170814e-01
1.95182115e-01
1.98191583e-01
2.01199174e-01
2.04204872e-01
2.07208663e-01
2.10210487e-01
2.13210344e-01
2.16208175e-01
2.19203964e-01
2.22197697e-01
2.25189328e-01
2.28178844e-01
2.31166214e-01
2.34151408e-01
2.37134397e-01
2.40115151e-01
2.43093640e-01
2.46069834e-01
2.49043718e-01
2.52015233e-01
2.54984409e-01
2.57951170e-01
2.60915488e-01
2.63877362e-01
2.66836733e-01
2.69793600e-01
2.72747964e-01
2.75699705e-01
2.78648853e-01
2.81595409e-01
2.84539282e-01
2.87480474e-01
2.90418953e-01
2.93354720e-01
2.96287715e-01
2.99217910e-01
3.02145272e-01
3.05069804e-01
3.07991475e-01
3.10910225e-01
3.13826054e-01
3.16738933e-01
3.19648832e-01
3.22555721e-01
3.25459540e-01
3.28360319e-01
3.31257999e-01
3.34152550e-01
3.37043941e-01
3.39932203e-01
3.42817217e-01
3.45699042e-01
3.48577559e-01
3.51452857e-01
3.54324788e-01
3.57193381e-01
3.60058635e-01
3.62920493e-01
3.65778893e-01
3.68633866e-01
3.71485382e-01
3.74333382e-01
3.77177894e-01
3.80018830e-01
3.82856190e-01
3.85689944e-01
3.88520062e-01
3.91346514e-01
3.94169271e-01
3.96988332e-01
3.99803638e-01
4.02615130e-01
4.05422866e-01
4.08226818e-01
4.11026895e-01
4.13823128e-01
4.16615427e-01
4.19403851e-01
4.22188282e-01
4.24968719e-01
4.27745163e-01
4.30517614e-01
4.33285981e-01
4.36050266e-01
4.38810468e-01
4.41566497e-01
4.44318384e-01
4.47066069e-01
4.49809551e-01
4.52548802e-01
4.55283761e-01
4.58014458e-01
4.60740834e-01
4.63462889e-01
4.66180563e-01
4.68893826e-01
4.71602678e-01
4.74307120e-01
4.77007061e-01
4.79702502e-01
4.82393444e-01
4.85079855e-01
4.87761676e-01
4.90438908e-01
4.93111491e-01
4.95779425e-01
4.98442709e-01
5.01101255e-01
5.03755152e-01
5.06404281e-01
5.09048641e-01
5.11688232e-01
5.14322996e-01
5.16952872e-01
5.19577861e-01
5.22198021e-01
5.24813235e-01
5.27423501e-01
5.30028760e-01
5.32629073e-01
5.35224319e-01
5.37814617e-01
5.40399790e-01
5.42979836e-01
5.45554757e-01
5.48124552e-01
5.50689220e-01
5.53248703e-01
5.55803001e-01
5.58351994e-01
5.60895741e-01
5.63434243e-01
5.65967441e-01
5.68495274e-01
5.71017742e-01
5.73534846e-01
5.76046526e-01
5.78552783e-01
5.81053555e-01
5.83548903e-01
5.86038768e-01
5.88523090e-01
5.91001868e-01
5.93475044e-01
5.95942676e-01
5.98404646e-01
6.00861013e-01
6.03311718e-01
6.05756760e-01
6.08196080e-01
6.10629678e-01
6.13057554e-01
6.15479589e-01
6.17895842e-01
6.20306313e-01
6.22710884e-01
6.25109553e-01
6.27502382e-01
6.29889369e-01
6.32270336e-01
6.34645343e-01
6.37014389e-01
6.39377475e-01
6.41734540e-01
6.44085526e-01
6.46430373e-01
6.48769200e-01
6.51101887e-01
6.53428435e-01
6.55748844e-01
6.58063054e-01
6.60371125e-01
6.62672937e-01
6.64968550e-01
6.67257845e-01
6.69540882e-01
6.71817601e-01
6.74087942e-01
6.76351964e-01
6.78609610e-01
6.80860937e-01
6.83105767e-01
6.85344160e-01
6.87576115e-01
6.89801633e-01
6.92020595e-01
6.94233119e-01
6.96438968e-01
6.98638380e-01
7.00831175e-01
7.03017354e-01
7.05196857e-01
7.07369804e-01
7.09536016e-01
7.11695552e-01
7.13848412e-01
7.15994537e-01
7.18133926e-01
7.20266521e-01
7.22392321e-01
7.24511385e-01
7.26623535e-01
7.28728890e-01
7.30827391e-01
7.32919037e-01
7.35003710e-01
7.37081468e-01
7.39152312e-01
7.41216123e-01
7.43273020e-01
7.45322883e-01
7.47365773e-01
7.49401569e-01
7.51430333e-01
7.53452003e-01
7.55466580e-01
7.57474005e-01
7.59474337e-01
7.61467457e-01
7.63453484e-01
7.65432298e-01
7.67403901e-01
7.69368291e-01
7.71325409e-01
7.73275197e-01
7.75217772e-01
7.77153015e-01
7.79080927e-01
7.81001449e-01
7.82914698e-01
7.84820557e-01
7.86719024e-01
7.88610041e-01
7.90493667e-01
7.92369843e-01
7.94238567e-01
7.96099782e-01
7.97953486e-01
7.99799621e-01
8.01638305e-01
8.03469419e-01
8.05292964e-01
8.07108939e-01
8.08917284e-01
8.10718000e-01
8.12511086e-01
8.14296544e-01
8.16074312e-01
8.17844450e-01
8.19606841e-01
8.21361482e-01
8.23108375e-01
8.24847519e-01
8.26578915e-01
8.28302443e-01
8.30018282e-01
8.31726253e-01
8.33426416e-01
8.35118651e-01
8.36803079e-01
8.38479578e-01
8.40148211e-01
8.41808975e-01
8.43461752e-01
8.45106602e-01
8.46743464e-01
8.48372400e-01
8.49993289e-01
8.51606131e-01
8.53210986e-01
8.54807854e-01
8.56396675e-01
8.57977390e-01
8.59549999e-01
8.61114502e-01
8.62670898e-01
8.64219189e-01
8.65759373e-01
8.67291331e-01
8.68815184e-01
8.70330870e-01
8.71838272e-01
8.73337507e-01
8.74828458e-01
8.76311243e-01
8.77785742e-01
8.79252017e-01
8.80709887e-01
8.82159591e-01
8.83600950e-01
8.85033906e-01
8.86458576e-01
8.87874842e-01
8.89282763e-01
8.90682340e-01
8.92073572e-01
8.93456340e-01
8.94830704e-01
8.96196663e-01
8.97554100e-01
8.98903131e-01
9.00243700e-01
9.01575804e-01
9.02899384e-01
9.04214442e-01
9.05520976e-01
9.06818986e-01
9.08108473e-01
9.09389377e-01
9.10661757e-01
9.11925495e-01
9.13180709e-01
9.14427280e-01
9.15665209e-01
9.16894555e-01
9.18115258e-01
9.19327378e-01
9.20530736e-01
9.21725392e-01
9.22911465e-01
9.24088836e-01
9.25257504e-01
9.26417410e-01
9.27568555e-01
9.28711057e-01
9.29844677e-01
9.30969596e-01
9.32085812e-01
9.33193207e-01
9.34291840e-01
9.35381591e-01
9.36462522e-01
9.37534690e-01
9.38597977e-01
9.39652503e-01
9.40698087e-01
9.41734850e-01
9.42762733e-01
9.43781734e-01
9.44791794e-01
9.45793033e-01
9.46785390e-01
9.47768807e-01
9.48743224e-01
9.49708760e-01
9.50665355e-01
9.51612949e-01
9.52551544e-01
9.53481197e-01
9.54401851e-01
9.55313563e-01
9.56216276e-01
9.57109988e-01
9.57994640e-01
9.58870232e-01
9.59736884e-01
9.60594416e-01
9.61442947e-01
9.62282419e-01
9.63112772e-01
9.63934064e-01
9.64746296e-01
9.65549469e-01
9.66343522e-01
9.67128456e-01
9.67904329e-01
9.68671024e-01
9.69428599e-01
9.70177054e-01
9.70916390e-01
9.71646488e-01
9.72367525e-01
9.73079383e-01
9.73782063e-01
9.74475563e-01
9.75159883e-01
9.75835025e-01
9.76500928e-01
9.77157652e-01
9.77805197e-01
9.78443503e-01
9.79072630e-01
9.79692519e-01
9.80303168e-01
9.80904579e-01
9.81496751e-01
9.82079685e-01
9.82653320e-01
9.83217776e-01
9.83772933e-01
9.84318852e-01
9.84855413e-01
9.85382736e-01
9.85900819e-01
9.86409545e-01
9.86909032e-01
9.87399161e-01
9.87880051e-01
9.88351583e-01
9.88813818e-01
9.89266753e-01
9.89710331e-01
9.90144670e-01
9.90569592e-01
9.90985215e-01
9.91391480e-01
9.91788447e-01
9.92175996e-01
9.92554247e-01
9.92923200e-01
9.93282676e-01
9.93632913e-01
9.93973732e-01
9.94305193e-01
9.94627297e-01
9.94939983e-01
9.95243371e-01
9.95537341e-01
9.95821893e-01
9.96097088e-01
9.96362925e-01
9.96619344e-01
9.96866345e-01
9.97104049e-01
9.97332335e-01
9.97551203e-01
9.97760653e-01
9.97960746e-01
9.98151422e-01
9.98332679e-01
9.98504460e-01
9.98666883e-01
9.98819947e-01
9.98963594e-01
9.99097824e-01
9.99222636e-01
9.99337971e-01
9.99443948e-01
9.99540508e-01
9.99627650e-01
9.99705374e-01
9.99773681e-01
9.99832571e-01
9.99882042e-01
9.99922097e-01
9.99952734e-01
9.99973953e-01
9.99985695e-01
9.99988079e-01
9.99980986e-01
9.99964476e-01
9.99938548e-01
9.99903202e-01
9.99858499e-01
9.99804318e-01
9.99740720e-01
9.99667704e-01
9.99585330e-01
9.99493480e-01
9.99392152e-01
9.99281466e-01
9.99161363e-01
9.99031901e-01
9.98892963e-01
9.98744607e-01
9.98586893e-01
9.98419762e-01
9.98243213e-01
9.98057246e-01
9.97861862e-01
9.97657120e-01
9.97442961e-01
9.97219384e-01
9.96986449e-01
9.96744037e-01
9.96492386e-01
9.96231198e-01
9.95960653e-01
9.95680809e-01
9.95391548e-01
9.95092869e-01
9.94784832e-01
9.94467437e-01
9.94140625e-01
9.93804514e-01
9.93458986e-01
9.93104160e-01
9.92739916e-01
9.92366314e-01
9.91983414e-01
9.91591096e-01
9.91189480e-01
9.90778506e-01
9.90358233e-01
9.89928663e-01
9.89489675e-01
9.89041448e-01
9.88583922e-01
9.88116980e-01
9.87640798e-01
9.87155259e-01
9.86660421e-01
9.86156344e-01
9.85642970e-01
9.85120237e-01
9.84588265e-01
9.84046996e-01
9.83496487e-01
9.82936680e-01
9.82367635e-01
9.81789351e-01
9.81201828e-01
9.80605006e-01
9.79999006e-01
9.79383767e-01
9.78759229e-01
9.78125513e-01
9.77482557e-01
9.76830482e-01
9.76169109e-01
9.75498617e-01
9.74818885e-01
9.74129915e-01
9.73431826e-01
9.72724557e-01
9.72008169e-01
9.71282601e-01
9.70547855e-01
9.69803989e-01
9.69050944e-01
9.68288779e-01
9.67517495e-01
9.66737092e-01
9.65947628e-01
9.65148985e-01
9.64341342e-01
9.63524580e-01
9.62698698e-01
9.61863816e-01
9.61019814e-01
9.60166752e-01
9.59304690e-01
9.58433568e-01
9.57553446e-01
9.56664264e-01
9.55766082e-01
9.54858840e-01
9.53942657e-01
9.53017473e-01
9.52083349e-01
9.51140225e-01
9.50188160e-01
9.49227095e-01
9.48257089e-01
9.47278202e-01
9.46290314e-01
9.45293546e-01
9.44287956e-01
9.43273365e-01
9.42249894e-01
9.41217542e-01
9.40176368e-01
9.39126313e-01
9.38067436e-01
9.36999679e-01
9.35923159e-01
9.34837759e-01
9.33743596e-01
9.32640612e-01
9.31528807e-01
9.30408299e-01
9.29278910e-01
9.28140879e-01
9.26994085e-01
9.25838530e-01
9.24674213e-01
9.23501253e-01
9.22319591e-01
9.21129227e-01
9.19930160e-01
9.18722391e-01
9.17506039e-01
9.16281044e-01
9.15047407e-01
9.13805068e-01
9.12554204e-01
9.11294699e-01
9.10026670e-01
9.08750057e-01
9.07464862e-01
9.06171024e-01
9.04868722e-01
9.03557956e-01
9.02238607e-01
9.00910735e-01
8.99574399e-01
8.98229659e-01
8.96876395e-01
8.95514727e-01
8.94144595e-01
8.92765999e-01
8.91378999e-01
8.89983654e-01
8.88579905e-01
8.87167752e-01
8.85747194e-01
8.84318411e-01
8.82881224e-01
8.81435752e-01
8.79981935e-01
8.78519893e-01
8.77049506e-01
8.75570893e-01
8.74083996e-01
8.72588933e-01
8.71085584e-01
8.69574130e-01
8.68054330e-01
8.66526425e-01
8.64990354e-01
8.63446116e-01
8.61893773e-01
8.60333264e-01
8.58764708e-01
8.57188046e-01
8.55603278e-01
8.54010463e-01
8.52409601e-01
8.50800693e-01
8.49183798e-01
8.47558916e-01
8.45926046e-01
8.44285190e-01
8.42636347e-01
8.40979576e-01
8.39314878e-01
8.37642312e-01
8.35961878e-01
8.34273517e-01
8.32577348e-01
8.30873251e-01
8.29161406e-01
8.27441692e-01
8.25714231e-01
8.23978961e-01
8.22235942e-01
8.20485175e-01
8.18726599e-01
8.16960394e-01
8.15186441e-01
8.13404858e-01
8.11615586e-01
8.09818625e-01
8.08014095e-01
8.06201994e-01
8.04382205e-01
8.02554905e-01
8.00719917e-01
7.98877537e-01
7.97027588e-01
7.95170128e-01
7.93305159e-01
7.91432738e-01
7.89552808e-01
7.87665427e-01
7.85770714e-01
7.83868551e-01
7.81959057e-01
7.80042112e-01
7.78117836e-01
7.76186228e-01
7.74247408e-01
7.72301197e-01
7.70347774e-01
7.68387020e-01
7.66418993e-01
7.64443755e-01
7.62461364e-01
7.60471821e-01
7.58475065e-01
7.56471217e-01
7.54460216e-01
7.52442122e-01
7.50416875e-01
7.48384595e-01
7.46345282e-01
7.44298935e-01
7.42245555e-01
7.40185142e-01
7.38117754e-01
7.36043453e-01
7.33962238e-01
7.31874108e-01
7.29779065e-01
7.27677107e-01
7.25568354e-01
7.23452747e-01
7.21330404e-01
7.19201148e-01
7.17065156e-01
7.14922369e-01
7.12772846e-01
7.10616589e-01
7.08453715e-01
7.06284106e-01
7.04107881e-01
7.01925039e-01
6.99735582e-01
6.97539508e-01
6.95336938e-01
6.93127751e-01
6.90912008e-01
6.88689709e-01
6.86460972e-01
6.84225798e-01
6.81984186e-01
6.79736137e-01
6.77481651e-01
6.75220788e-01
6.72953606e-01
6.70680046e-01
6.68400168e-01
6.66113973e-01
6.63821578e-01
6.61522865e-01
6.59217954e-01
6.56906784e-01
6.54589474e-01
6.52265966e-01
6.49936318e-01
6.47600532e-01
6.45258725e-01
6.42910779e-01
6.40556753e-01
6.38196707e-01
6.35830641e-01
6.33458555e-01
6.31080568e-01
6.28696620e-01
6.26306772e-01
6.23910964e-01
6.21509314e-01
6.19101822e-01
6.16688490e-01
6.14269316e-01
6.11844361e-01
6.09413624e-01
6.06977165e-01
6.04534984e-01
6.02087140e-01
5.99633574e-01
5.97174406e-01
5.94709575e-01
5.92239201e-01
5.89763224e-01
5.87281644e-01
5.84794521e-01
5.82301915e-01
5.79803824e-01
5.77300310e-01
5.74791372e-01
5.72276950e-01
5.69757164e-01
5.67232013e-01
5.64701498e-01
5.62165678e-01
5.59624553e-01
5.57078183e-01
5.54526508e-01
5.51969647e-01
5.49407601e-01
5.46840370e-01
5.44267952e-01
5.41690469e-01
5.39107859e-01
5.36520123e-01
5.33927381e-01
5.31329572e-01
5.28726757e-01
5.26118994e-01
5.23506284e-01
5.20888567e-01
5.18266022e-01
5.15638590e-01
5.13006270e-01
5.10369062e-01
5.07727087e-01
5.05080342e-01
5.02428830e-01
4.99772638e-01
4.97111708e-01
4.94446099e-01
4.91775781e-01
4.89100873e-01
4.86421347e-01
4.83737260e-01
4.81048614e-01
4.78355378e-01
4.75657672e-01
4.72955495e-01
4.70248878e-01
4.67537791e-01
4.64822322e-01
4.62102443e-01
4.59378242e-01
4.56649691e-01
4.53916848e-01
4.51179713e-01
4.48438346e-01
4.45692748e-01
4.42942977e-01
4.40189004e-01
4.37430888e-01
4.34668630e-01
4.31902319e-01
4.29131925e-01
4.26357508e-01
4.23579037e-01
4.20796573e-01
4.18010145e-01
4.15219814e-01
4.12425578e-01
4.09627408e-01
4.06825393e-01
4.04019564e-01
4.01209891e-01
3.98396462e-01
3.95579278e-01
3.92758369e-01
3.89933765e-01
3.87105495e-01
3.84273559e-01
3.81437987e-01
3.78598839e-01
3.75756115e-01
3.72909874e-01
3.70060116e-01
3.67206842e-01
3.64350140e-01
3.61489981e-01
3.58626455e-01
3.55759501e-01
3.52889240e-01
3.50015610e-01
3.47138733e-01
3.44258547e-01
3.41375142e-01
3.38488489e-01
3.35598677e-01
3.32705677e-01
3.29809546e-01
3.26910347e-01
3.24008048e-01
3.21102679e-01
3.18194270e-01
3.15282881e-01
3.12368542e-01
3.09451252e-01
3.06531042e-01
3.03607941e-01
3.00681978e-01
2.97753185e-01
2.94821590e-01
2.91887194e-01
2.88950056e-01
2.86010236e-01
2.83067703e-01
2.80122489e-01
2.77174652e-01
2.74224162e-01
2.71271139e-01
2.68315524e-01
2.65357375e-01
2.62396753e-01
2.59433687e-01
2.56468147e-01
2.53500164e-01
2.50529826e-01
2.47557104e-01
2.44582072e-01
2.41604730e-01
2.38625109e-01
2.35643208e-01
2.32659116e-01
2.29672819e-01
2.26684377e-01
2.23693803e-01
2.20701128e-01
2.17706367e-01
2.14709535e-01
2.11710691e-01
2.08709836e-01
2.05707043e-01
2.02702299e-01
1.99695647e-01
1.96687102e-01
1.93676710e-01
1.90664500e-01
1.87650502e-01
1.84634715e-01
1.81617215e-01
1.78597987e-01
1.75577074e-01
1.72554508e-01
1.69530317e-01
1.66504532e-01
1.63477182e-01
1.60448283e-01
1.57417864e-01
1.54385984e-01
1.51352629e-01
1.48317859e-01
1.45281687e-01
1.42244160e-01
1.39205277e-01
1.36165082e-01
1.33123606e-01
1.30080879e-01
1.27036929e-01
1.23991780e-01
1.20945469e-01
1.17898017e-01
1.14849448e-01
1.11799799e-01
1.08749092e-01
1.05697364e-01
1.02644645e-01
9.95909572e-02
9.65363309e-02
9.34807882e-02
9.04243737e-02
8.73671025e-02
8.43090042e-02
8.12501162e-02
7.81904608e-02
7.51300678e-02
7.20689669e-02
6.90071955e-02
6.59447685e-02
6.28817230e-02
5.98180741e-02
5.67538701e-02
5.36891334e-02
5.06238863e-02
4.75581624e-02
4.44919914e-02
4.14254032e-02
3.83584239e-02
3.52910832e-02
3.22234072e-02
2.91554295e-02
2.60871761e-02
2.30186787e-02
1.99499652e-02
1.68810636e-02
1.38120009e-02
1.07428087e-02
7.67351594e-03
4.60415008e-03
1.53474137e-03
-1.53468200e-03
-4.60409094e-03
-7.67345587e-03
-1.07427500e-02
-1.38119413e-02
-1.68810040e-02
-1.99499056e-02
-2.30186209e-02
-2.60871183e-02
-2.91553717e-02
-3.22233476e-02
-3.52910236e-02
-3.83583643e-02
-4.14253436e-02
-4.44919318e-02
-4.75581028e-02
-5.06238267e-02
-5.36890738e-02
-5.67538142e-02
-5.98180145e-02
-6.28816560e-02
-6.59447089e-02
-6.90071359e-02
-7.20689148e-02
-7.51300156e-02
-7.81904012e-02
-8.12500566e-02
-8.43089446e-02
-8.73670429e-02
-9.04243141e-02
-9.34807286e-02
-9.65362713e-02
-9.95908976e-02
-1.02644585e-01
-1.05697311e-01
-1.08749032e-01
-1.11799739e-01
-1.14849381e-01
-1.17897950e-01
-1.20945409e-01
-1.23991728e-01
-1.27036870e-01
-1.30080819e-01
-1.33123547e-01
-1.36165023e-01
-1.39205217e-01
-1.42244101e-01
-1.45281628e-01
-1.48317799e-01
-1.51352569e-01
-1.54385909e-01
-1.57417804e-01
-1.60448223e-01
-1.63477123e-01
-1.66504472e-01
-1.69530258e-01
-1.72554448e-01
-1.75577015e-01
-1.78597927e-01
-1.81617156e-01
-1.84634671e-01
-1.87650442e-01
-1.90664455e-01
-1.93676665e-01
-1.96687058e-01
-1.99695572e-01
-2.02702239e-01
-2.05706969e-01
-2.08709776e-01
-2.11710617e-01
-2.14709476e-01
-2.17706293e-01
-2.20701054e-01
-2.23693743e-01
-2.26684317e-01
-2.29672775e-01
-2.32659057e-01
-2.35643163e-01
-2.38625035e-01
-2.41604656e-01
-2.44581997e-01
-2.47557044e-01
-2.50529766e-01
-2.53500104e-01
-2.56468058e-01
-2.59433627e-01
-2.62396723e-01
-2.65357345e-01
-2.68315464e-01
-2.71271080e-01
-2.74224102e-01
-2.77174592e-01
-2.80122429e-01
-2.83067644e-01
-2.86010176e-01
-2.88950026e-01
-2.91887164e-01
-2.94821560e-01
-2.97753155e-01
-3.00681949e-01
-3.03607911e-01
-3.06530982e-01
-3.09451222e-01
-3.12368512e-01
-3.15282851e-01
-3.18194240e-01
-3.21102649e-01
-3.24007988e-01
-3.26910287e-01
-3.29809517e-01
-3.32705647e-01
-3.35598618e-01
-3.38488460e-01
-3.41375083e-01
-3.44258487e-01
-3.47138673e-01
-3.50015581e-01
-3.52889180e-01
-3.55759472e-01
-3.58626395e-01
-3.61489922e-01
-3.64350080e-01
-3.67206782e-01
-3.70060056e-01
-3.72909814e-01
-3.75756055e-01
-3.78598779e-01
-3.81437957e-01
-3.84273499e-01
-3.87105435e-01
-3.89933676e-01
-3.92758280e-01
-3.95579219e-01
-3.98396403e-01
-4.01209831e-01
-4.04019475e-01
-4.06825304e-01
-4.09627348e-01
-4.12425488e-01
-4.15219754e-01
-4.18010086e-01
-4.20796514e-01
-4.23578978e-01
-4.26357418e-01
-4.29131866e-01
-4.31902260e-01
-4.34668601e-01
-4.37430859e-01
-4.40188944e-01
-4.42942947e-01
-4.45692718e-01
-4.48438317e-01
-4.51179683e-01
-4.53916788e-01
-4.56649631e-01
-4.59378183e-01
-4.62102383e-01
-4.64822263e-01
-4.67537731e-01
-4.70248789e-01
-4.72955436e-01
-4.75657612e-01
-4.78355348e-01
-4.81048554e-01
-4.83737230e-01
-4.86421317e-01
-4.89100844e-01
-4.91775751e-01
-4.94446039e-01
-4.97111648e-01
-4.99772608e-01
-5.02428830e-01
-5.05080283e-01
-5.07727027e-01
-5.10369003e-01
-5.13006151e-01
-5.15638471e-01
-5.18265903e-01
-5.20888507e-01
-5.23506165e-01
-5.26118875e-01
-5.28726637e-01
-5.31329453e-01
-5.33927262e-01
-5.36520064e-01
-5.39107800e-01
-5.41690409e-01
-5.44267893e-01
-5.46840250e-01
-5.49407542e-01
-5.51969588e-01
-5.54526448e-01
-5.57078123e-01
-5.59624493e-01
-5.62165618e-01
-5.64701438e-01
-5.67231953e-01
-5.69757164e-01
-5.72276890e-01
-5.74791312e-01
-5.77300310e-01
-5.79803884e-01
-5.82301915e-01
-5.84794521e-01
-5.87281585e-01
-5.89763165e-01
-5.92239201e-01
-5.94709635e-01
-5.97174406e-01
-5.99633574e-01
-6.02087080e-01
-6.04534984e-01
-6.06977105e-01
-6.09413564e-01
-6.11844301e-01
-6.14269257e-01
-6.16688430e-01
-6.19101763e-01
-6.21509254e-01
-6.23910964e-01
-6.26306713e-01
-6.28696620e-01
-6.31080508e-01
-6.33458495e-01
-6.35830581e-01
-6.38196647e-01
-6.40556693e-01
-6.42910719e-01
-6.45258665e-01
-6.47600532e-01
-6.49936259e-01
-6.52265906e-01
-6.54589415e-01
-6.56906724e-01
-6.59217834e-01
-6.61522806e-01
-6.63821518e-01
-6.66113973e-01
-6.68400168e-01
-6.70680046e-01
-6.72953546e-01
-6.75220788e-01
-6.77481592e-01
-6.79736078e-01
-6.81984127e-01
-6.84225738e-01
-6.86460912e-01
-6.88689649e-01
-6.90911889e-01
-6.93127632e-01
-6.95336819e-01
-6.97539449e-01
-6.99735582e-01
-7.01925039e-01
-7.04107940e-01
-7.06284106e-01
-7.08453655e-01
-7.10616589e-01
-7.12772787e-01
-7.14922309e-01
-7.17065096e-01
-7.19201088e-01
-7.21330285e-01
-7.23452747e-01
-7.25568354e-01
-7.27677107e-01
-7.29779065e-01
-7.31874108e-01
-7.33962238e-01
-7.36043453e-01
-7.38117754e-01
-7.40185082e-01
-7.42245495e-01
-7.44298875e-01
-7.46345222e-01
-7.48384535e-01
-7.50416875e-01
-7.52442062e-01
-7.54460216e-01
-7.56471217e-01
-7.58475065e-01
-7.60471821e-01
-7.62461364e-01
-7.64443755e-01
-7.66418993e-01
-7.68386960e-01
-7.70347655e-01
-7.72301137e-01
-7.74247348e-01
-7.76186228e-01
-7.78117836e-01
-7.80042112e-01
-7.81958997e-01
-7.83868551e-01
-7.85770655e-01
-7.87665427e-01
-7.89552748e-01
-7.91432679e-01
-7.93305159e-01
-7.95170128e-01
-7.97027588e-01
-7.98877537e-01
-8.00719976e-01
-8.02554846e-01
-8.04382205e-01
-8.06201935e-01
-8.08014095e-01
-8.09818625e-01
-8.11615467e-01
-8.13404739e-01
-8.15186381e-01
-8.16960335e-01
-8.18726599e-01
-8.20485115e-01
-8.22235882e-01
-8.23978901e-01
-8.25714231e-01
-8.27441752e-01
-8.29161406e-01
-8.30873251e-01
-8.32577229e-01
-8.34273458e-01
-8.35961819e-01
-8.37642252e-01
-8.39314878e-01
-8.40979576e-01
-8.42636347e-01
-8.44285131e-01
-8.45925987e-01
-8.47558856e-01
-8.49183798e-01
-8.50800693e-01
-8.52409601e-01
-8.54010463e-01
-8.55603278e-01
-8.57188046e-01
-8.58764708e-01
-8.60333264e-01
-8.61893773e-01
-8.63446176e-01
-8.64990294e-01
-8.66526365e-01
-8.68054271e-01
-8.69574010e-01
-8.71085584e-01
-8.72588933e-01
-8.74083996e-01
-8.75570893e-01
-8.77049446e-01
-8.78519833e-01
-8.79981875e-01
-8.81435752e-01
-8.82881224e-01
-8.84318411e-01
-8.85747194e-01
-8.87167692e-01
-8.88579845e-01
-8.89983594e-01
-8.91378999e-01
-8.92765999e-01
-8.94144535e-01
-8.95514667e-01
-8.96876395e-01
-8.98229659e-01
-8.99574459e-01
-9.00910795e-01
-9.02238607e-01
-9.03557897e-01
-9.04868722e-01
-9.06171024e-01
-9.07464743e-01
-9.08749998e-01
-9.10026670e-01
-9.11294699e-01
-9.12554204e-01
-9.13805127e-01
-9.15047348e-01
-9.16281044e-01
-9.17506039e-01
-9.18722391e-01
-9.19930160e-01
-9.21129167e-01
-9.22319591e-01
-9.23501194e-01
-9.24674213e-01
-9.25838530e-01
-9.26994026e-01
-9.28140819e-01
-9.29278910e-01
-9.30408239e-01
-9.31528747e-01
-9.32640553e-01
-9.33743596e-01
-9.34837759e-01
-9.35923159e-01
-9.36999738e-01
-9.38067436e-01
-9.39126372e-01
-9.40176368e-01
-9.41217542e-01
-9.42249835e-01
-9.43273306e-01
-9.44287837e-01
-9.45293546e-01
-9.46290314e-01
-9.47278202e-01
-9.48257148e-01
-9.49227095e-01
-9.50188160e-01
-9.51140225e-01
-9.52083290e-01
-9.53017473e-01
-9.53942657e-01
-9.54858840e-01
-9.55766022e-01
-9.56664205e-01
-9.57553446e-01
-9.58433568e-01
-9.59304690e-01
-9.60166752e-01
-9.61019754e-01
-9.61863756e-01
-9.62698698e-01
-9.63524520e-01
-9.64341283e-01
-9.65148985e-01
-9.65947628e-01
-9.66737092e-01
-9.67517495e-01
-9.68288839e-01
-9.69050944e-01
-9.69803989e-01
-9.70547855e-01
-9.71282601e-01
-9.72008169e-01
-9.72724617e-01
-9.73431826e-01
-9.74129975e-01
-9.74818826e-01
-9.75498557e-01
-9.76169109e-01
-9.76830423e-01
-9.77482557e-01
-9.78125513e-01
-9.78759229e-01
-9.79383647e-01
-9.79998946e-01
-9.80605006e-01
-9.81201768e-01
-9.81789351e-01
-9.82367694e-01
-9.82936740e-01
-9.83496487e-01
-9.84047055e-01
-9.84588265e-01
-9.85120237e-01
-9.85642910e-01
-9.86156344e-01
-9.86660421e-01
-9.87155259e-01
-9.87640798e-01
-9.88116980e-01
-9.88583863e-01
-9.89041448e-01
-9.89489734e-01
-9.89928663e-01
-9.90358293e-01
-9.90778565e-01
-9.91189539e-01
-9.91591156e-01
-9.91983354e-01
-9.92366314e-01
-9.92739916e-01
-9.93104160e-01
-9.93458986e-01
-9.93804455e-01
-9.94140625e-01
-9.94467437e-01
-9.94784832e-01
-9.95092869e-01
-9.95391548e-01
-9.95680809e-01
-9.95960712e-01
-9.96231198e-01
-9.96492326e-01
-9.96744096e-01
-9.96986389e-01
-9.97219384e-01
-9.97442961e-01
-9.97657120e-01
-9.97861922e-01
-9.98057246e-01
-9.98243272e-01
-9.98419762e-01
-9.98586893e-01
-9.98744667e-01
-9.98893023e-01
-9.99031961e-01
-9.99161363e-01
-9.99281466e-01
-9.99392152e-01
-9.99493420e-01
-9.99585271e-01
-9.99667764e-01
-9.99740720e-01
-9.99804318e-01
-9.99858499e-01
-9.99903262e-01
-9.99938607e-01
-9.99964476e-01
-9.99980986e-01
-9.99988019e-01
-9.99985695e-01
-9.99973893e-01
-9.99952674e-01
-9.99922037e-01
-9.99882042e-01
-9.99832571e-01
-9.99773681e-01
-9.99705374e-01
-9.99627650e-01
-9.99540508e-01
-9.99444008e-01
-9.99338031e-01
-9.99222636e-01
-9.99097824e-01
-9.98963594e-01
-9.98819947e-01
-9.98666942e-01
-9.98504519e-01
-9.98332679e-01
-9.98151422e-01
-9.97960746e-01
-9.97760653e-01
-9.97551203e-01
-9.97332394e-01
-9.97104108e-01
-9.96866405e-01
-9.96619403e-01
-9.96362984e-01
-9.96097147e-01
-9.95821893e-01
-9.95537341e-01
-9.95243371e-01
-9.94939983e-01
-9.94627297e-01
-9.94305193e-01
-9.93973732e-01
-9.93632913e-01
-9.93282735e-01
-9.92923141e-01
-9.92554307e-01
-9.92175996e-01
-9.91788387e-01
-9.91391420e-01
-9.90985155e-01
-9.90569532e-01
-9.90144670e-01
-9.89710391e-01
-9.89266813e-01
-9.88813818e-01
-9.88351583e-01
-9.87879992e-01
-9.87399161e-01
-9.86908972e-01
-9.86409545e-01
-9.85900819e-01
-9.85382795e-01
-9.84855413e-01
-9.84318852e-01
-9.83772933e-01
-9.83217776e-01
-9.82653379e-01
-9.82079685e-01
-9.81496811e-01
-9.80904579e-01
-9.80303168e-01
-9.79692459e-01
-9.79072630e-01
-9.78443503e-01
-9.77805197e-01
-9.77157652e-01
-9.76500928e-01
-9.75834966e-01
-9.75159883e-01
-9.74475563e-01
-9.73782063e-01
-9.73079383e-01
-9.72367585e-01
-9.71646488e-01
-9.70916390e-01
-9.70177054e-01
-9.69428599e-01
-9.68671024e-01
-9.67904329e-01
-9.67128515e-01
-9.66343522e-01
-9.65549469e-01
-9.64746356e-01
-9.63934064e-01
-9.63112772e-01
-9.62282419e-01
-9.61443007e-01
-9.60594475e-01
-9.59736884e-01
-9.58870292e-01
-9.57994640e-01
-9.57109988e-01
-9.56216335e-01
-9.55313623e-01
-9.54401910e-01
-9.53481257e-01
-9.52551544e-01
-9.51612949e-01
-9.50665295e-01
-9.49708700e-01
-9.48743224e-01
-9.47768807e-01
-9.46785450e-01
-9.45793152e-01
-9.44791913e-01
-9.43781793e-01
-9.42762792e-01
-9.41734910e-01
-9.40698147e-01
-9.39652503e-01
-9.38598037e-01
-9.37534690e-01
-9.36462522e-01
-9.35381532e-01
-9.34291780e-01
-9.33193207e-01
-9.32085812e-01
-9.30969656e-01
-9.29844677e-01
-9.28710997e-01
-9.27568555e-01
-9.26417351e-01
-9.25257504e-01
-9.24088836e-01
-9.22911525e-01
-9.21725512e-01
-9.20530796e-01
-9.19327438e-01
-9.18115318e-01
-9.16894615e-01
-9.15665269e-01
-9.14427280e-01
-9.13180709e-01
-9.11925554e-01
-9.10661817e-01
-9.09389436e-01
-9.08108532e-01
-9.06819046e-01
-9.05520976e-01
-9.04214382e-01
-9.02899325e-01
-9.01575685e-01
-9.00243700e-01
-8.98903131e-01
-8.97554100e-01
-8.96196604e-01
-8.94830704e-01
-8.93456340e-01
-8.92073572e-01
-8.90682399e-01
-8.89282823e-01
-8.87874842e-01
-8.86458516e-01
-8.85033846e-01
-8.83600891e-01
-8.82159591e-01
-8.80709946e-01
-8.79251957e-01
-8.77785742e-01
-8.76311243e-01
-8.74828458e-01
-8.73337448e-01
-8.71838212e-01
-8.70330811e-01
-8.68815184e-01
-8.67291391e-01
-8.65759373e-01
-8.64219248e-01
-8.62670958e-01
-8.61114562e-01
-8.59550059e-01
-8.57977390e-01
-8.56396675e-01
-8.54807913e-01
-8.53211045e-01
-8.51606190e-01
-8.49993229e-01
-8.48372340e-01
-8.46743464e-01
-8.45106602e-01
-8.43461752e-01
-8.41808975e-01
-8.40148270e-01
-8.38479638e-01
-8.36803138e-01
-8.35118711e-01
-8.33426416e-01
-8.31726253e-01
-8.30018342e-01
-8.28302503e-01
-8.26578975e-01
-8.24847519e-01
-8.23108375e-01
-8.21361423e-01
-8.19606841e-01
-8.17844450e-01
-8.16074371e-01
-8.14296603e-01
-8.12511146e-01
-8.10718000e-01
-8.08917284e-01
-8.07108998e-01
-8.05293024e-01
-8.03469479e-01
-8.01638365e-01
-7.99799681e-01
-7.97953486e-01
-7.96099782e-01
-7.94238567e-01
-7.92369902e-01
-7.90493727e-01
-7.88610101e-01
-7.86719024e-01
-7.84820557e-01
-7.82914758e-01
-7.81001508e-01
-7.79080927e-01
-7.77153015e-01
-7.75217772e-01
-7.73275197e-01
-7.71325409e-01
-7.69368291e-01
-7.67403960e-01
-7.65432358e-01
-7.63453543e-01
-7.61467516e-01
-7.59474337e-01
-7.57474065e-01
-7.55466580e-01
-7.53452063e-01
-7.51430392e-01
-7.49401629e-01
-7.47365832e-01
-7.45323002e-01
-7.43273139e-01
-7.41216242e-01
-7.39152312e-01
-7.37081468e-01
-7.35003710e-01
-7.32919037e-01
-7.30827451e-01
-7.28729010e-01
-7.26623654e-01
-7.24511445e-01
-7.22392440e-01
-7.20266581e-01
-7.18133986e-01
-7.15994596e-01
-7.13848472e-01
-7.11695552e-01
-7.09536016e-01
-7.07369804e-01
-7.05196917e-01
-7.03017354e-01
-7.00831115e-01
-6.98638380e-01
-6.96439028e-01
-6.94233179e-01
-6.92020714e-01
-6.89801693e-01
-6.87576175e-01
-6.85344219e-01
-6.83105826e-01
-6.80860937e-01
-6.78609669e-01
-6.76352084e-01
-6.74088001e-01
-6.71817660e-01
-6.69540942e-01
-6.67257905e-01
-6.64968610e-01
-6.62672997e-01
-6.60371184e-01
-6.58063173e-01
-6.55748963e-01
-6.53428495e-01
-6.51101947e-01
-6.48769200e-01
-6.46430433e-01
-6.44085526e-01
-6.41734540e-01
-6.39377534e-01
-6.37014449e-01
-6.34645402e-01
-6.32270396e-01
-6.29889429e-01
-6.27502501e-01
-6.25109732e-01
-6.22711003e-01
-6.20306432e-01
-6.17895961e-01
-6.15479648e-01
-6.13057554e-01
-6.10629737e-01
-6.08196139e-01
-6.05756760e-01
-6.03311718e-01
-6.00861073e-01
-5.98404706e-01
-5.95942736e-01
-5.93475103e-01
-5.91001928e-01
-5.88523149e-01
-5.86038828e-01
-5.83548963e-01
-5.81053615e-01
-5.78552842e-01
-5.76046586e-01
-5.73534846e-01
-5.71017742e-01
-5.68495274e-01
-5.65967441e-01
-5.63434243e-01
-5.60895801e-01
-5.58351994e-01
-5.55803001e-01
-5.53248763e-01
-5.50689280e-01
-5.48124671e-01
-5.45554817e-01
-5.42979836e-01
-5.40399790e-01
-5.37814617e-01
-5.35224378e-01
-5.32629073e-01
-5.30028760e-01
-5.27423441e-01
-5.24813235e-01
-5.22198021e-01
-5.19577920e-01
-5.16952872e-01
-5.14322996e-01
-5.11688232e-01
-5.09048700e-01
-5.06404340e-01
-5.03755212e-01
-5.01101375e-01
-4.98442799e-01
-4.95779514e-01
-4.93111551e-01
-4.90438938e-01
-4.87761736e-01
-4.85079914e-01
-4.82393503e-01
-4.79702562e-01
-4.77007121e-01
-4.74307150e-01
-4.71602738e-01
-4.68893886e-01
-4.66180593e-01
-4.63462949e-01
-4.60740924e-01
-4.58014548e-01
-4.55283850e-01
-4.52548862e-01
-4.49809611e-01
-4.47066128e-01
-4.44318414e-01
-4.41566527e-01
-4.38810468e-01
-4.36050296e-01
-4.33286041e-01
-4.30517644e-01
-4.27745223e-01
-4.24968809e-01
-4.22188342e-01
-4.19403881e-01
-4.16615516e-01
-4.13823187e-01
-4.11027014e-01
-4.08226907e-01
-4.05422986e-01
-4.02615219e-01
-3.99803698e-01
-3.96988362e-01
-3.94169331e-01
-3.91346574e-01
-3.88520092e-01
-3.85690004e-01
-3.82856250e-01
-3.80018890e-01
-3.77177954e-01
-3.74333471e-01
-3.71485442e-01
-3.68633956e-01
-3.65778953e-01
-3.62920523e-01
-3.60058695e-01
-3.57193440e-01
-3.54324818e-01
-3.51452887e-01
-3.48577619e-01
-3.45699102e-01
-3.42817277e-01
-3.39932263e-01
-3.37044030e-01
-3.34152609e-01
-3.31258059e-01
-3.28360379e-01
-3.25459599e-01
-3.22555751e-01
-3.19648892e-01
-3.16738993e-01
-3.13826114e-01
-3.10910285e-01
-3.07991534e-01
-3.05069864e-01
-3.02145332e-01
-2.99217969e-01
-2.96287775e-01
-2.93354779e-01
-2.90419012e-01
-2.87480533e-01
-2.84539342e-01
-2.81595469e-01
-2.78648913e-01
-2.75699764e-01
-2.72747993e-01
-2.69793659e-01
-2.66836792e-01
-2.63877422e-01
-2.60915548e-01
-2.57951230e-01
-2.54984468e-01
-2.52015293e-01
-2.49043763e-01
-2.46069893e-01
-2.43093699e-01
-2.40115210e-01
-2.37134457e-01
-2.34151483e-01
-2.31166273e-01
-2.28178903e-01
-2.25189388e-01
-2.22197756e-01
-2.19204023e-01
-2.16208220e-01
-2.13210389e-01
-2.10210532e-01
-2.07208723e-01
-2.04204947e-01
-2.01199234e-01
-1.98191643e-01
-1.95182174e-01
-1.92170888e-01
-1.89157769e-01
-1.86142877e-01
-1.83126211e-01
-1.80107832e-01
-1.77087754e-01
-1.74066022e-01
-1.71042651e-01
-1.68017656e-01
-1.64991066e-01
-1.61962941e-01
-1.58933282e-01
-1.55902132e-01
-1.52869508e-01
-1.49835452e-01
-1.46799967e-01
-1.43763125e-01
-1.40724912e-01
-1.37685373e-01
-1.34644538e-01
-1.31602436e-01
-1.28559083e-01
-1.25514537e-01
-1.22468799e-01
-1.19421914e-01
-1.16373897e-01
-1.13324791e-01
-1.10274605e-01
-1.07223392e-01
-1.04171149e-01
-1.01117939e-01
-9.80637744e-02
-9.50086862e-02
-9.19527039e-02
-8.88958573e-02
-8.58381763e-02
-8.27796832e-02
-7.97204077e-02
-7.66603798e-02
-7.35996291e-02
-7.05381930e-02
-6.74760863e-02
-6.44133538e-02
-6.13500029e-02
-5.82860708e-02
-5.52215949e-02
-5.21566011e-02
-4.90911119e-02
-4.60251607e-02
-4.29587774e-02
-3.98919880e-02
-3.68248262e-02
-3.37573141e-02
-3.06894854e-02
-2.76213661e-02
-2.45529748e-02
-2.14846730e-02
-1.84129067e-02
-1.53518859e-02
-1.22927250e-02
-9.37226415e-03
-6.30858401e-03
-4.19326173e-03
-2.02429108e-03
0.00000000e+00
0.00000000e+00
