9.78084863e-04
2.16910709e-03
3.62865860e-03
5.42114116e-03
7.55695486e-03
9.99892037e-03
1.26820728e-02
1.55346980e-02
1.84938349e-02
2.15127133e-02
2.45612748e-02
2.76226867e-02
3.06887627e-02
3.37560847e-02
3.68234515e-02
3.98905203e-02
4.29572053e-02
4.60234843e-02
4.90893275e-02
5.21547087e-02
5.52196018e-02
5.82839735e-02
6.13477938e-02
6.44110441e-02
6.74736723e-02
7.05356747e-02
7.35969990e-02
7.66576380e-02
7.97175542e-02
8.27767178e-02
8.58350992e-02
8.88926685e-02
9.19494033e-02
9.50052813e-02
9.80602652e-02
1.01114325e-01
1.04167439e-01
1.07219562e-01
1.10270672e-01
1.13320753e-01
1.16369754e-01
1.19417667e-01
1.22464456e-01
1.25510082e-01
1.28554538e-01
1.31597787e-01
1.34639770e-01
1.37680501e-01
1.40719920e-01
1.43758029e-01
1.46794781e-01
1.49830148e-01
1.52864099e-01
1.55896619e-01
1.58927664e-01
1.61957204e-01
1.64985225e-01
1.68011695e-01
1.71036571e-01
1.74059853e-01
1.77081496e-01
1.80101454e-01
1.83119729e-01
1.86136276e-01
1.89151064e-01
1.92164063e-01
1.95175260e-01
1.98184624e-01
2.01192111e-01
2.04197720e-01
2.07201391e-01
2.10203111e-01
2.13202849e-01
2.16200590e-01
2.19196290e-01
2.22189918e-01
2.25181445e-01
2.28170857e-01
2.31158122e-01
2.34143198e-01
2.37126082e-01
2.40106732e-01
2.43085116e-01
2.46061206e-01
2.49034971e-01
2.52006412e-01
2.54975468e-01
2.57942140e-01
2.60906339e-01
2.63868123e-01
2.66827375e-01
2.69784153e-01
2.72738367e-01
2.75690049e-01
2.78639078e-01
2.81585515e-01
2.84529269e-01
2.87470400e-01
2.90408790e-01
2.93344438e-01
2.96277314e-01
2.99207419e-01
3.02134663e-01
3.05059105e-01
3.07980686e-01
3.10899317e-01
3.13815057e-01
3.16727817e-01
3.19637597e-01
3.22544396e-01
3.25448096e-01
3.28348786e-01
3.31246346e-01
3.34140807e-01
3.37032139e-01
3.39920253e-01
3.42805207e-01
3.45686942e-01
3.48565370e-01
3.51440549e-01
3.54312360e-01
3.57180864e-01
3.60045999e-01
3.62907767e-01
3.65766078e-01
3.68620962e-01
3.71472389e-01
3.74320298e-01
3.77164692e-01
3.80005538e-01
3.82842779e-01
3.85676414e-01
3.88506442e-01
3.91332775e-01
3.94155443e-01
3.96974385e-01
3.99789602e-01
4.02601033e-01
4.05408680e-01
4.08212513e-01
4.11012501e-01
4.13808644e-01
4.16600853e-01
4.19389129e-01
4.22173470e-01
4.24953848e-01
4.27730203e-01
4.30502534e-01
4.33270812e-01
4.36035007e-01
4.38795060e-01
4.41551000e-01
4.44302797e-01
4.47050393e-01
4.49793786e-01
4.52532917e-01
4.55267817e-01
4.57998395e-01
4.60724682e-01
4.63446617e-01
4.66164201e-01
4.68877375e-01
4.71586138e-01
4.74290460e-01
4.76990342e-01
4.79685694e-01
4.82376546e-01
4.85062838e-01
4.87744570e-01
4.90421683e-01
4.93094206e-01
4.95762050e-01
4.98425215e-01
5.01083672e-01
5.03737450e-01
5.06386518e-01
5.09030819e-01
5.11670351e-01
5.14304996e-01
5.16934752e-01
5.19559681e-01
5.22179723e-01
5.24794757e-01
5.27404904e-01
5.30010164e-01
5.32610357e-01
5.35205543e-01
5.37795722e-01
5.40380836e-01
5.42960823e-01
5.45535624e-01
5.48105359e-01
5.50669909e-01
5.53229272e-01
5.55783451e-01
5.58332384e-01
5.60876071e-01
5.63414514e-01
5.65947592e-01
5.68475306e-01
5.70997715e-01
5.73514700e-01
5.76026320e-01
5.78532517e-01
5.81033230e-01
5.83528459e-01
5.86018205e-01
5.88502467e-01
5.90981185e-01
5.93454242e-01
5.95921755e-01
5.98383665e-01
6.00839972e-01
6.03290558e-01
6.05735481e-01
6.08174682e-01
6.10608220e-01
6.13036096e-01
6.15458131e-01
6.17874324e-01
6.20284617e-01
6.22689128e-01
6.25087738e-01
6.27480388e-01
6.29867196e-01
6.32248104e-01
6.34623051e-01
6.36992037e-01
6.39355004e-01
6.41711950e-01
6.44062877e-01
6.46407664e-01
6.48746431e-01
6.51078999e-01
6.53405488e-01
6.55725837e-01
6.58039987e-01
6.60347939e-01
6.62649691e-01
6.64945185e-01
6.67234421e-01
6.69517338e-01
6.71793997e-01
6.74064279e-01
6.76328182e-01
6.78585827e-01
6.80836976e-01
6.83081746e-01
6.85320079e-01
6.87551975e-01
6.89777434e-01
6.91996396e-01
6.94208741e-01
6.96414590e-01
6.98613882e-01
7.00806558e-01
7.02992618e-01
7.05172062e-01
7.07344830e-01
7.09511042e-01
7.11670518e-01
7.13823378e-01
7.15969503e-01
7.18108833e-01
7.20241368e-01
7.22367108e-01
7.24485993e-01
7.26598144e-01
7.28703380e-01
7.30801761e-01
7.32893288e-01
7.34977901e-01
7.37055600e-01
7.39126384e-01
7.41190195e-01
7.43247032e-01
7.45296836e-01
7.47339547e-01
7.49375284e-01
7.51403987e-01
7.53425539e-01
7.55440056e-01
7.57447422e-01
7.59447694e-01
7.61440814e-01
7.63426721e-01
7.65405476e-01
7.67377019e-01
7.69341290e-01
7.71298349e-01
7.73248076e-01
7.75190592e-01
7.77125716e-01
7.79053628e-01
7.80974090e-01
7.82887220e-01
7.84793019e-01
7.86691368e-01
7.88582385e-01
7.90465951e-01
7.92342067e-01
7.94210672e-01
7.96071827e-01
7.97925472e-01
7.99771607e-01
8.01610172e-01
8.03441167e-01
8.05264592e-01
8.07080507e-01
8.08888793e-01
8.10689449e-01
8.12482476e-01
8.14267933e-01
8.16045702e-01
8.17815781e-01
8.19578171e-01
8.21332753e-01
8.23079586e-01
8.24818671e-01
8.26550007e-01
8.28273535e-01
8.29989254e-01
8.31697106e-01
8.33397150e-01
8.35089386e-01
8.36773694e-01
8.38450193e-01
8.40118766e-01
8.41779470e-01
8.43432188e-01
8.45076919e-01
8.46713722e-01
8.48342597e-01
8.49963427e-01
8.51576269e-01
8.53181124e-01
8.54777873e-01
8.56366634e-01
8.57947290e-01
8.59519899e-01
8.61084342e-01
8.62640679e-01
8.64188969e-01
8.65729034e-01
8.67260933e-01
8.68784666e-01
8.70300293e-01
8.71807635e-01
8.73306870e-01
8.74797821e-01
8.76280487e-01
8.77754986e-01
8.79221141e-01
8.80679071e-01
8.82128656e-01
8.83569896e-01
8.85002851e-01
8.86427462e-01
8.87843728e-01
8.89251590e-01
8.90651107e-01
8.92042279e-01
8.93424988e-01
8.94799292e-01
8.96165192e-01
8.97522628e-01
8.98871660e-01
9.00212169e-01
9.01544213e-01
9.02867794e-01
9.04182792e-01
9.05489326e-01
9.06787276e-01
9.08076644e-01
9.09357548e-01
9.10629869e-01
9.11893547e-01
9.13148642e-01
9.14395213e-01
9.15633082e-01
9.16862428e-01
9.18083072e-01
9.19295132e-01
9.20498490e-01
9.21693206e-01
9.22879219e-01
9.24056530e-01
9.25225079e-01
9.26384985e-01
9.27536070e-01
9.28678572e-01
9.29812193e-01
9.30937052e-01
9.32053149e-01
9.33160543e-01
9.34259117e-01
9.35348868e-01
9.36429739e-01
9.37501848e-01
9.38565135e-01
9.39619601e-01
9.40665185e-01
9.41701889e-01
9.42729712e-01
9.43748713e-01
9.44758773e-01
9.45759952e-01
9.46752191e-01
9.47735488e-01
9.48709905e-01
9.49675441e-01
9.50631976e-01
9.51579630e-01
9.52518165e-01
9.53447819e-01
9.54368472e-01
9.55280185e-01
9.56182837e-01
9.57076490e-01
9.57961023e-01
9.58836675e-01
9.59703207e-01
9.60560679e-01
9.61409152e-01
9.62248623e-01
9.63078976e-01
9.63900268e-01
9.64712441e-01
9.65515554e-01
9.66309607e-01
9.67094541e-01
9.67870355e-01
9.68637049e-01
9.69394624e-01
9.70143080e-01
9.70882356e-01
9.71612513e-01
9.72333491e-01
9.73045290e-01
9.73747909e-01
9.74441409e-01
9.75125670e-01
9.75800753e-01
9.76466656e-01
9.77123380e-01
9.77770865e-01
9.78409231e-01
9.79038298e-01
9.79658186e-01
9.80268836e-01
9.80870247e-01
9.81462359e-01
9.82045233e-01
9.82618928e-01
9.83183324e-01
9.83738482e-01
9.84284341e-01
9.84820902e-01
9.85348225e-01
9.85866249e-01
9.86374974e-01
9.86874402e-01
9.87364590e-01
9.87845421e-01
9.88316953e-01
9.88779187e-01
9.89232063e-01
9.89675641e-01
9.90109921e-01
9.90534842e-01
9.90950465e-01
9.91356790e-01
9.91753697e-01
9.92141247e-01
9.92519498e-01
9.92888391e-01
9.93247926e-01
9.93598104e-01
9.93938923e-01
9.94270325e-01
9.94592369e-01
9.94905055e-01
9.95208442e-01
9.95502412e-01
9.95787024e-01
9.96062219e-01
9.96327996e-01
9.96584415e-01
9.96831417e-01
9.97069061e-01
9.97297347e-01
9.97516215e-01
9.97725666e-01
9.97925758e-01
9.98116374e-01
9.98297632e-01
9.98469472e-01
9.98631895e-01
9.98784959e-01
9.98928547e-01
9.99062777e-01
9.99187589e-01
9.99302983e-01
9.99408960e-01
9.99505520e-01
9.99592662e-01
9.99670386e-01
9.99738634e-01
9.99797523e-01
9.99846995e-01
9.99887049e-01
9.99917686e-01
9.99938846e-01
9.99950588e-01
9.99952972e-01
9.99945879e-01
9.99929428e-01
9.99903560e-01
9.99868214e-01
9.99823451e-01
9.99769270e-01
9.99705672e-01
9.99632657e-01
9.99550223e-01
9.99458373e-01
9.99357164e-01
9.99246478e-01
9.99126375e-01
9.98996854e-01
9.98857915e-01
9.98709679e-01
9.98551905e-01
9.98384774e-01
9.98208225e-01
9.98022258e-01
9.97826934e-01
9.97622132e-01
9.97407973e-01
9.97184396e-01
9.96951461e-01
9.96709108e-01
9.96457398e-01
9.96196270e-01
9.95925784e-01
9.95645881e-01
9.95356619e-01
9.95058000e-01
9.94749963e-01
9.94432569e-01
9.94105756e-01
9.93769646e-01
9.93424118e-01
9.93069232e-01
9.92705047e-01
9.92331505e-01
9.91948545e-01
9.91556287e-01
9.91154671e-01
9.90743756e-01
9.90323544e-01
9.89893854e-01
9.89454985e-01
9.89006698e-01
9.88549173e-01
9.88082290e-01
9.87606108e-01
9.87120628e-01
9.86625850e-01
9.86121774e-01
9.85608399e-01
9.85085666e-01
9.84553754e-01
9.84012485e-01
9.83462036e-01
9.82902288e-01
9.82333302e-01
9.81755018e-01
9.81167436e-01
9.80570674e-01
9.79964674e-01
9.79349434e-01
9.78724897e-01
9.78091180e-01
9.77448225e-01
9.76796150e-01
9.76134837e-01
9.75464344e-01
9.74784672e-01
9.74095821e-01
9.73397732e-01
9.72690523e-01
9.71974134e-01
9.71248567e-01
9.70513880e-01
9.69770014e-01
9.69017029e-01
9.68254864e-01
9.67483580e-01
9.66703236e-01
9.65913773e-01
9.65115130e-01
9.64307487e-01
9.63490725e-01
9.62664962e-01
9.61830080e-01
9.60986137e-01
9.60133135e-01
9.59271073e-01
9.58400011e-01
9.57519889e-01
9.56630707e-01
9.55732584e-01
9.54825401e-01
9.53909218e-01
9.52984095e-01
9.52049971e-01
9.51106846e-01
9.50154781e-01
9.49193716e-01
9.48223710e-01
9.47244823e-01
9.46256995e-01
9.45260286e-01
9.44254696e-01
9.43240225e-01
9.42216814e-01
9.41184521e-01
9.40143347e-01
9.39093292e-01
9.38034415e-01
9.36966777e-01
9.35890257e-01
9.34804916e-01
9.33710873e-01
9.32607889e-01
9.31496143e-01
9.30375636e-01
9.29246366e-01
9.28108335e-01
9.26961541e-01
9.25806105e-01
9.24641907e-01
9.23468947e-01
9.22287285e-01
9.21096921e-01
9.19897914e-01
9.18690205e-01
9.17473912e-01
9.16248918e-01
9.15015340e-01
9.13773060e-01
9.12522197e-01
9.11262751e-01
9.09994781e-01
9.08718169e-01
9.07432973e-01
9.06139314e-01
9.04837072e-01
9.03526247e-01
9.02207017e-01
9.00879204e-01
8.99542987e-01
8.98198247e-01
8.96845043e-01
8.95483375e-01
8.94113302e-01
8.92734766e-01
8.91347766e-01
8.89952421e-01
8.88548732e-01
8.87136698e-01
8.85716259e-01
8.84287417e-01
8.82850289e-01
8.81404817e-01
8.79951119e-01
8.78489077e-01
8.77018809e-01
8.75540197e-01
8.74053419e-01
8.72558415e-01
8.71055126e-01
8.69543612e-01
8.68023872e-01
8.66496086e-01
8.64960015e-01
8.63415897e-01
8.61863554e-01
8.60303164e-01
8.58734608e-01
8.57158005e-01
8.55573356e-01
8.53980601e-01
8.52379799e-01
8.50770950e-01
8.49154055e-01
8.47529173e-01
8.45896304e-01
8.44255567e-01
8.42606783e-01
8.40950072e-01
8.39285433e-01
8.37612927e-01
8.35932493e-01
8.34244251e-01
8.32548141e-01
8.30844164e-01
8.29132378e-01
8.27412784e-01
8.25685441e-01
8.23950231e-01
8.22207272e-01
8.20456505e-01
8.18697989e-01
8.16931784e-01
8.15157831e-01
8.13376307e-01
8.11587095e-01
8.09790254e-01
8.07985783e-01
8.06173682e-01
8.04354012e-01
8.02526772e-01
8.00691903e-01
7.98849583e-01
7.96999693e-01
7.95142293e-01
7.93277383e-01
7.91404963e-01
7.89525092e-01
7.87637830e-01
7.85743177e-01
7.83841074e-01
7.81931639e-01
7.80014813e-01
7.78090596e-01
7.76159108e-01
7.74220288e-01
7.72274196e-01
7.70320773e-01
7.68360078e-01
7.66392171e-01
7.64416993e-01
7.62434661e-01
7.60445178e-01
7.58448541e-01
7.56444693e-01
7.54433751e-01
7.52415717e-01
7.50390589e-01
7.48358369e-01
7.46319115e-01
7.44272828e-01
7.42219508e-01
7.40159154e-01
7.38091886e-01
7.36017644e-01
7.33936429e-01
7.31848419e-01
7.29753435e-01
7.27651596e-01
7.25542963e-01
7.23427415e-01
7.21305132e-01
7.19175935e-01
7.17040002e-01
7.14897275e-01
7.12747812e-01
7.10591674e-01
7.08428800e-01
7.06259251e-01
7.04083145e-01
7.01900363e-01
6.99711025e-01
6.97515070e-01
6.95312500e-01
6.93103433e-01
6.90887749e-01
6.88665569e-01
6.86436892e-01
6.84201777e-01
6.81960225e-01
6.79712296e-01
6.77457869e-01
6.75197124e-01
6.72930002e-01
6.70656562e-01
6.68376803e-01
6.66090727e-01
6.63798332e-01
6.61499679e-01
6.59194827e-01
6.56883776e-01
6.54566526e-01
6.52243137e-01
6.49913609e-01
6.47577882e-01
6.45236135e-01
6.42888248e-01
6.40534282e-01
6.38174295e-01
6.35808289e-01
6.33436322e-01
6.31058395e-01
6.28674507e-01
6.26284778e-01
6.23889089e-01
6.21487558e-01
6.19080126e-01
6.16666913e-01
6.14247799e-01
6.11822903e-01
6.09392166e-01
6.06955767e-01
6.04513705e-01
6.02065980e-01
5.99612594e-01
5.97153485e-01
5.94688773e-01
5.92218459e-01
5.89742601e-01
5.87261081e-01
5.84774017e-01
5.82281530e-01
5.79783499e-01
5.77280045e-01
5.74771106e-01
5.72256863e-01
5.69737196e-01
5.67212164e-01
5.64681768e-01
5.62146008e-01
5.59604943e-01
5.57058632e-01
5.54507077e-01
5.51950276e-01
5.49388349e-01
5.46821177e-01
5.44248879e-01
5.41671455e-01
5.39088905e-01
5.36501288e-01
5.33908606e-01
5.31310916e-01
5.28708220e-01
5.26100576e-01
5.23487926e-01
5.20870328e-01
5.18247902e-01
5.15620530e-01
5.12988329e-01
5.10351181e-01
5.07709205e-01
5.05062521e-01
5.02411127e-01
4.99755055e-01
4.97094244e-01
4.94428724e-01
4.91758585e-01
4.89083737e-01
4.86404330e-01
4.83720303e-01
4.81031746e-01
4.78338599e-01
4.75641012e-01
4.72938925e-01
4.70232397e-01
4.67521399e-01
4.64806020e-01
4.62086260e-01
4.59362149e-01
4.56633687e-01
4.53900963e-01
4.51163948e-01
4.48422670e-01
4.45677161e-01
4.42927450e-01
4.40173596e-01
4.37415570e-01
4.34653431e-01
4.31887180e-01
4.29116875e-01
4.26342517e-01
4.23564166e-01
4.20781821e-01
4.17995512e-01
4.15205270e-01
4.12411094e-01
4.09613043e-01
4.06811118e-01
4.04005378e-01
4.01195824e-01
3.98382515e-01
3.95565420e-01
3.92744601e-01
3.89920086e-01
3.87091905e-01
3.84260088e-01
3.81424636e-01
3.78585577e-01
3.75742972e-01
3.72896820e-01
3.70047152e-01
3.67193997e-01
3.64337385e-01
3.61477315e-01
3.58613878e-01
3.55747044e-01
3.52876872e-01
3.50003362e-01
3.47126544e-01
3.44246477e-01
3.41363132e-01
3.38476598e-01
3.35586905e-01
3.32694024e-01
3.29798013e-01
3.26898873e-01
3.23996663e-01
3.21091384e-01
3.18183124e-01
3.15271825e-01
3.12357575e-01
3.09440404e-01
3.06520283e-01
3.03597301e-01
3.00671428e-01
2.97742754e-01
2.94811249e-01
2.91876972e-01
2.88939923e-01
2.86000192e-01
2.83057749e-01
2.80112654e-01
2.77164906e-01
2.74214566e-01
2.71261632e-01
2.68306136e-01
2.65348107e-01
2.62387574e-01
2.59424567e-01
2.56459147e-01
2.53491312e-01
2.50521064e-01
2.47548461e-01
2.44573519e-01
2.41596267e-01
2.38616750e-01
2.35634968e-01
2.32650980e-01
2.29664788e-01
2.26676449e-01
2.23685965e-01
2.20693380e-01
2.17698723e-01
2.14702010e-01
2.11703271e-01
2.08702534e-01
2.05699831e-01
2.02695176e-01
1.99688643e-01
1.96680218e-01
1.93669930e-01
1.90657824e-01
1.87643915e-01
1.84628248e-01
1.81610852e-01
1.78591728e-01
1.75570920e-01
1.72548473e-01
1.69524387e-01
1.66498721e-01
1.63471460e-01
1.60442680e-01
1.57412380e-01
1.54380575e-01
1.51347339e-01
1.48312658e-01
1.45276606e-01
1.42239168e-01
1.39200389e-01
1.36160299e-01
1.33118942e-01
1.30076319e-01
1.27032474e-01
1.23987436e-01
1.20941229e-01
1.17893882e-01
1.14845425e-01
1.11795880e-01
1.08745284e-01
1.05693661e-01
1.02641046e-01
9.95874628e-02
9.65329483e-02
9.34775174e-02
9.04211998e-02
8.73640403e-02
8.43060538e-02
8.12472701e-02
7.81877190e-02
7.51274377e-02
7.20664412e-02
6.90047741e-02
6.59424514e-02
6.28795102e-02
5.98159768e-02
5.67518808e-02
5.36872447e-02
5.06221093e-02
4.75564934e-02
4.44904305e-02
4.14239503e-02
3.83570790e-02
3.52898464e-02
3.22222784e-02
2.91544106e-02
2.60862652e-02
2.30178740e-02
1.99492667e-02
1.68804713e-02
1.38115166e-02
1.07424324e-02
7.67324725e-03
4.60398896e-03
1.53468747e-03
-1.53462833e-03
-4.60392982e-03
-7.67318765e-03
-1.07423728e-02
-1.38114579e-02
-1.68804117e-02
-1.99492071e-02
-2.30178144e-02
-2.60862056e-02
-2.91543510e-02
-3.22222225e-02
-3.52897905e-02
-3.83570194e-02
-4.14238907e-02
-4.44903709e-02
-4.75564338e-02
-5.06220497e-02
-5.36871850e-02
-5.67518175e-02
-5.98159209e-02
-6.28794581e-02
-6.59423992e-02
-6.90047219e-02
-7.20663965e-02
-7.51273781e-02
-7.81876594e-02
-8.12472031e-02
-8.43059868e-02
-8.73639733e-02
-9.04211402e-02
-9.34774503e-02
-9.65328887e-02
-9.95874181e-02
-1.02641001e-01
-1.05693609e-01
-1.08745225e-01
-1.11795820e-01
-1.14845358e-01
-1.17893815e-01
-1.20941162e-01
-1.23987369e-01
-1.27032414e-01
-1.30076274e-01
-1.33118898e-01
-1.36160269e-01
-1.39200345e-01
-1.42239124e-01
-1.45276546e-01
-1.48312613e-01
-1.51347265e-01
-1.54380500e-01
-1.57412291e-01
-1.60442591e-01
-1.63471386e-01
-1.66498646e-01
-1.69524327e-01
-1.72548413e-01
-1.75570875e-01
-1.78591669e-01
-1.81610778e-01
-1.84628189e-01
-1.87643856e-01
-1.90657750e-01
-1.93669856e-01
-1.96680143e-01
-1.99688584e-01
-2.02695131e-01
-2.05699772e-01
-2.08702475e-01
-2.11703196e-01
-2.14701951e-01
-2.17698649e-01
-2.20693320e-01
-2.23685890e-01
-2.26676390e-01
-2.29664728e-01
-2.32650921e-01
-2.35634908e-01
-2.38616690e-01
-2.41596207e-01
-2.44573444e-01
-2.47548357e-01
-2.50520945e-01
-2.53491193e-01
-2.56459057e-01
-2.59424508e-01
-2.62387514e-01
-2.65348047e-01
-2.68306077e-01
-2.71261573e-01
-2.74214506e-01
-2.77164876e-01
-2.80112624e-01
-2.83057719e-01
-2.86000162e-01
-2.88939893e-01
-2.91876912e-01
-2.94811189e-01
-2.97742695e-01
-3.00671399e-01
-3.03597271e-01
-3.06520253e-01
-3.09440374e-01
-3.12357545e-01
-3.15271795e-01
-3.18183064e-01
-3.21091354e-01
-3.23996603e-01
-3.26898813e-01
-3.29797953e-01
-3.32693994e-01
-3.35586846e-01
-3.38476568e-01
-3.41363102e-01
-3.44246417e-01
-3.47126484e-01
-3.50003302e-01
-3.52876812e-01
-3.55746984e-01
-3.58613819e-01
-3.61477256e-01
-3.64337325e-01
-3.67193937e-01
-3.70047092e-01
-3.72896761e-01
-3.75742882e-01
-3.78585517e-01
-3.81424546e-01
-3.84260029e-01
-3.87091845e-01
-3.89920026e-01
-3.92744541e-01
-3.95565361e-01
-3.98382455e-01
-4.01195794e-01
-4.04005349e-01
-4.06811088e-01
-4.09612983e-01
-4.12411034e-01
-4.15205210e-01
-4.17995483e-01
-4.20781791e-01
-4.23564136e-01
-4.26342487e-01
-4.29116845e-01
-4.31887150e-01
-4.34653401e-01
-4.37415540e-01
-4.40173537e-01
-4.42927390e-01
-4.45677072e-01
-4.48422581e-01
-4.51163858e-01
-4.53900903e-01
-4.56633627e-01
-4.59362090e-01
-4.62086171e-01
-4.64805931e-01
-4.67521340e-01
-4.70232278e-01
-4.72938836e-01
-4.75640923e-01
-4.78338540e-01
-4.81031656e-01
-4.83720243e-01
-4.86404270e-01
-4.89083707e-01
-4.91758525e-01
-4.94428724e-01
-4.97094244e-01
-4.99755085e-01
-5.02411187e-01
-5.05062580e-01
-5.07709265e-01
-5.10351121e-01
-5.12988210e-01
-5.15620410e-01
-5.18247783e-01
-5.20870209e-01
-5.23487806e-01
-5.26100457e-01
-5.28708100e-01
-5.31310797e-01
-5.33908486e-01
-5.36501169e-01
-5.39088786e-01
-5.41671336e-01
-5.44248760e-01
-5.46821058e-01
-5.49388230e-01
-5.51950216e-01
-5.54507017e-01
-5.57058573e-01
-5.59604883e-01
-5.62145948e-01
-5.64681709e-01
-5.67212105e-01
-5.69737196e-01
-5.72256863e-01
-5.74771166e-01
-5.77280045e-01
-5.79783499e-01
-5.82281530e-01
-5.84774017e-01
-5.87261021e-01
-5.89742541e-01
-5.92218459e-01
-5.94688773e-01
-5.97153425e-01
-5.99612534e-01
-6.02065921e-01
-6.04513705e-01
-6.06955767e-01
-6.09392166e-01
-6.11822844e-01
-6.14247799e-01
-6.16666853e-01
-6.19080126e-01
-6.21487558e-01
-6.23889089e-01
-6.26284778e-01
-6.28674567e-01
-6.31058395e-01
-6.33436322e-01
-6.35808289e-01
-6.38174295e-01
-6.40534222e-01
-6.42888188e-01
-6.45236075e-01
-6.47577822e-01
-6.49913549e-01
-6.52243018e-01
-6.54566407e-01
-6.56883717e-01
-6.59194767e-01
-6.61499619e-01
-6.63798273e-01
-6.66090608e-01
-6.68376744e-01
-6.70656502e-01
-6.72930002e-01
-6.75197124e-01
-6.77457869e-01
-6.79712236e-01
-6.81960225e-01
-6.84201717e-01
-6.86436832e-01
-6.88665509e-01
-6.90887749e-01
-6.93103433e-01
-6.95312560e-01
-6.97515070e-01
-6.99711025e-01
-7.01900423e-01
-7.04083145e-01
-7.06259310e-01
-7.08428741e-01
-7.10591555e-01
-7.12747753e-01
-7.14897275e-01
-7.17040002e-01
-7.19175935e-01
-7.21305072e-01
-7.23427415e-01
-7.25542963e-01
-7.27651656e-01
-7.29753435e-01
-7.31848359e-01
-7.33936429e-01
-7.36017585e-01
-7.38091826e-01
-7.40159154e-01
-7.42219508e-01
-7.44272828e-01
-7.46319115e-01
-7.48358369e-01
-7.50390589e-01
-7.52415717e-01
-7.54433751e-01
-7.56444693e-01
-7.58448482e-01
-7.60445118e-01
-7.62434602e-01
-7.64416933e-01
-7.66392112e-01
-7.68360019e-01
-7.70320714e-01
-7.72274077e-01
-7.74220228e-01
-7.76159048e-01
-7.78090596e-01
-7.80014753e-01
-7.81931639e-01
-7.83841074e-01
-7.85743177e-01
-7.87637830e-01
-7.89525092e-01
-7.91404963e-01
-7.93277383e-01
-7.95142293e-01
-7.96999693e-01
-7.98849583e-01
-8.00691903e-01
-8.02526712e-01
-8.04353893e-01
-8.06173503e-01
-8.07985544e-01
-8.09790015e-01
-8.11586857e-01
-8.13376129e-01
-8.15157771e-01
-8.16931725e-01
-8.18697989e-01
-8.20456505e-01
-8.22207212e-01
-8.23950112e-01
-8.25685322e-01
-8.27412784e-01
-8.29132378e-01
-8.30844223e-01
-8.32548201e-01
-8.34244251e-01
-8.35932553e-01
-8.37612927e-01
-8.39285493e-01
-8.40950072e-01
-8.42606783e-01
-8.44255507e-01
-8.45896363e-01
-8.47529173e-01
-8.49154055e-01
-8.50770891e-01
-8.52379680e-01
-8.53980541e-01
-8.55573237e-01
-8.57158005e-01
-8.58734608e-01
-8.60303104e-01
-8.61863554e-01
-8.63415837e-01
-8.64960015e-01
-8.66496086e-01
-8.68023932e-01
-8.69543612e-01
-8.71055067e-01
-8.72558355e-01
-8.74053419e-01
-8.75540197e-01
-8.77018750e-01
-8.78489017e-01
-8.79951060e-01
-8.81404757e-01
-8.82850170e-01
-8.84287357e-01
-8.85716140e-01
-8.87136638e-01
-8.88548672e-01
-8.89952421e-01
-8.91347766e-01
-8.92734706e-01
-8.94113243e-01
-8.95483315e-01
-8.96844983e-01
-8.98198187e-01
-8.99542987e-01
-9.00879264e-01
-9.02207017e-01
-9.03526306e-01
-9.04837072e-01
-9.06139314e-01
-9.07433033e-01
-9.08718169e-01
-9.09994781e-01
-9.11262810e-01
-9.12522256e-01
-9.13773060e-01
-9.15015280e-01
-9.16248918e-01
-9.17473912e-01
-9.18690205e-01
-9.19897914e-01
-9.21096921e-01
-9.22287285e-01
-9.23468947e-01
-9.24641907e-01
-9.25806105e-01
-9.26961541e-01
-9.28108335e-01
-9.29246366e-01
-9.30375636e-01
-9.31496143e-01
-9.32607889e-01
-9.33710814e-01
-9.34804976e-01
-9.35890377e-01
-9.36966896e-01
-9.38034594e-01
-9.39093411e-01
-9.40143406e-01
-9.41184580e-01
-9.42216814e-01
-9.43240225e-01
-9.44254756e-01
-9.45260346e-01
-9.46257114e-01
-9.47244883e-01
-9.48223770e-01
-9.49193776e-01
-9.50154781e-01
-9.51106846e-01
-9.52049971e-01
-9.52984095e-01
-9.53909218e-01
-9.54825401e-01
-9.55732584e-01
-9.56630766e-01
-9.57519889e-01
-9.58400011e-01
-9.59271073e-01
-9.60133135e-01
-9.60986137e-01
-9.61830080e-01
-9.62664962e-01
-9.63490784e-01
-9.64307547e-01
-9.65115190e-01
-9.65913773e-01
-9.66703236e-01
-9.67483640e-01
-9.68254864e-01
-9.69017029e-01
-9.69770014e-01
-9.70513880e-01
-9.71248567e-01
-9.71974134e-01
-9.72690523e-01
-9.73397672e-01
-9.74095762e-01
-9.74784613e-01
-9.75464344e-01
-9.76134896e-01
-9.76796210e-01
-9.77448344e-01
-9.78091240e-01
-9.78724957e-01
-9.79349375e-01
-9.79964614e-01
-9.80570614e-01
-9.81167376e-01
-9.81754899e-01
-9.82333243e-01
-9.82902229e-01
-9.83462036e-01
-9.84012485e-01
-9.84553754e-01
-9.85085666e-01
-9.85608339e-01
-9.86121774e-01
-9.86625910e-01
-9.87120688e-01
-9.87606227e-01
-9.88082349e-01
-9.88549292e-01
-9.89006817e-01
-9.89455104e-01
-9.89893973e-01
-9.90323544e-01
-9.90743876e-01
-9.91154850e-01
-9.91556406e-01
-9.91948605e-01
-9.92331505e-01
-9.92705047e-01
-9.93069291e-01
-9.93424177e-01
-9.93769646e-01
-9.94105816e-01
-9.94432509e-01
-9.94749904e-01
-9.95057940e-01
-9.95356619e-01
-9.95645881e-01
-9.95925784e-01
-9.96196270e-01
-9.96457338e-01
-9.96709108e-01
-9.96951461e-01
-9.97184396e-01
-9.97407973e-01
-9.97622132e-01
-9.97826874e-01
-9.98022199e-01
-9.98208165e-01
-9.98384714e-01
-9.98551905e-01
-9.98709679e-01
-9.98858035e-01
-9.98996973e-01
-9.99126434e-01
-9.99246538e-01
-9.99357164e-01
-9.99458432e-01
-9.99550283e-01
-9.99632657e-01
-9.99705672e-01
-9.99769270e-01
-9.99823451e-01
-9.99868155e-01
-9.99903500e-01
-9.99929368e-01
-9.99945939e-01
-9.99953032e-01
-9.99950647e-01
-9.99938846e-01
-9.99917686e-01
-9.99886990e-01
-9.99846935e-01
-9.99797463e-01
-9.99738574e-01
-9.99670267e-01
-9.99592602e-01
-9.99505460e-01
-9.99408901e-01
-9.99302983e-01
-9.99187648e-01
-9.99062836e-01
-9.98928607e-01
-9.98784959e-01
-9.98632014e-01
-9.98469532e-01
-9.98297691e-01
-9.98116434e-01
-9.97925818e-01
-9.97725725e-01
-9.97516215e-01
-9.97297406e-01
-9.97069120e-01
-9.96831477e-01
-9.96584475e-01
-9.96328056e-01
-9.96062219e-01
-9.95787024e-01
-9.95502412e-01
-9.95208442e-01
-9.94905114e-01
-9.94592369e-01
-9.94270325e-01
-9.93938863e-01
-9.93598044e-01
-9.93247926e-01
-9.92888391e-01
-9.92519498e-01
-9.92141187e-01
-9.91753638e-01
-9.91356671e-01
-9.90950406e-01
-9.90534842e-01
-9.90109921e-01
-9.89675701e-01
-9.89232063e-01
-9.88779187e-01
-9.88316953e-01
-9.87845361e-01
-9.87364531e-01
-9.86874402e-01
-9.86374974e-01
-9.85866249e-01
-9.85348165e-01
-9.84820902e-01
-9.84284282e-01
-9.83738422e-01
-9.83183324e-01
-9.82618928e-01
-9.82045293e-01
-9.81462359e-01
-9.80870187e-01
-9.80268836e-01
-9.79658127e-01
-9.79038298e-01
-9.78409171e-01
-9.77770865e-01
-9.77123380e-01
-9.76466715e-01
-9.75800812e-01
-9.75125670e-01
-9.74441409e-01
-9.73747969e-01
-9.73045290e-01
-9.72333491e-01
-9.71612513e-01
-9.70882356e-01
-9.70143080e-01
-9.69394624e-01
-9.68637049e-01
-9.67870355e-01
-9.67094541e-01
-9.66309667e-01
-9.65515673e-01
-9.64712560e-01
-9.63900328e-01
-9.63079035e-01
-9.62248683e-01
-9.61409211e-01
-9.60560739e-01
-9.59703267e-01
-9.58836734e-01
-9.57961082e-01
-9.57076490e-01
-9.56182778e-01
-9.55280125e-01
-9.54368472e-01
-9.53447878e-01
-9.52518165e-01
-9.51579571e-01
-9.50631976e-01
-9.49675500e-01
-9.48709965e-01
-9.47735608e-01
-9.46752250e-01
-9.45759952e-01
-9.44758773e-01
-9.43748713e-01
-9.42729771e-01
-9.41701949e-01
-9.40665245e-01
-9.39619660e-01
-9.38565135e-01
-9.37501848e-01
-9.36429799e-01
-9.35348809e-01
-9.34259057e-01
-9.33160424e-01
-9.32053149e-01
-9.30936992e-01
-9.29812193e-01
-9.28678513e-01
-9.27536070e-01
-9.26384926e-01
-9.25225079e-01
-9.24056470e-01
-9.22879159e-01
-9.21693206e-01
-9.20498490e-01
-9.19295192e-01
-9.18083131e-01
-9.16862428e-01
-9.15633142e-01
-9.14395213e-01
-9.13148761e-01
-9.11893606e-01
-9.10629928e-01
-9.09357607e-01
-9.08076704e-01
-9.06787336e-01
-9.05489326e-01
-9.04182792e-01
-9.02867734e-01
-9.01544213e-01
-9.00212169e-01
-8.98871601e-01
-8.97522628e-01
-8.96165252e-01
-8.94799411e-01
-8.93425047e-01
-8.92042279e-01
-8.90651166e-01
-8.89251590e-01
-8.87843728e-01
-8.86427462e-01
-8.85002851e-01
-8.83569896e-01
-8.82128656e-01
-8.80679011e-01
-8.79221141e-01
-8.77754986e-01
-8.76280546e-01
-8.74797821e-01
-8.73306870e-01
-8.71807694e-01
-8.70300353e-01
-8.68784785e-01
-8.67260993e-01
-8.65729034e-01
-8.64188969e-01
-8.62640738e-01
-8.61084402e-01
-8.59519899e-01
-8.57947350e-01
-8.56366694e-01
-8.54777932e-01
-8.53181183e-01
-8.51576388e-01
-8.49963546e-01
-8.48342657e-01
-8.46713841e-01
-8.45076978e-01
-8.43432188e-01
-8.41779470e-01
-8.40118825e-01
-8.38450253e-01
-8.36773813e-01
-8.35089505e-01
-8.33397269e-01
-8.31697226e-01
-8.29989314e-01
-8.28273594e-01
-8.26550066e-01
-8.24818730e-01
-8.23079586e-01
-8.21332753e-01
-8.19578171e-01
-8.17815840e-01
-8.16045761e-01
-8.14267993e-01
-8.12482536e-01
-8.10689509e-01
-8.08888793e-01
-8.07080507e-01
-8.05264711e-01
-8.03441226e-01
-8.01610231e-01
-7.99771667e-01
-7.97925591e-01
-7.96071947e-01
-7.94210792e-01
-7.92342126e-01
-7.90466011e-01
-7.88582444e-01
-7.86691427e-01
-7.84793019e-01
-7.82887220e-01
-7.80974150e-01
-7.79053628e-01
-7.77125835e-01
-7.75190651e-01
-7.73248196e-01
-7.71298409e-01
-7.69341409e-01
-7.67377079e-01
-7.65405536e-01
-7.63426781e-01
-7.61440873e-01
-7.59447753e-01
-7.57447481e-01
-7.55440116e-01
-7.53425598e-01
-7.51404047e-01
-7.49375343e-01
-7.47339666e-01
-7.45296896e-01
-7.43247032e-01
-7.41190255e-01
-7.39126384e-01
-7.37055600e-01
-7.34977901e-01
-7.32893288e-01
-7.30801761e-01
-7.28703380e-01
-7.26598144e-01
-7.24486053e-01
-7.22367108e-01
-7.20241427e-01
-7.18108892e-01
-7.15969563e-01
-7.13823438e-01
-7.11670578e-01
-7.09511042e-01
-7.07344890e-01
-7.05172062e-01
-7.02992618e-01
-7.00806558e-01
-6.98613882e-01
-6.96414590e-01
-6.94208801e-01
-6.91996455e-01
-6.89777553e-01
-6.87552094e-01
-6.85320199e-01
-6.83081865e-01
-6.80837095e-01
-6.78585887e-01
-6.76328361e-01
-6.74064398e-01
-6.71794116e-01
-6.69517457e-01
-6.67234480e-01
-6.64945245e-01
-6.62649751e-01
-6.60347998e-01
-6.58040047e-01
-6.55725837e-01
-6.53405547e-01
-6.51079059e-01
-6.48746431e-01
-6.46407723e-01
-6.44062877e-01
-6.41712010e-01
-6.39355063e-01
-6.36992097e-01
-6.34623110e-01
-6.32248163e-01
-6.29867315e-01
-6.27480507e-01
-6.25087798e-01
-6.22689128e-01
-6.20284677e-01
-6.17874324e-01
-6.15458131e-01
-6.13036096e-01
-6.10608280e-01
-6.08174741e-01
-6.05735540e-01
-6.03290617e-01
-6.00840032e-01
-5.98383784e-01
-5.95921874e-01
-5.93454361e-01
-5.90981245e-01
-5.88502526e-01
-5.86018264e-01
-5.83528519e-01
-5.81033230e-01
-5.78532517e-01
-5.76026320e-01
-5.73514760e-01
-5.70997715e-01
-5.68475366e-01
-5.65947652e-01
-5.63414574e-01
-5.60876131e-01
-5.58332443e-01
-5.55783510e-01
-5.53229332e-01
-5.50670028e-01
-5.48105478e-01
-5.45535743e-01
-5.42960882e-01
-5.40380955e-01
-5.37795842e-01
-5.35205662e-01
-5.32610476e-01
-5.30010283e-01
-5.27405083e-01
-5.24794877e-01
-5.22179723e-01
-5.19559681e-01
-5.16934812e-01
-5.14304996e-01
-5.11670351e-01
-5.09030819e-01
-5.06386518e-01
-5.03737509e-01
-5.01083732e-01
-4.98425275e-01
-4.95762080e-01
-4.93094265e-01
-4.90421772e-01
-4.87744659e-01
-4.85062927e-01
-4.82376605e-01
-4.79685754e-01
-4.76990372e-01
-4.74290520e-01
-4.71586168e-01
-4.68877405e-01
-4.66164261e-01
-4.63446677e-01
-4.60724741e-01
-4.57998455e-01
-4.55267876e-01
-4.52533007e-01
-4.49793875e-01
-4.47050482e-01
-4.44302887e-01
-4.41551089e-01
-4.38795149e-01
-4.36035037e-01
-4.33270842e-01
-4.30502564e-01
-4.27730262e-01
-4.24953908e-01
-4.22173530e-01
-4.19389218e-01
-4.16600943e-01
-4.13808703e-01
-4.11012620e-01
-4.08212602e-01
-4.05408740e-01
-4.02601093e-01
-3.99789661e-01
-3.96974444e-01
-3.94155502e-01
-3.91332835e-01
-3.88506502e-01
-3.85676503e-01
-3.82842839e-01
-3.80005568e-01
-3.77164721e-01
-3.74320358e-01
-3.71472448e-01
-3.68621022e-01
-3.65766138e-01
-3.62907797e-01
-3.60046029e-01
-3.57180893e-01
-3.54312390e-01
-3.51440549e-01
-3.48565400e-01
-3.45686972e-01
-3.42805266e-01
-3.39920342e-01
-3.37032229e-01
-3.34140897e-01
-3.31246436e-01
-3.28348875e-01
-3.25448185e-01
-3.22544456e-01
-3.19637686e-01
-3.16727906e-01
-3.13815117e-01
-3.10899407e-01
-3.07980776e-01
-3.05059195e-01
-3.02134752e-01
-2.99207479e-01
-2.96277374e-01
-2.93344498e-01
-2.90408850e-01
-2.87470490e-01
-2.84529418e-01
-2.81585634e-01
-2.78639197e-01
-2.75690109e-01
-2.72738457e-01
-2.69784212e-01
-2.66827434e-01
-2.63868183e-01
-2.60906428e-01
-2.57942200e-01
-2.54975557e-01
-2.52006471e-01
-2.49035046e-01
-2.46061265e-01
-2.43085161e-01
-2.40106791e-01
-2.37126142e-01
-2.34143257e-01
-2.31158182e-01
-2.28170916e-01
-2.25181505e-01
-2.22189963e-01
-2.19196349e-01
-2.16200650e-01
-2.13202924e-01
-2.10203186e-01
-2.07201466e-01
-2.04197794e-01
-2.01192200e-01
-1.98184714e-01
-1.95175350e-01
-1.92164153e-01
-1.89151138e-01
-1.86136335e-01
-1.83119804e-01
-1.80101529e-01
-1.77081555e-01
-1.74059927e-01
-1.71036646e-01
-1.68011755e-01
-1.64985284e-01
-1.61957249e-01
-1.58927709e-01
-1.55896649e-01
-1.52864143e-01
-1.49830192e-01
-1.46794841e-01
-1.43758088e-01
-1.40719995e-01
-1.37680560e-01
-1.34639829e-01
-1.31597832e-01
-1.28554583e-01
-1.25510141e-01
-1.22464508e-01
-1.19417727e-01
-1.16369821e-01
-1.13320820e-01
-1.10270739e-01
-1.07219629e-01
-1.04167499e-01
-1.01114392e-01
-9.80603322e-02
-9.50053483e-02
-9.19494778e-02
-8.88927355e-02
-8.58351588e-02
-8.27767774e-02
-7.97176138e-02
-7.66576976e-02
-7.35970587e-02
-7.05357268e-02
-6.74737319e-02
-6.44110963e-02
-6.13478534e-02
-5.82840294e-02
-5.52196577e-02
-5.21547683e-02
-4.90893871e-02
-4.60235402e-02
-4.29572575e-02
-3.98905836e-02
-3.68236713e-02
-3.37570012e-02
-3.06919813e-02
-2.76314244e-02
-2.45816130e-02
-2.15493105e-02
-1.85526442e-02
-1.55826956e-02
-1.27145313e-02
-9.73783992e-03
-7.30230892e-03
-3.06951511e-03
-5.96046448e-08
5.96046448e-08
3.06951511e-03
