-1.15104578e-03
-1.08709885e-03
9.59205441e-04
3.00550135e-03
6.13886770e-03
9.20822937e-03
1.22775044e-02
1.53466631e-02
1.84156783e-02
2.14845184e-02
2.45531574e-02
2.76215635e-02
3.06897108e-02
3.37575711e-02
3.68251093e-02
3.98923010e-02
4.29591201e-02
4.60255332e-02
4.90915105e-02
5.21570258e-02
5.52220494e-02
5.82865551e-02
6.13505132e-02
6.44138902e-02
6.74766600e-02
7.05387890e-02
7.36002624e-02
7.66610354e-02
7.97210932e-02
8.27803984e-02
8.58389214e-02
8.88966322e-02
9.19535086e-02
9.50095206e-02
9.80646387e-02
1.01118833e-01
1.04172066e-01
1.07224323e-01
1.10275574e-01
1.13325790e-01
1.16374917e-01
1.19422965e-01
1.22469887e-01
1.25515655e-01
1.28560230e-01
1.31603613e-01
1.34645745e-01
1.37686595e-01
1.40726164e-01
1.43764406e-01
1.46801293e-01
1.49836794e-01
1.52870893e-01
1.55903533e-01
1.58934712e-01
1.61964402e-01
1.64992556e-01
1.68019161e-01
1.71044186e-01
1.74067602e-01
1.77089363e-01
1.80109471e-01
1.83127865e-01
1.86144546e-01
1.89159468e-01
1.92172617e-01
1.95183933e-01
1.98193431e-01
2.01201051e-01
2.04206780e-01
2.07210600e-01
2.10212454e-01
2.13212326e-01
2.16210186e-01
2.19206020e-01
2.22199768e-01
2.25191444e-01
2.28180990e-01
2.31168389e-01
2.34153599e-01
2.37136617e-01
2.40117401e-01
2.43095919e-01
2.46072143e-01
2.49046057e-01
2.52017617e-01
2.54986793e-01
2.57953584e-01
2.60917962e-01
2.63879836e-01
2.66839236e-01
2.69796133e-01
2.72750497e-01
2.75702268e-01
2.78651446e-01
2.81598032e-01
2.84541935e-01
2.87483156e-01
2.90421665e-01
2.93357462e-01
2.96290487e-01
2.99220711e-01
3.02148104e-01
3.05072665e-01
3.07994366e-01
3.10913146e-01
3.13829005e-01
3.16741914e-01
3.19651812e-01
3.22558731e-01
3.25462610e-01
3.28363389e-01
3.31261098e-01
3.34155679e-01
3.37047100e-01
3.39935362e-01
3.42820436e-01
3.45702261e-01
3.48580837e-01
3.51456106e-01
3.54328066e-01
3.57196718e-01
3.60062003e-01
3.62923890e-01
3.65782320e-01
3.68637323e-01
3.71488869e-01
3.74336928e-01
3.77181411e-01
3.80022377e-01
3.82859766e-01
3.85693550e-01
3.88523698e-01
3.91350150e-01
3.94172937e-01
3.96992028e-01
3.99807364e-01
4.02618915e-01
4.05426681e-01
4.08230662e-01
4.11030769e-01
4.13827002e-01
4.16619331e-01
4.19407755e-01
4.22192216e-01
4.24972683e-01
4.27749187e-01
4.30521637e-01
4.33290035e-01
4.36054349e-01
4.38814551e-01
4.41570640e-01
4.44322526e-01
4.47070241e-01
4.49813753e-01
4.52553004e-01
4.55288023e-01
4.58018750e-01
4.60745156e-01
4.63467240e-01
4.66184914e-01
4.68898207e-01
4.71607089e-01
4.74311531e-01
4.77011532e-01
4.79707003e-01
4.82397974e-01
4.85084385e-01
4.87766236e-01
4.90443468e-01
4.93116111e-01
4.95784074e-01
4.98447359e-01
5.01106024e-01
5.03759921e-01
5.06409049e-01
5.09053409e-01
5.11693001e-01
5.14327765e-01
5.16957700e-01
5.19582748e-01
5.22202849e-01
5.24818122e-01
5.27428389e-01
5.30033708e-01
5.32634020e-01
5.35229325e-01
5.37819624e-01
5.40404797e-01
5.42984903e-01
5.45559883e-01
5.48129678e-01
5.50694406e-01
5.53253889e-01
5.55808187e-01
5.58357239e-01
5.60900986e-01
5.63439488e-01
5.65972686e-01
5.68500519e-01
5.71023047e-01
5.73540151e-01
5.76051891e-01
5.78558207e-01
5.81059039e-01
5.83554387e-01
5.86044252e-01
5.88528574e-01
5.91007411e-01
5.93480647e-01
5.95948279e-01
5.98410308e-01
6.00866675e-01
6.03317380e-01
6.05762482e-01
6.08201802e-01
6.10635400e-01
6.13063276e-01
6.15485311e-01
6.17901564e-01
6.20312095e-01
6.22716725e-01
6.25115395e-01
6.27508283e-01
6.29895210e-01
6.32276237e-01
6.34651244e-01
6.37020350e-01
6.39383435e-01
6.41740501e-01
6.44091487e-01
6.46436393e-01
6.48775220e-01
6.51107967e-01
6.53434575e-01
6.55754983e-01
6.58069253e-01
6.60377324e-01
6.62679136e-01
6.64974749e-01
6.67264104e-01
6.69547141e-01
6.71823859e-01
6.74094260e-01
6.76358283e-01
6.78615987e-01
6.80867255e-01
6.83112144e-01
6.85350597e-01
6.87582552e-01
6.89808071e-01
6.92027092e-01
6.94239557e-01
6.96445525e-01
6.98644936e-01
7.00837672e-01
7.03023851e-01
7.05203474e-01
7.07376361e-01
7.09542632e-01
7.11702228e-01
7.13855088e-01
7.16001213e-01
7.18140662e-01
7.20273256e-01
7.22399116e-01
7.24518120e-01
7.26630390e-01
7.28735745e-01
7.30834246e-01
7.32925892e-01
7.35010564e-01
7.37088382e-01
7.39159226e-01
7.41223097e-01
7.43279994e-01
7.45329857e-01
7.47372746e-01
7.49408543e-01
7.51437366e-01
7.53459036e-01
7.55473673e-01
7.57481098e-01
7.59481430e-01
7.61474609e-01
7.63460636e-01
7.65439451e-01
7.67411053e-01
7.69375443e-01
7.71332562e-01
7.73282409e-01
7.75224984e-01
7.77160227e-01
7.79088199e-01
7.81008780e-01
7.82922029e-01
7.84827888e-01
7.86726415e-01
7.88617432e-01
7.90501058e-01
7.92377234e-01
7.94245958e-01
7.96107173e-01
7.97960937e-01
7.99807131e-01
8.01645815e-01
8.03476930e-01
8.05300593e-01
8.07116508e-01
8.08924913e-01
8.10725629e-01
8.12518716e-01
8.14304173e-01
8.16081941e-01
8.17852080e-01
8.19614470e-01
8.21369112e-01
8.23116004e-01
8.24855208e-01
8.26586604e-01
8.28310251e-01
8.30026031e-01
8.31734002e-01
8.33434224e-01
8.35126519e-01
8.36810887e-01
8.38487387e-01
8.40156078e-01
8.41816843e-01
8.43469620e-01
8.45114470e-01
8.46751392e-01
8.48380327e-01
8.50001216e-01
8.51614118e-01
8.53219032e-01
8.54815841e-01
8.56404662e-01
8.57985377e-01
8.59557986e-01
8.61122608e-01
8.62679005e-01
8.64227295e-01
8.65767479e-01
8.67299497e-01
8.68823349e-01
8.70338976e-01
8.71846437e-01
8.73345673e-01
8.74836683e-01
8.76319408e-01
8.77793908e-01
8.79260182e-01
8.80718112e-01
8.82167816e-01
8.83609116e-01
8.85042131e-01
8.86466801e-01
8.87883127e-01
8.89291108e-01
8.90690684e-01
8.92081857e-01
8.93464684e-01
8.94839048e-01
8.96205008e-01
8.97562504e-01
8.98911536e-01
9.00252104e-01
9.01584208e-01
9.02907789e-01
9.04222906e-01
9.05529439e-01
9.06827450e-01
9.08116937e-01
9.09397840e-01
9.10670221e-01
9.11934018e-01
9.13189232e-01
9.14435804e-01
9.15673792e-01
9.16903138e-01
9.18123841e-01
9.19335961e-01
9.20539320e-01
9.21734035e-01
9.22920108e-01
9.24097478e-01
9.25266147e-01
9.26425993e-01
9.27577257e-01
9.28719699e-01
9.29853380e-01
9.30978358e-01
9.32094514e-01
9.33201849e-01
9.34300482e-01
9.35390353e-01
9.36471283e-01
9.37543452e-01
9.38606799e-01
9.39661264e-01
9.40706909e-01
9.41743672e-01
9.42771554e-01
9.43790555e-01
9.44800675e-01
9.45801914e-01
9.46794212e-01
9.47777629e-01
9.48752105e-01
9.49717581e-01
9.50674176e-01
9.51621771e-01
9.52560425e-01
9.53490138e-01
9.54410791e-01
9.55322504e-01
9.56225157e-01
9.57118869e-01
9.58003581e-01
9.58879173e-01
9.59745824e-01
9.60603356e-01
9.61451888e-01
9.62291360e-01
9.63121772e-01
9.63943064e-01
9.64755356e-01
9.65558469e-01
9.66352522e-01
9.67137516e-01
9.67913330e-01
9.68680024e-01
9.69437659e-01
9.70186114e-01
9.70925450e-01
9.71655607e-01
9.72376585e-01
9.73088443e-01
9.73791122e-01
9.74484622e-01
9.75169003e-01
9.75844145e-01
9.76510108e-01
9.77166831e-01
9.77814376e-01
9.78452682e-01
9.79081810e-01
9.79701698e-01
9.80312288e-01
9.80913758e-01
9.81505930e-01
9.82088864e-01
9.82662559e-01
9.83226955e-01
9.83782113e-01
9.84328032e-01
9.84864593e-01
9.85391974e-01
9.85909998e-01
9.86418724e-01
9.86918211e-01
9.87408400e-01
9.87889290e-01
9.88360822e-01
9.88823116e-01
9.89275992e-01
9.89719629e-01
9.90153909e-01
9.90578830e-01
9.90994453e-01
9.91400778e-01
9.91797686e-01
9.92185295e-01
9.92563546e-01
9.92932439e-01
9.93292034e-01
9.93642211e-01
9.93983030e-01
9.94314492e-01
9.94636595e-01
9.94949281e-01
9.95252669e-01
9.95546639e-01
9.95831192e-01
9.96106446e-01
9.96372283e-01
9.96628702e-01
9.96875703e-01
9.97113407e-01
9.97341692e-01
9.97560561e-01
9.97770011e-01
9.97970045e-01
9.98160720e-01
9.98341978e-01
9.98513818e-01
9.98676240e-01
9.98829305e-01
9.98972952e-01
9.99107182e-01
9.99231994e-01
9.99347329e-01
9.99453306e-01
9.99549866e-01
9.99637008e-01
9.99714732e-01
9.99783039e-01
9.99841869e-01
9.99891400e-01
9.99931455e-01
9.99962032e-01
9.99983251e-01
9.99995053e-01
9.99997377e-01
9.99990344e-01
9.99973834e-01
9.99947906e-01
9.99912560e-01
9.99867857e-01
9.99813676e-01
9.99750078e-01
9.99677062e-01
9.99594629e-01
9.99502778e-01
9.99401510e-01
9.99290824e-01
9.99170721e-01
9.99041259e-01
9.98902321e-01
9.98753965e-01
9.98596251e-01
9.98429060e-01
9.98252571e-01
9.98066545e-01
9.97871220e-01
9.97666419e-01
9.97452259e-01
9.97228742e-01
9.96995747e-01
9.96753395e-01
9.96501625e-01
9.96240497e-01
9.95970011e-01
9.95690107e-01
9.95400846e-01
9.95102167e-01
9.94794130e-01
9.94476736e-01
9.94149923e-01
9.93813813e-01
9.93468285e-01
9.93113399e-01
9.92749155e-01
9.92375553e-01
9.91992712e-01
9.91600394e-01
9.91198778e-01
9.90787804e-01
9.90367532e-01
9.89937901e-01
9.89498973e-01
9.89050746e-01
9.88593102e-01
9.88126218e-01
9.87649977e-01
9.87164438e-01
9.86669660e-01
9.86165524e-01
9.85652149e-01
9.85129416e-01
9.84597445e-01
9.84056175e-01
9.83505666e-01
9.82945859e-01
9.82376873e-01
9.81798530e-01
9.81211007e-01
9.80614185e-01
9.80008185e-01
9.79392886e-01
9.78768408e-01
9.78134632e-01
9.77491736e-01
9.76839602e-01
9.76178288e-01
9.75507736e-01
9.74827945e-01
9.74139035e-01
9.73440945e-01
9.72733676e-01
9.72017229e-01
9.71291661e-01
9.70556915e-01
9.69813049e-01
9.69060004e-01
9.68297839e-01
9.67526555e-01
9.66746151e-01
9.65956688e-01
9.65158045e-01
9.64350343e-01
9.63533580e-01
9.62707698e-01
9.61872816e-01
9.61028814e-01
9.60175753e-01
9.59313691e-01
9.58442509e-01
9.57562327e-01
9.56673205e-01
9.55774963e-01
9.54867780e-01
9.53951597e-01
9.53026414e-01
9.52092230e-01
9.51149106e-01
9.50196981e-01
9.49235976e-01
9.48265970e-01
9.47287023e-01
9.46299136e-01
9.45302427e-01
9.44296777e-01
9.43282187e-01
9.42258716e-01
9.41226363e-01
9.40185189e-01
9.39135134e-01
9.38076198e-01
9.37008500e-01
9.35931861e-01
9.34846461e-01
9.33752298e-01
9.32649314e-01
9.31537509e-01
9.30416942e-01
9.29287672e-01
9.28149521e-01
9.27002728e-01
9.25847173e-01
9.24682856e-01
9.23509896e-01
9.22328174e-01
9.21137810e-01
9.19938743e-01
9.18730974e-01
9.17514622e-01
9.16289628e-01
9.15055931e-01
9.13813591e-01
9.12562728e-01
9.11303222e-01
9.10035133e-01
9.08758521e-01
9.07473266e-01
9.06179547e-01
9.04877245e-01
9.03566360e-01
9.02247012e-01
9.00919199e-01
8.99582803e-01
8.98238063e-01
8.96884799e-01
8.95523071e-01
8.94152939e-01
8.92774343e-01
8.91387343e-01
8.89991939e-01
8.88588190e-01
8.87176037e-01
8.85755539e-01
8.84326696e-01
8.82889450e-01
8.81443977e-01
8.79990220e-01
8.78528059e-01
8.77057731e-01
8.75579119e-01
8.74092221e-01
8.72597098e-01
8.71093750e-01
8.69582176e-01
8.68062437e-01
8.66534531e-01
8.64998400e-01
8.63454163e-01
8.61901820e-01
8.60341311e-01
8.58772755e-01
8.57196033e-01
8.55611324e-01
8.54018450e-01
8.52417588e-01
8.50808680e-01
8.49191725e-01
8.47566843e-01
8.45933914e-01
8.44293058e-01
8.42644215e-01
8.40987444e-01
8.39322746e-01
8.37650180e-01
8.35969687e-01
8.34281325e-01
8.32585096e-01
8.30881059e-01
8.29169095e-01
8.27449441e-01
8.25721860e-01
8.23986590e-01
8.22243571e-01
8.20492804e-01
8.18734229e-01
8.16968024e-01
8.15194070e-01
8.13412488e-01
8.11623156e-01
8.09826255e-01
8.08021665e-01
8.06209505e-01
8.04389715e-01
8.02562416e-01
8.00727487e-01
7.98884988e-01
7.97035038e-01
7.95177519e-01
7.93312609e-01
7.91440129e-01
7.89560199e-01
7.87672818e-01
7.85778046e-01
7.83875883e-01
7.81966329e-01
7.80049443e-01
7.78125107e-01
7.76193500e-01
7.74254620e-01
7.72308409e-01
7.70354927e-01
7.68394172e-01
7.66426146e-01
7.64450967e-01
7.62468517e-01
7.60478914e-01
7.58482158e-01
7.56478310e-01
7.54467249e-01
7.52449155e-01
7.50423908e-01
7.48391569e-01
7.46352196e-01
7.44305849e-01
7.42252469e-01
7.40192056e-01
7.38124669e-01
7.36050367e-01
7.33969092e-01
7.31880963e-01
7.29785860e-01
7.27683902e-01
7.25575149e-01
7.23459482e-01
7.21337080e-01
7.19207823e-01
7.17071831e-01
7.14929044e-01
7.12779522e-01
7.10623264e-01
7.08460331e-01
7.06290722e-01
7.04114497e-01
7.01931596e-01
6.99742138e-01
6.97546005e-01
6.95343375e-01
6.93134189e-01
6.90918446e-01
6.88696146e-01
6.86467409e-01
6.84232175e-01
6.81990564e-01
6.79742455e-01
6.77487969e-01
6.75227106e-01
6.72959864e-01
6.70686305e-01
6.68406367e-01
6.66120231e-01
6.63827777e-01
6.61529064e-01
6.59224093e-01
6.56912923e-01
6.54595613e-01
6.52272046e-01
6.49942398e-01
6.47606611e-01
6.45264745e-01
6.42916739e-01
6.40562713e-01
6.38202667e-01
6.35836601e-01
6.33464515e-01
6.31086469e-01
6.28702462e-01
6.26312554e-01
6.23916805e-01
6.21515155e-01
6.19107604e-01
6.16694212e-01
6.14275038e-01
6.11850083e-01
6.09419346e-01
6.06982887e-01
6.04540646e-01
6.02092743e-01
5.99639177e-01
5.97180009e-01
5.94715178e-01
5.92244744e-01
5.89768708e-01
5.87287128e-01
5.84800005e-01
5.82307398e-01
5.79809308e-01
5.77305734e-01
5.74796736e-01
5.72282314e-01
5.69762468e-01
5.67237318e-01
5.64706802e-01
5.62170923e-01
5.59629798e-01
5.57083368e-01
5.54531693e-01
5.51974833e-01
5.49412727e-01
5.46845496e-01
5.44273078e-01
5.41695535e-01
5.39112866e-01
5.36525130e-01
5.33932328e-01
5.31334519e-01
5.28731704e-01
5.26123941e-01
5.23511112e-01
5.20893455e-01
5.18270850e-01
5.15643358e-01
5.13011038e-01
5.10373831e-01
5.07731855e-01
5.05085111e-01
5.02433598e-01
4.99777317e-01
4.97116357e-01
4.94450688e-01
4.91780400e-01
4.89105463e-01
4.86425906e-01
4.83741760e-01
4.81053054e-01
4.78359848e-01
4.75662142e-01
4.72959906e-01
4.70253259e-01
4.67542142e-01
4.64826614e-01
4.62106764e-01
4.59382534e-01
4.56653953e-01
4.53921080e-01
4.51183945e-01
4.48442519e-01
4.45696920e-01
4.42947119e-01
4.40193117e-01
4.37435001e-01
4.34672713e-01
4.31906372e-01
4.29135948e-01
4.26361471e-01
4.23582971e-01
4.20800507e-01
4.18014079e-01
4.15223688e-01
4.12429422e-01
4.09631222e-01
4.06829208e-01
4.04023319e-01
4.01213646e-01
3.98400158e-01
3.95582974e-01
3.92762035e-01
3.89937401e-01
3.87109101e-01
3.84277135e-01
3.81441563e-01
3.78602386e-01
3.75759631e-01
3.72913361e-01
3.70063573e-01
3.67210269e-01
3.64353538e-01
3.61493379e-01
3.58629793e-01
3.55762839e-01
3.52892548e-01
3.50018889e-01
3.47141951e-01
3.44261765e-01
3.41378331e-01
3.38491678e-01
3.35601807e-01
3.32708806e-01
3.29812646e-01
3.26913387e-01
3.24011058e-01
3.21105689e-01
3.18197250e-01
3.15285832e-01
3.12371463e-01
3.09454143e-01
3.06533903e-01
3.03610772e-01
3.00684780e-01
2.97755986e-01
2.94824362e-01
2.91889936e-01
2.88952768e-01
2.86012918e-01
2.83070356e-01
2.80125111e-01
2.77177215e-01
2.74226725e-01
2.71273643e-01
2.68318027e-01
2.65359879e-01
2.62399226e-01
2.59436101e-01
2.56470531e-01
2.53502518e-01
2.50532150e-01
2.47559413e-01
2.44584352e-01
2.41606966e-01
2.38627315e-01
2.35645413e-01
2.32661292e-01
2.29674995e-01
2.26686507e-01
2.23695904e-01
2.20703185e-01
2.17708394e-01
2.14711547e-01
2.11712658e-01
2.08711803e-01
2.05708966e-01
2.02704191e-01
1.99697509e-01
1.96688950e-01
1.93678528e-01
1.90666288e-01
1.87652245e-01
1.84636444e-01
1.81618899e-01
1.78599656e-01
1.75578713e-01
1.72556117e-01
1.69531897e-01
1.66506082e-01
1.63478702e-01
1.60449773e-01
1.57419339e-01
1.54387429e-01
1.51354045e-01
1.48319244e-01
1.45283043e-01
1.42245471e-01
1.39206573e-01
1.36166364e-01
1.33124858e-01
1.30082101e-01
1.27038121e-01
1.23992950e-01
1.20946601e-01
1.17899112e-01
1.14850521e-01
1.11800842e-01
1.08750105e-01
1.05698355e-01
1.02645606e-01
9.95918810e-02
9.65372249e-02
9.34816599e-02
9.04252157e-02
8.73679146e-02
8.43097940e-02
8.12508687e-02
7.81911910e-02
7.51307681e-02
7.20696449e-02
6.90078363e-02
6.59453869e-02
6.28823042e-02
5.98186329e-02
5.67544028e-02
5.36896326e-02
5.06243557e-02
4.75586057e-02
4.44924086e-02
4.14257906e-02
3.83587815e-02
3.52914110e-02
3.22237089e-02
2.91557033e-02
2.60874219e-02
2.30188947e-02
1.99501514e-02
1.68812200e-02
1.38121294e-02
1.07429093e-02
7.67358765e-03
4.60419338e-03
1.53475581e-03
-1.53469620e-03
-4.60413378e-03
-7.67352805e-03
-1.07428497e-02
-1.38120698e-02
-1.68811604e-02
-1.99500918e-02
-2.30188351e-02
-2.60873623e-02
-2.91556437e-02
-3.22236493e-02
-3.52913514e-02
-3.83587219e-02
-4.14257310e-02
-4.44923490e-02
-4.75585498e-02
-5.06242998e-02
-5.36895730e-02
-5.67543432e-02
-5.98185770e-02
-6.28822446e-02
-6.59453198e-02
-6.90077767e-02
-7.20695853e-02
-7.51307085e-02
-7.81911314e-02
-8.12508166e-02
-8.43097344e-02
-8.73678550e-02
-9.04251561e-02
-9.34816003e-02
-9.65371653e-02
-9.95918214e-02
-1.02645539e-01
-1.05698295e-01
-1.08750053e-01
-1.11800782e-01
-1.14850454e-01
-1.17899053e-01
-1.20946541e-01
-1.23992890e-01
-1.27038062e-01
-1.30082041e-01
-1.33124799e-01
-1.36166289e-01
-1.39206514e-01
-1.42245427e-01
-1.45282984e-01
-1.48319185e-01
-1.51353985e-01
-1.54387370e-01
-1.57419279e-01
-1.60449713e-01
-1.63478643e-01
-1.66506022e-01
-1.69531837e-01
-1.72556058e-01
-1.75578654e-01
-1.78599596e-01
-1.81618840e-01
-1.84636384e-01
-1.87652200e-01
-1.90666229e-01
-1.93678483e-01
-1.96688890e-01
-1.99697450e-01
-2.02704132e-01
-2.05708906e-01
-2.08711743e-01
-2.11712614e-01
-2.14711487e-01
-2.17708334e-01
-2.20703125e-01
-2.23695844e-01
-2.26686463e-01
-2.29674935e-01
-2.32661247e-01
-2.35645354e-01
-2.38627255e-01
-2.41606906e-01
-2.44584292e-01
-2.47559369e-01
-2.50532091e-01
-2.53502488e-01
-2.56470442e-01
-2.59436041e-01
-2.62399167e-01
-2.65359819e-01
-2.68317968e-01
-2.71273583e-01
-2.74226665e-01
-2.77177155e-01
-2.80125052e-01
-2.83070296e-01
-2.86012858e-01
-2.88952738e-01
-2.91889876e-01
-2.94824302e-01
-2.97755927e-01
-3.00684720e-01
-3.03610712e-01
-3.06533843e-01
-3.09454083e-01
-3.12371433e-01
-3.15285802e-01
-3.18197221e-01
-3.21105629e-01
-3.24010998e-01
-3.26913327e-01
-3.29812586e-01
-3.32708746e-01
-3.35601747e-01
-3.38491619e-01
-3.41378272e-01
-3.44261706e-01
-3.47141892e-01
-3.50018829e-01
-3.52892488e-01
-3.55762780e-01
-3.58629733e-01
-3.61493319e-01
-3.64353508e-01
-3.67210239e-01
-3.70063514e-01
-3.72913301e-01
-3.75759572e-01
-3.78602326e-01
-3.81441504e-01
-3.84277076e-01
-3.87109041e-01
-3.89937341e-01
-3.92761976e-01
-3.95582914e-01
-3.98400128e-01
-4.01213586e-01
-4.04023260e-01
-4.06829119e-01
-4.09631163e-01
-4.12429363e-01
-4.15223628e-01
-4.18014020e-01
-4.20800447e-01
-4.23582941e-01
-4.26361412e-01
-4.29135889e-01
-4.31906313e-01
-4.34672654e-01
-4.37434912e-01
-4.40193057e-01
-4.42947060e-01
-4.45696890e-01
-4.48442489e-01
-4.51183885e-01
-4.53921020e-01
-4.56653893e-01
-4.59382474e-01
-4.62106705e-01
-4.64826614e-01
-4.67542082e-01
-4.70253170e-01
-4.72959846e-01
-4.75662082e-01
-4.78359818e-01
-4.81053025e-01
-4.83741730e-01
-4.86425847e-01
-4.89105403e-01
-4.91780341e-01
-4.94450659e-01
-4.97116297e-01
-4.99777257e-01
-5.02433538e-01
-5.05085051e-01
-5.07731795e-01
-5.10373771e-01
-5.13010979e-01
-5.15643299e-01
-5.18270731e-01
-5.20893395e-01
-5.23511052e-01
-5.26123822e-01
-5.28731644e-01
-5.31334460e-01
-5.33932269e-01
-5.36525071e-01
-5.39112806e-01
-5.41695476e-01
-5.44273019e-01
-5.46845436e-01
-5.49412668e-01
-5.51974773e-01
-5.54531634e-01
-5.57083309e-01
-5.59629738e-01
-5.62170863e-01
-5.64706743e-01
-5.67237258e-01
-5.69762409e-01
-5.72282255e-01
-5.74796677e-01
-5.77305675e-01
-5.79809248e-01
-5.82307398e-01
-5.84800005e-01
-5.87287068e-01
-5.89768648e-01
-5.92244685e-01
-5.94715118e-01
-5.97179949e-01
-5.99639177e-01
-6.02092683e-01
-6.04540586e-01
-6.06982827e-01
-6.09419286e-01
-6.11850023e-01
-6.14274979e-01
-6.16694152e-01
-6.19107544e-01
-6.21515095e-01
-6.23916805e-01
-6.26312554e-01
-6.28702462e-01
-6.31086409e-01
-6.33464456e-01
-6.35836542e-01
-6.38202608e-01
-6.40562654e-01
-6.42916679e-01
-6.45264685e-01
-6.47606611e-01
-6.49942338e-01
-6.52271986e-01
-6.54595494e-01
-6.56912863e-01
-6.59224033e-01
-6.61529005e-01
-6.63827717e-01
-6.66120172e-01
-6.68406367e-01
-6.70686305e-01
-6.72959864e-01
-6.75227046e-01
-6.77487969e-01
-6.79742396e-01
-6.81990504e-01
-6.84232175e-01
-6.86467350e-01
-6.88696086e-01
-6.90918386e-01
-6.93134129e-01
-6.95343316e-01
-6.97546005e-01
-6.99742079e-01
-7.01931596e-01
-7.04114497e-01
-7.06290722e-01
-7.08460331e-01
-7.10623264e-01
-7.12779462e-01
-7.14928985e-01
-7.17071772e-01
-7.19207764e-01
-7.21337020e-01
-7.23459482e-01
-7.25575089e-01
-7.27683902e-01
-7.29785860e-01
-7.31880903e-01
-7.33969092e-01
-7.36050308e-01
-7.38124669e-01
-7.40191996e-01
-7.42252409e-01
-7.44305789e-01
-7.46352196e-01
-7.48391509e-01
-7.50423849e-01
-7.52449095e-01
-7.54467249e-01
-7.56478250e-01
-7.58482158e-01
-7.60478914e-01
-7.62468517e-01
-7.64450908e-01
-7.66426146e-01
-7.68394113e-01
-7.70354867e-01
-7.72308350e-01
-7.74254560e-01
-7.76193500e-01
-7.78125107e-01
-7.80049384e-01
-7.81966329e-01
-7.83875883e-01
-7.85778046e-01
-7.87672818e-01
-7.89560139e-01
-7.91440070e-01
-7.93312550e-01
-7.95177519e-01
-7.97034979e-01
-7.98884988e-01
-8.00727427e-01
-8.02562356e-01
-8.04389715e-01
-8.06209505e-01
-8.08021665e-01
-8.09826195e-01
-8.11623096e-01
-8.13412368e-01
-8.15194011e-01
-8.16967964e-01
-8.18734229e-01
-8.20492744e-01
-8.22243512e-01
-8.23986590e-01
-8.25721860e-01
-8.27449381e-01
-8.29169035e-01
-8.30881000e-01
-8.32585037e-01
-8.34281266e-01
-8.35969627e-01
-8.37650120e-01
-8.39322746e-01
-8.40987444e-01
-8.42644215e-01
-8.44293058e-01
-8.45933914e-01
-8.47566843e-01
-8.49191725e-01
-8.50808620e-01
-8.52417529e-01
-8.54018450e-01
-8.55611205e-01
-8.57196033e-01
-8.58772755e-01
-8.60341311e-01
-8.61901820e-01
-8.63454163e-01
-8.64998400e-01
-8.66534472e-01
-8.68062377e-01
-8.69582117e-01
-8.71093690e-01
-8.72597039e-01
-8.74092162e-01
-8.75579059e-01
-8.77057672e-01
-8.78528059e-01
-8.79990160e-01
-8.81443918e-01
-8.82889450e-01
-8.84326637e-01
-8.85755539e-01
-8.87175977e-01
-8.88588130e-01
-8.89991939e-01
-8.91387343e-01
-8.92774284e-01
-8.94152880e-01
-8.95523012e-01
-8.96884799e-01
-8.98238063e-01
-8.99582863e-01
-9.00919139e-01
-9.02247012e-01
-9.03566360e-01
-9.04877186e-01
-9.06179488e-01
-9.07473266e-01
-9.08758461e-01
-9.10035133e-01
-9.11303222e-01
-9.12562728e-01
-9.13813591e-01
-9.15055871e-01
-9.16289508e-01
-9.17514622e-01
-9.18730974e-01
-9.19938743e-01
-9.21137810e-01
-9.22328174e-01
-9.23509896e-01
-9.24682856e-01
-9.25847173e-01
-9.27002728e-01
-9.28149521e-01
-9.29287612e-01
-9.30416882e-01
-9.31537449e-01
-9.32649255e-01
-9.33752298e-01
-9.34846461e-01
-9.35931861e-01
-9.37008500e-01
-9.38076198e-01
-9.39135134e-01
-9.40185189e-01
-9.41226363e-01
-9.42258716e-01
-9.43282187e-01
-9.44296718e-01
-9.45302427e-01
-9.46299195e-01
-9.47287023e-01
-9.48265970e-01
-9.49235976e-01
-9.50196981e-01
-9.51149106e-01
-9.52092171e-01
-9.53026354e-01
-9.53951597e-01
-9.54867780e-01
-9.55774963e-01
-9.56673205e-01
-9.57562387e-01
-9.58442509e-01
-9.59313631e-01
-9.60175693e-01
-9.61028814e-01
-9.61872756e-01
-9.62707698e-01
-9.63533580e-01
-9.64350343e-01
-9.65158045e-01
-9.65956628e-01
-9.66746151e-01
-9.67526555e-01
-9.68297839e-01
-9.69060004e-01
-9.69812989e-01
-9.70556915e-01
-9.71291661e-01
-9.72017229e-01
-9.72733676e-01
-9.73440945e-01
-9.74139035e-01
-9.74827945e-01
-9.75507677e-01
-9.76178229e-01
-9.76839542e-01
-9.77491736e-01
-9.78134692e-01
-9.78768349e-01
-9.79392886e-01
-9.80008125e-01
-9.80614185e-01
-9.81211007e-01
-9.81798530e-01
-9.82376814e-01
-9.82945859e-01
-9.83505726e-01
-9.84056234e-01
-9.84597445e-01
-9.85129476e-01
-9.85652149e-01
-9.86165524e-01
-9.86669660e-01
-9.87164438e-01
-9.87649977e-01
-9.88126218e-01
-9.88593102e-01
-9.89050686e-01
-9.89498973e-01
-9.89937961e-01
-9.90367532e-01
-9.90787804e-01
-9.91198778e-01
-9.91600394e-01
-9.91992652e-01
-9.92375612e-01
-9.92749214e-01
-9.93113399e-01
-9.93468285e-01
-9.93813753e-01
-9.94149923e-01
-9.94476676e-01
-9.94794130e-01
-9.95102167e-01
-9.95400846e-01
-9.95690107e-01
-9.95969951e-01
-9.96240497e-01
-9.96501625e-01
-9.96753395e-01
-9.96995747e-01
-9.97228682e-01
-9.97452259e-01
-9.97666419e-01
-9.97871220e-01
-9.98066604e-01
-9.98252511e-01
-9.98429120e-01
-9.98596251e-01
-9.98753965e-01
-9.98902321e-01
-9.99041259e-01
-9.99170780e-01
-9.99290824e-01
-9.99401450e-01
-9.99502778e-01
-9.99594629e-01
-9.99677062e-01
-9.99750078e-01
-9.99813676e-01
-9.99867857e-01
-9.99912560e-01
-9.99947906e-01
-9.99973834e-01
-9.99990284e-01
-9.99997377e-01
-9.99994993e-01
-9.99983251e-01
-9.99962032e-01
-9.99931455e-01
-9.99891400e-01
-9.99841928e-01
-9.99783039e-01
-9.99714732e-01
-9.99637008e-01
-9.99549866e-01
-9.99453306e-01
-9.99347329e-01
-9.99231994e-01
-9.99107182e-01
-9.98972952e-01
-9.98829305e-01
-9.98676300e-01
-9.98513877e-01
-9.98341978e-01
-9.98160720e-01
-9.97970045e-01
-9.97770011e-01
-9.97560561e-01
-9.97341692e-01
-9.97113407e-01
-9.96875763e-01
-9.96628761e-01
-9.96372283e-01
-9.96106446e-01
-9.95831251e-01
-9.95546639e-01
-9.95252669e-01
-9.94949341e-01
-9.94636595e-01
-9.94314492e-01
-9.93983030e-01
-9.93642211e-01
-9.93292034e-01
-9.92932498e-01
-9.92563546e-01
-9.92185295e-01
-9.91797686e-01
-9.91400778e-01
-9.90994453e-01
-9.90578830e-01
-9.90153909e-01
-9.89719629e-01
-9.89276052e-01
-9.88823056e-01
-9.88360822e-01
-9.87889230e-01
-9.87408400e-01
-9.86918211e-01
-9.86418784e-01
-9.85909998e-01
-9.85391974e-01
-9.84864652e-01
-9.84328032e-01
-9.83782113e-01
-9.83226955e-01
-9.82662559e-01
-9.82088864e-01
-9.81505990e-01
-9.80913758e-01
-9.80312347e-01
-9.79701698e-01
-9.79081810e-01
-9.78452682e-01
-9.77814376e-01
-9.77166831e-01
-9.76510048e-01
-9.75844145e-01
-9.75169003e-01
-9.74484682e-01
-9.73791182e-01
-9.73088503e-01
-9.72376645e-01
-9.71655607e-01
-9.70925450e-01
-9.70186114e-01
-9.69437659e-01
-9.68680084e-01
-9.67913330e-01
-9.67137516e-01
-9.66352582e-01
-9.65558529e-01
-9.64755356e-01
-9.63943124e-01
-9.63121772e-01
-9.62291420e-01
-9.61451948e-01
-9.60603476e-01
-9.59745884e-01
-9.58879232e-01
-9.58003581e-01
-9.57118928e-01
-9.56225216e-01
-9.55322504e-01
-9.54410791e-01
-9.53490138e-01
-9.52560484e-01
-9.51621830e-01
-9.50674176e-01
-9.49717581e-01
-9.48752105e-01
-9.47777629e-01
-9.46794271e-01
-9.45801973e-01
-9.44800735e-01
-9.43790615e-01
-9.42771554e-01
-9.41743672e-01
-9.40706909e-01
-9.39661324e-01
-9.38606799e-01
-9.37543452e-01
-9.36471343e-01
-9.35390294e-01
-9.34300482e-01
-9.33201909e-01
-9.32094514e-01
-9.30978358e-01
-9.29853380e-01
-9.28719699e-01
-9.27577198e-01
-9.26426053e-01
-9.25266087e-01
-9.24097478e-01
-9.22920108e-01
-9.21734095e-01
-9.20539379e-01
-9.19336021e-01
-9.18123901e-01
-9.16903198e-01
-9.15673852e-01
-9.14435863e-01
-9.13189292e-01
-9.11934078e-01
-9.10670280e-01
-9.09397900e-01
-9.08116996e-01
-9.06827509e-01
-9.05529439e-01
-9.04222906e-01
-9.02907789e-01
-9.01584148e-01
-9.00252104e-01
-8.98911536e-01
-8.97562504e-01
-8.96205008e-01
-8.94839048e-01
-8.93464684e-01
-8.92081916e-01
-8.90690684e-01
-8.89291108e-01
-8.87883127e-01
-8.86466801e-01
-8.85042131e-01
-8.83609116e-01
-8.82167816e-01
-8.80718172e-01
-8.79260242e-01
-8.77793968e-01
-8.76319408e-01
-8.74836624e-01
-8.73345613e-01
-8.71846378e-01
-8.70338976e-01
-8.68823290e-01
-8.67299497e-01
-8.65767479e-01
-8.64227355e-01
-8.62679064e-01
-8.61122608e-01
-8.59558105e-01
-8.57985377e-01
-8.56404662e-01
-8.54815900e-01
-8.53219032e-01
-8.51614177e-01
-8.50001276e-01
-8.48380327e-01
-8.46751392e-01
-8.45114470e-01
-8.43469679e-01
-8.41816902e-01
-8.40156078e-01
-8.38487506e-01
-8.36810946e-01
-8.35126519e-01
-8.33434224e-01
-8.31734002e-01
-8.30026031e-01
-8.28310251e-01
-8.26586664e-01
-8.24855208e-01
-8.23116064e-01
-8.21369112e-01
-8.19614470e-01
-8.17852080e-01
-8.16082001e-01
-8.14304233e-01
-8.12518775e-01
-8.10725629e-01
-8.08924913e-01
-8.07116568e-01
-8.05300593e-01
-8.03476989e-01
-8.01645875e-01
-7.99807191e-01
-7.97960997e-01
-7.96107233e-01
-7.94246018e-01
-7.92377293e-01
-7.90501118e-01
-7.88617492e-01
-7.86726415e-01
-7.84827948e-01
-7.82922029e-01
-7.81008840e-01
-7.79088199e-01
-7.77160287e-01
-7.75224984e-01
-7.73282468e-01
-7.71332562e-01
-7.69375443e-01
-7.67411113e-01
-7.65439510e-01
-7.63460696e-01
-7.61474669e-01
-7.59481490e-01
-7.57481158e-01
-7.55473673e-01
-7.53459096e-01
-7.51437366e-01
-7.49408603e-01
-7.47372806e-01
-7.45329916e-01
-7.43280053e-01
-7.41223156e-01
-7.39159226e-01
-7.37088382e-01
-7.35010624e-01
-7.32925892e-01
-7.30834305e-01
-7.28735745e-01
-7.26630390e-01
-7.24518239e-01
-7.22399175e-01
-7.20273316e-01
-7.18140662e-01
-7.16001272e-01
-7.13855147e-01
-7.11702228e-01
-7.09542692e-01
-7.07376420e-01
-7.05203474e-01
-7.03023911e-01
-7.00837731e-01
-6.98644936e-01
-6.96445525e-01
-6.94239616e-01
-6.92027152e-01
-6.89808130e-01
-6.87582612e-01
-6.85350657e-01
-6.83112204e-01
-6.80867374e-01
-6.78616047e-01
-6.76358342e-01
-6.74094319e-01
-6.71823919e-01
-6.69547200e-01
-6.67264163e-01
-6.64974809e-01
-6.62679195e-01
-6.60377383e-01
-6.58069313e-01
-6.55755043e-01
-6.53434575e-01
-6.51108027e-01
-6.48775280e-01
-6.46436453e-01
-6.44091487e-01
-6.41740501e-01
-6.39383495e-01
-6.37020409e-01
-6.34651303e-01
-6.32276297e-01
-6.29895270e-01
-6.27508342e-01
-6.25115454e-01
-6.22716725e-01
-6.20312154e-01
-6.17901683e-01
-6.15485370e-01
-6.13063276e-01
-6.10635459e-01
-6.08201861e-01
-6.05762482e-01
-6.03317440e-01
-6.00866735e-01
-5.98410368e-01
-5.95948339e-01
-5.93480647e-01
-5.91007471e-01
-5.88528633e-01
-5.86044312e-01
-5.83554447e-01
-5.81059098e-01
-5.78558207e-01
-5.76051950e-01
-5.73540211e-01
-5.71023107e-01
-5.68500578e-01
-5.65972745e-01
-5.63439548e-01
-5.60901046e-01
-5.58357239e-01
-5.55808187e-01
-5.53253949e-01
-5.50694466e-01
-5.48129737e-01
-5.45559943e-01
-5.42984962e-01
-5.40404797e-01
-5.37819624e-01
-5.35229385e-01
-5.32634079e-01
-5.30033767e-01
-5.27428448e-01
-5.24818182e-01
-5.22202909e-01
-5.19582808e-01
-5.16957760e-01
-5.14327824e-01
-5.11693060e-01
-5.09053469e-01
-5.06409109e-01
-5.03759921e-01
-5.01106024e-01
-4.98447448e-01
-4.95784134e-01
-4.93116140e-01
-4.90443528e-01
-4.87766296e-01
-4.85084444e-01
-4.82398033e-01
-4.79707062e-01
-4.77011561e-01
-4.74311590e-01
-4.71607149e-01
-4.68898267e-01
-4.66184974e-01
-4.63467270e-01
-4.60745215e-01
-4.58018810e-01
-4.55288112e-01
-4.52553093e-01
-4.49813813e-01
-4.47070301e-01
-4.44322556e-01
-4.41570640e-01
-4.38814610e-01
-4.36054409e-01
-4.33290064e-01
-4.30521667e-01
-4.27749246e-01
-4.24972773e-01
-4.22192276e-01
-4.19407815e-01
-4.16619390e-01
-4.13827062e-01
-4.11030829e-01
-4.08230692e-01
-4.05426770e-01
-4.02618974e-01
-3.99807423e-01
-3.96992087e-01
-3.94172996e-01
-3.91350210e-01
-3.88523757e-01
-3.85693610e-01
-3.82859826e-01
-3.80022436e-01
-3.77181470e-01
-3.74336988e-01
-3.71488929e-01
-3.68637383e-01
-3.65782380e-01
-3.62923920e-01
-3.60062033e-01
-3.57196778e-01
-3.54328126e-01
-3.51456165e-01
-3.48580897e-01
-3.45702320e-01
-3.42820466e-01
-3.39935422e-01
-3.37047189e-01
-3.34155738e-01
-3.31261158e-01
-3.28363448e-01
-3.25462639e-01
-3.22558790e-01
-3.19651872e-01
-3.16741943e-01
-3.13829035e-01
-3.10913205e-01
-3.07994425e-01
-3.05072725e-01
-3.02148163e-01
-2.99220771e-01
-2.96290547e-01
-2.93357521e-01
-2.90421724e-01
-2.87483215e-01
-2.84541994e-01
-2.81598091e-01
-2.78651506e-01
-2.75702327e-01
-2.72750556e-01
-2.69796193e-01
-2.66839296e-01
-2.63879895e-01
-2.60918021e-01
-2.57953644e-01
-2.54986852e-01
-2.52017647e-01
-2.49046102e-01
-2.46072203e-01
-2.43095979e-01
-2.40117446e-01
-2.37136662e-01
-2.34153658e-01
-2.31168449e-01
-2.28181049e-01
-2.25191504e-01
-2.22199827e-01
-2.19206080e-01
-2.16210246e-01
-2.13212386e-01
-2.10212499e-01
-2.07210660e-01
-2.04206839e-01
-2.01201111e-01
-1.98193491e-01
-1.95183992e-01
-1.92172676e-01
-1.89159527e-01
-1.86144605e-01
-1.83127925e-01
-1.80109516e-01
-1.77089423e-01
-1.74067646e-01
-1.71044245e-01
-1.68019220e-01
-1.64992616e-01
-1.61964461e-01
-1.58934772e-01
-1.55903593e-01
-1.52870938e-01
-1.49836853e-01
-1.46801353e-01
-1.43764466e-01
-1.40726224e-01
-1.37686670e-01
-1.34645805e-01
-1.31603673e-01
-1.28560290e-01
-1.25515699e-01
-1.22469947e-01
-1.19423032e-01
-1.16374984e-01
-1.13325842e-01
-1.10275634e-01
-1.07224390e-01
-1.04172125e-01
-1.01118892e-01
-9.80646983e-02
-9.50095803e-02
-9.19535682e-02
-8.88966918e-02
-8.58389810e-02
-8.27804580e-02
-7.97211528e-02
-7.66611025e-02
-7.36003220e-02
-7.05388561e-02
-6.74767196e-02
-6.44139498e-02
-6.13505691e-02
-5.82866147e-02
-5.52221127e-02
-5.21570854e-02
-4.90915701e-02
-4.60255928e-02
-4.29591797e-02
-3.98923606e-02
-3.68251689e-02
-3.37576307e-02
-3.06897722e-02
-2.76216250e-02
-2.45532170e-02
-2.14845780e-02
-1.84157379e-02
-1.53467236e-02
-1.22775631e-02
-9.20828898e-03
-6.13892730e-03
-4.19326173e-03
-2.02429108e-03
0.00000000e+00
0.00000000e+00
