1.41192134e-03
2.92520062e-03
4.44573071e-03
5.96674206e-03
7.48773478e-03
9.00865998e-03
1.05295023e-02
1.20502450e-02
1.35708759e-02
1.50913792e-02
1.66117437e-02
1.81319527e-02
1.96519904e-02
2.11718474e-02
2.26915050e-02
2.42109504e-02
2.57301684e-02
2.72491481e-02
2.87678707e-02
3.02863270e-02
3.18045020e-02
3.33223790e-02
3.48399468e-02
3.63571905e-02
3.78740951e-02
3.93906496e-02
4.09068316e-02
4.24226299e-02
4.39380370e-02
4.54530306e-02
4.69676033e-02
4.84817326e-02
4.99954075e-02
5.15086129e-02
5.30213416e-02
5.45335710e-02
5.60452938e-02
5.75564913e-02
5.90671524e-02
6.05772659e-02
6.20868132e-02
6.35957792e-02
6.51041567e-02
6.66119158e-02
6.81190640e-02
6.96255639e-02
7.11314231e-02
7.26366118e-02
7.41411224e-02
7.56449401e-02
7.71480575e-02
7.86504522e-02
8.01521167e-02
8.16530287e-02
8.31531808e-02
8.46525654e-02
8.61511528e-02
8.76489431e-02
8.91459063e-02
9.06420425e-02
9.21373367e-02
9.36317593e-02
9.51253027e-02
9.66179594e-02
9.81097221e-02
9.96005610e-02
1.01090476e-01
1.02579445e-01
1.04067452e-01
1.05554491e-01
1.07040547e-01
1.08525604e-01
1.10009640e-01
1.11492656e-01
1.12974629e-01
1.14455543e-01
1.15935393e-01
1.17414162e-01
1.18891828e-01
1.20368391e-01
1.21843822e-01
1.23318128e-01
1.24791272e-01
1.26263261e-01
1.27734065e-01
1.29203677e-01
1.30672097e-01
1.32139280e-01
1.33605242e-01
1.35069951e-01
1.36533409e-01
1.37995586e-01
1.39456466e-01
1.40916049e-01
1.42374337e-01
1.43831268e-01
1.45286858e-01
1.46741092e-01
1.48193970e-01
1.49645463e-01
1.51095554e-01
1.52544245e-01
1.53991506e-01
1.55437335e-01
1.56881690e-01
1.58324599e-01
1.59766018e-01
1.61205962e-01
1.62644386e-01
1.64081305e-01
1.65516675e-01
1.66950509e-01
1.68382779e-01
1.69813469e-01
1.71242595e-01
1.72670111e-01
1.74096018e-01
1.75520301e-01
1.76942945e-01
1.78363919e-01
1.79783240e-01
1.81200877e-01
1.82616815e-01
1.84031069e-01
1.85443595e-01
1.86854392e-01
1.88263446e-01
1.89670727e-01
1.91076249e-01
1.92479983e-01
1.93881929e-01
1.95282057e-01
1.96680352e-01
1.98076829e-01
1.99471444e-01
2.00864196e-01
2.02255070e-01
2.03644052e-01
2.05031157e-01
2.06416354e-01
2.07799613e-01
2.09180906e-01
2.10560262e-01
2.11937651e-01
2.13313058e-01
2.14686453e-01
2.16057867e-01
2.17427269e-01
2.18794614e-01
2.20159918e-01
2.21523181e-01
2.22884387e-01
2.24243507e-01
2.25600526e-01
2.26955459e-01
2.28308260e-01
2.29658917e-01
2.31007442e-01
2.32353792e-01
2.33697966e-01
2.35039964e-01
2.36379772e-01
2.37717375e-01
2.39052773e-01
2.40385905e-01
2.41716802e-01
2.43045464e-01
2.44371831e-01
2.45695919e-01
2.47017711e-01
2.48337209e-01
2.49654368e-01
2.50969201e-01
2.52281725e-01
2.53591865e-01
2.54899651e-01
2.56205082e-01
2.57508129e-01
2.58808762e-01
2.60106951e-01
2.61402696e-01
2.62696028e-01
2.63986886e-01
2.65275300e-01
2.66561210e-01
2.67844647e-01
2.69125581e-01
2.70404011e-01
2.71679938e-01
2.72953302e-01
2.74224102e-01
2.75492370e-01
2.76758045e-01
2.78021157e-01
2.79281646e-01
2.80539542e-01
2.81794816e-01
2.83047467e-01
2.84297466e-01
2.85544813e-01
2.86789477e-01
2.88031429e-01
2.89270729e-01
2.90507317e-01
2.91741163e-01
2.92972296e-01
2.94200718e-01
2.95426369e-01
2.96649277e-01
2.97869414e-01
2.99086779e-01
3.00301313e-01
3.01513076e-01
3.02722007e-01
3.03928107e-01
3.05131376e-01
3.06331784e-01
3.07529360e-01
3.08724105e-01
3.09915990e-01
3.11104923e-01
3.12290907e-01
3.13473970e-01
3.14654112e-01
3.15831333e-01
3.17005575e-01
3.18176866e-01
3.19345176e-01
3.20510536e-01
3.21672916e-01
3.22832286e-01
3.23988616e-01
3.25141907e-01
3.26292187e-01
3.27439398e-01
3.28583568e-01
3.29724640e-01
3.30862641e-01
3.31997544e-01
3.33129376e-01
3.34258080e-01
3.35383654e-01
3.36506099e-01
3.37625414e-01
3.38741571e-01
3.39854509e-01
3.40964317e-01
3.42070907e-01
3.43174309e-01
3.44274521e-01
3.45371515e-01
3.46465290e-01
3.47555846e-01
3.48643154e-01
3.49727154e-01
3.50807935e-01
3.51885378e-01
3.52959603e-01
3.54030490e-01
3.55098069e-01
3.56162310e-01
3.57223272e-01
3.58280867e-01
3.59335154e-01
3.60386074e-01
3.61433625e-01
3.62477779e-01
3.63518536e-01
3.64555895e-01
3.65589887e-01
3.66620421e-01
3.67647529e-01
3.68671238e-01
3.69691461e-01
3.70708227e-01
3.71721566e-01
3.72731417e-01
3.73737812e-01
3.74740720e-01
3.75740081e-01
3.76735955e-01
3.77728313e-01
3.78717095e-01
3.79702359e-01
3.80684078e-01
3.81662220e-01
3.82636815e-01
3.83607805e-01
3.84575248e-01
3.85539114e-01
3.86499405e-01
3.87456030e-01
3.88409048e-01
3.89358431e-01
3.90304148e-01
3.91246229e-01
3.92184675e-01
3.93119395e-01
3.94050479e-01
3.94977897e-01
3.95901591e-01
3.96821588e-01
3.97737920e-01
3.98650527e-01
3.99559408e-01
4.00464535e-01
4.01365936e-01
4.02263582e-01
4.03157443e-01
4.04047579e-01
4.04933959e-01
4.05816525e-01
4.06695306e-01
4.07570302e-01
4.08441484e-01
4.09308910e-01
4.10172522e-01
4.11032319e-01
4.11888301e-01
4.12740409e-01
4.13588583e-01
4.14432913e-01
4.15273368e-01
4.16109920e-01
4.16942567e-01
4.17771280e-01
4.18596089e-01
4.19416994e-01
4.20233935e-01
4.21046972e-01
4.21856105e-01
4.22661245e-01
4.23462480e-01
4.24259752e-01
4.25053030e-01
4.25842375e-01
4.26627696e-01
4.27409083e-01
4.28186417e-01
4.28959787e-01
4.29729134e-01
4.30494457e-01
4.31255758e-01
4.32013035e-01
4.32766259e-01
4.33515459e-01
4.34260577e-01
4.35001671e-01
4.35738683e-01
4.36471641e-01
4.37200487e-01
4.37925249e-01
4.38645929e-01
4.39362496e-01
4.40074921e-01
4.40783262e-01
4.41487491e-01
4.42187548e-01
4.42883492e-01
4.43575293e-01
4.44262952e-01
4.44946468e-01
4.45625842e-01
4.46301013e-01
4.46972042e-01
4.47638869e-01
4.48301524e-01
4.48959976e-01
4.49614227e-01
4.50264275e-01
4.50910091e-01
4.51551706e-01
4.52189088e-01
4.52822268e-01
4.53451186e-01
4.54075873e-01
4.54696298e-01
4.55312461e-01
4.55924332e-01
4.56531972e-01
4.57135320e-01
4.57734436e-01
4.58329260e-01
4.58919764e-01
4.59506005e-01
4.60087985e-01
4.60665613e-01
4.61238950e-01
4.61807966e-01
4.62372690e-01
4.62933064e-01
4.63489085e-01
4.64040816e-01
4.64588165e-01
4.65131193e-01
4.65669811e-01
4.66204077e-01
4.66733962e-01
4.67259496e-01
4.67780650e-01
4.68297392e-01
4.68809783e-01
4.69317794e-01
4.69821393e-01
4.70320612e-01
4.70815420e-01
4.71305817e-01
4.71791834e-01
4.72273409e-01
4.72750604e-01
4.73223358e-01
4.73691672e-01
4.74155575e-01
4.74615037e-01
4.75070059e-01
4.75520581e-01
4.75966692e-01
4.76408362e-01
4.76845503e-01
4.77278233e-01
4.77706492e-01
4.78130311e-01
4.78549659e-01
4.78964537e-01
4.79374945e-01
4.79780853e-01
4.80182260e-01
4.80579168e-01
4.80971605e-01
4.81359482e-01
4.81742859e-01
4.82121676e-01
4.82496023e-01
4.82865840e-01
4.83231157e-01
4.83591944e-01
4.83948171e-01
4.84299898e-01
4.84647065e-01
4.84989703e-01
4.85327780e-01
4.85661328e-01
4.85990316e-01
4.86314774e-01
4.86634701e-01
4.86950040e-01
4.87260818e-01
4.87567037e-01
4.87868637e-01
4.88165736e-01
4.88458246e-01
4.88746166e-01
4.89029467e-01
4.89308178e-01
4.89582360e-01
4.89851892e-01
4.90116864e-01
4.90377218e-01
4.90632981e-01
4.90884215e-01
4.91130769e-01
4.91372764e-01
4.91610169e-01
4.91842955e-01
4.92071152e-01
4.92294788e-01
4.92513776e-01
4.92728144e-01
4.92937893e-01
4.93143022e-01
4.93343502e-01
4.93539363e-01
4.93730575e-01
4.93917227e-01
4.94099200e-01
4.94276553e-01
4.94449258e-01
4.94617373e-01
4.94780809e-01
4.94939655e-01
4.95093822e-01
4.95243311e-01
4.95388210e-01
4.95528430e-01
4.95664001e-01
4.95794982e-01
4.95921284e-01
4.96042937e-01
4.96159911e-01
4.96272296e-01
4.96379972e-01
4.96482998e-01
4.96581405e-01
4.96675104e-01
4.96764153e-01
4.96848583e-01
4.96928334e-01
4.97003436e-01
4.97073889e-01
4.97139663e-01
4.97200757e-01
4.97257203e-01
4.97308999e-01
4.97356176e-01
4.97398645e-01
4.97436464e-01
4.97469604e-01
4.97498095e-01
4.97521907e-01
4.97541070e-01
4.97555584e-01
4.97565389e-01
4.97570574e-01
4.97571021e-01
4.97566819e-01
4.97557908e-01
4.97544378e-01
4.97526139e-01
4.97503281e-01
4.97475684e-01
4.97443438e-01
4.97406572e-01
4.97365028e-01
4.97318804e-01
4.97267932e-01
4.97212380e-01
4.97152209e-01
4.97087359e-01
4.97017831e-01
4.96943682e-01
4.96864825e-01
4.96781349e-01
4.96693164e-01
4.96600360e-01
4.96502906e-01
4.96400774e-01
4.96293992e-01
4.96182561e-01
4.96066451e-01
4.95945722e-01
4.95820314e-01
4.95690286e-01
4.95555580e-01
4.95416254e-01
4.95272249e-01
4.95123625e-01
4.94970351e-01
4.94812429e-01
4.94649887e-01
4.94482726e-01
4.94310886e-01
4.94134426e-01
4.93953317e-01
4.93767589e-01
4.93577212e-01
4.93382186e-01
4.93182570e-01
4.92978334e-01
4.92769450e-01
4.92555916e-01
4.92337763e-01
4.92114991e-01
4.91887599e-01
4.91655588e-01
4.91418988e-01
4.91177768e-01
4.90931958e-01
4.90681559e-01
4.90426540e-01
4.90166962e-01
4.89902765e-01
4.89634007e-01
4.89360631e-01
4.89082694e-01
4.88800138e-01
4.88513023e-01
4.88221318e-01
4.87925023e-01
4.87624168e-01
4.87318724e-01
4.87008661e-01
4.86694068e-01
4.86374885e-01
4.86051172e-01
4.85722870e-01
4.85390067e-01
4.85052645e-01
4.84710693e-01
4.84364182e-01
4.84013140e-01
4.83657569e-01
4.83297467e-01
4.82932836e-01
4.82563674e-01
4.82189983e-01
4.81811732e-01
4.81429011e-01
4.81041759e-01
4.80650008e-01
4.80253756e-01
4.79852945e-01
4.79447663e-01
4.79037881e-01
4.78623599e-01
4.78204817e-01
4.77781534e-01
4.77353811e-01
4.76921588e-01
4.76484925e-01
4.76043791e-01
4.75598186e-01
4.75148112e-01
4.74693626e-01
4.74234641e-01
4.73771244e-01
4.73303407e-01
4.72831100e-01
4.72354382e-01
4.71873224e-01
4.71387655e-01
4.70897645e-01
4.70403224e-01
4.69904453e-01
4.69401211e-01
4.68893588e-01
4.68381584e-01
4.67865169e-01
4.67344373e-01
4.66819197e-01
4.66289639e-01
4.65755731e-01
4.65217441e-01
4.64674771e-01
4.64127779e-01
4.63576376e-01
4.63020623e-01
4.62460548e-01
4.61896062e-01
4.61327255e-01
4.60754126e-01
4.60176677e-01
4.59594935e-01
4.59008902e-01
4.58418578e-01
4.57823962e-01
4.57225055e-01
4.56621826e-01
4.56014335e-01
4.55402583e-01
4.54786569e-01
4.54166293e-01
4.53541726e-01
4.52912927e-01
4.52279866e-01
4.51642573e-01
4.51001048e-01
4.50355321e-01
4.49705333e-01
4.49051142e-01
4.48392749e-01
4.47730124e-01
4.47063327e-01
4.46392328e-01
4.45717186e-01
4.45037812e-01
4.44354296e-01
4.43666577e-01
4.42974716e-01
4.42278683e-01
4.41578537e-01
4.40874249e-01
4.40165818e-01
4.39453244e-01
4.38736558e-01
4.38015729e-01
4.37290817e-01
4.36561793e-01
4.35828716e-01
4.35091525e-01
4.34350252e-01
4.33604896e-01
4.32855517e-01
4.32102054e-01
4.31344509e-01
4.30582941e-01
4.29817349e-01
4.29047704e-01
4.28274065e-01
4.27496403e-01
4.26714718e-01
4.25929070e-01
4.25139397e-01
4.24345762e-01
4.23548132e-01
4.22746539e-01
4.21940982e-01
4.21131492e-01
4.20318037e-01
4.19500649e-01
4.18679297e-01
4.17854041e-01
4.17024851e-01
4.16191757e-01
4.15354788e-01
4.14513856e-01
4.13669020e-01
4.12820339e-01
4.11967754e-01
4.11111265e-01
4.10250932e-01
4.09386784e-01
4.08518761e-01
4.07646924e-01
4.06771272e-01
4.05891865e-01
4.05008644e-01
4.04121667e-01
4.03230906e-01
4.02336359e-01
4.01438028e-01
4.00535941e-01
3.99630129e-01
3.98720533e-01
3.97807211e-01
3.96890134e-01
3.95969331e-01
3.95044804e-01
3.94116610e-01
3.93184751e-01
3.92249167e-01
3.91309917e-01
3.90366971e-01
3.89420390e-01
3.88470173e-01
3.87516290e-01
3.86558771e-01
3.85597646e-01
3.84632856e-01
3.83664489e-01
3.82692516e-01
3.81716967e-01
3.80737841e-01
3.79755169e-01
3.78768891e-01
3.77779096e-01
3.76785725e-01
3.75788867e-01
3.74788433e-01
3.73784512e-01
3.72777075e-01
3.71766120e-01
3.70751679e-01
3.69733781e-01
3.68712425e-01
3.67687643e-01
3.66659373e-01
3.65627676e-01
3.64592552e-01
3.63554001e-01
3.62512052e-01
3.61466706e-01
3.60417962e-01
3.59365821e-01
3.58310282e-01
3.57251406e-01
3.56189191e-01
3.55123639e-01
3.54054809e-01
3.52982610e-01
3.51907134e-01
3.50828350e-01
3.49746257e-01
3.48660916e-01
3.47572267e-01
3.46480340e-01
3.45385164e-01
3.44286770e-01
3.43185127e-01
3.42080295e-01
3.40972275e-01
3.39861006e-01
3.38746607e-01
3.37628990e-01
3.36508214e-01
3.35384279e-01
3.34257185e-01
3.33126962e-01
3.31993580e-01
3.30857128e-01
3.29717547e-01
3.28574896e-01
3.27429175e-01
3.26280355e-01
3.25128496e-01
3.23973566e-01
3.22815627e-01
3.21654618e-01
3.20490599e-01
3.19323570e-01
3.18153560e-01
3.16980600e-01
3.15804631e-01
3.14625710e-01
3.13443840e-01
3.12259018e-01
3.11071247e-01
3.09880584e-01
3.08686972e-01
3.07490468e-01
3.06291074e-01
3.05088818e-01
3.03883731e-01
3.02675813e-01
3.01465034e-01
3.00251484e-01
2.99035072e-01
2.97815859e-01
2.96593845e-01
2.95369029e-01
2.94141471e-01
2.92911142e-01
2.91678101e-01
2.90442318e-01
2.89203793e-01
2.87962586e-01
2.86718637e-01
2.85472035e-01
2.84222722e-01
2.82970726e-01
2.81716079e-01
2.80458778e-01
2.79198885e-01
2.77936369e-01
2.76671231e-01
2.75403500e-01
2.74133205e-01
2.72860318e-01
2.71584898e-01
2.70306885e-01
2.69026339e-01
2.67743289e-01
2.66457736e-01
2.65169680e-01
2.63879120e-01
2.62586117e-01
2.61290640e-01
2.59992719e-01
2.58692354e-01
2.57389545e-01
2.56084293e-01
2.54776657e-01
2.53466666e-01
2.52154291e-01
2.50839591e-01
2.49522492e-01
2.48203069e-01
2.46881321e-01
2.45557234e-01
2.44230866e-01
2.42902219e-01
2.41571262e-01
2.40238070e-01
2.38902614e-01
2.37564921e-01
2.36224994e-01
2.34882846e-01
2.33538494e-01
2.32191965e-01
2.30843246e-01
2.29492351e-01
2.28139311e-01
2.26784140e-01
2.25426853e-01
2.24067435e-01
2.22705916e-01
2.21342310e-01
2.19976634e-01
2.18608886e-01
2.17239097e-01
2.15867266e-01
2.14493394e-01
2.13117525e-01
2.11739659e-01
2.10359812e-01
2.08977982e-01
2.07594201e-01
2.06208467e-01
2.04820797e-01
2.03431204e-01
2.02039719e-01
2.00646326e-01
1.99251056e-01
1.97853923e-01
1.96454927e-01
1.95054084e-01
1.93651423e-01
1.92246944e-01
1.90840662e-01
1.89432591e-01
1.88022763e-01
1.86611161e-01
1.85197800e-01
1.83782712e-01
1.82365909e-01
1.80947378e-01
1.79527164e-01
1.78105265e-01
1.76681697e-01
1.75256461e-01
1.73829600e-01
1.72401100e-01
1.70970976e-01
1.69539243e-01
1.68105930e-01
1.66671038e-01
1.65234581e-01
1.63796574e-01
1.62357032e-01
1.60915971e-01
1.59473389e-01
1.58029333e-01
1.56583786e-01
1.55136779e-01
1.53688312e-01
1.52238399e-01
1.50787070e-01
1.49334311e-01
1.47880167e-01
1.46424636e-01
1.44967735e-01
1.43509462e-01
1.42049864e-01
1.40588924e-01
1.39126673e-01
1.37663126e-01
1.36198282e-01
1.34732172e-01
1.33264780e-01
1.31796166e-01
1.30326301e-01
1.28855228e-01
1.27382919e-01
1.25909433e-01
1.24434769e-01
1.22958943e-01
1.21481963e-01
1.20003849e-01
1.18524604e-01
1.17044248e-01
1.15562804e-01
1.14080273e-01
1.12596676e-01
1.11112021e-01
1.09626323e-01
1.08139597e-01
1.06651865e-01
1.05163135e-01
1.03673413e-01
1.02182716e-01
1.00691073e-01
9.91984904e-02
9.77049768e-02
9.62105468e-02
9.47152153e-02
9.32190046e-02
9.17219147e-02
9.02239680e-02
8.87251720e-02
8.72255489e-02
8.57251063e-02
8.42238665e-02
8.27218369e-02
8.12190399e-02
7.97154829e-02
7.82111809e-02
7.67061412e-02
7.52003938e-02
7.36939386e-02
7.21867979e-02
7.06789792e-02
6.91705048e-02
6.76613748e-02
6.61516264e-02
6.46412522e-02
6.31302744e-02
6.16187006e-02
6.01065606e-02
5.85938543e-02
5.70806079e-02
5.55668212e-02
5.40525168e-02
5.25377132e-02
5.10224178e-02
4.95066456e-02
4.79904152e-02
4.64737415e-02
4.49566320e-02
4.34391052e-02
4.19211760e-02
4.04028594e-02
3.88841704e-02
3.73651162e-02
3.58457118e-02
3.43259759e-02
3.28059196e-02
3.12855579e-02
2.97649074e-02
2.82439776e-02
2.67227869e-02
2.52013486e-02
2.36796793e-02
2.21577901e-02
2.06356961e-02
1.91134121e-02
1.75909530e-02
1.60683319e-02
1.45455645e-02
1.30226640e-02
1.14996461e-02
9.97652486e-03
8.45331326e-03
6.93002669e-03
5.40667959e-03
3.88328522e-03
2.35985871e-03
8.36414518e-04
-6.87033520e-04
-2.21047085e-03
-3.73388315e-03
-5.25725586e-03
-6.78057503e-03
-8.30382574e-03
-9.82699450e-03
-1.13500673e-02
-1.28730303e-02
-1.43958675e-02
-1.59185641e-02
-1.74411070e-02
-1.89634822e-02
-2.04856750e-02
-2.20076703e-02
-2.35294532e-02
-2.50510089e-02
-2.65723262e-02
-2.80933883e-02
-2.96141841e-02
-3.11346967e-02
-3.26549113e-02
-3.41748185e-02
-3.56943980e-02
-3.72136347e-02
-3.87325212e-02
-4.02510390e-02
-4.17691730e-02
-4.32869084e-02
-4.48042341e-02
-4.63211313e-02
-4.78375927e-02
-4.93535995e-02
-5.08691333e-02
-5.23841828e-02
-5.38987368e-02
-5.54127768e-02
-5.69262952e-02
-5.84392734e-02
-5.99516965e-02
-6.14635535e-02
-6.29748330e-02
-6.44855127e-02
-6.59955814e-02
-6.75050318e-02
-6.90138340e-02
-7.05219880e-02
-7.20294714e-02
-7.35362768e-02
-7.50423893e-02
-7.65477866e-02
-7.80524611e-02
-7.95563981e-02
-8.10595751e-02
-8.25619921e-02
-8.40636194e-02
-8.55644569e-02
-8.70644823e-02
-8.85636881e-02
-9.00620595e-02
-9.15595815e-02
-9.30562317e-02
-9.45520103e-02
-9.60468948e-02
-9.75408703e-02
-9.90339294e-02
-1.00526042e-01
-1.02017201e-01
-1.03507400e-01
-1.04996614e-01
-1.06484838e-01
-1.07972056e-01
-1.09458253e-01
-1.10943422e-01
-1.12427548e-01
-1.13910601e-01
-1.15392581e-01
-1.16873480e-01
-1.18353270e-01
-1.19831942e-01
-1.21309482e-01
-1.22785881e-01
-1.24261126e-01
-1.25735193e-01
-1.27208069e-01
-1.28679737e-01
-1.30150214e-01
-1.31619439e-01
-1.33087441e-01
-1.34554192e-01
-1.36019662e-01
-1.37483850e-01
-1.38946742e-01
-1.40408322e-01
-1.41868576e-01
-1.43327504e-01
-1.44785061e-01
-1.46241263e-01
-1.47696093e-01
-1.49149507e-01
-1.50601536e-01
-1.52052134e-01
-1.53501302e-01
-1.54949009e-01
-1.56395271e-01
-1.57840043e-01
-1.59283340e-01
-1.60725132e-01
-1.62165403e-01
-1.63604140e-01
-1.65041342e-01
-1.66476965e-01
-1.67911038e-01
-1.69343531e-01
-1.70774415e-01
-1.72203690e-01
-1.73631355e-01
-1.75057366e-01
-1.76481739e-01
-1.77904427e-01
-1.79325446e-01
-1.80744767e-01
-1.82162389e-01
-1.83578297e-01
-1.84992477e-01
-1.86404914e-01
-1.87815577e-01
-1.89224482e-01
-1.90631598e-01
-1.92036927e-01
-1.93440437e-01
-1.94842115e-01
-1.96241975e-01
-1.97639972e-01
-1.99036106e-01
-2.00430363e-01
-2.01822728e-01
-2.03213200e-01
-2.04601780e-01
-2.05988407e-01
-2.07373068e-01
-2.08755776e-01
-2.10136518e-01
-2.11515278e-01
-2.12892056e-01
-2.14266822e-01
-2.15639561e-01
-2.17010275e-01
-2.18378946e-01
-2.19745532e-01
-2.21110076e-01
-2.22472519e-01
-2.23832875e-01
-2.25191116e-01
-2.26547256e-01
-2.27901235e-01
-2.29253083e-01
-2.30602771e-01
-2.31950283e-01
-2.33295590e-01
-2.34638706e-01
-2.35979617e-01
-2.37318292e-01
-2.38654733e-01
-2.39988923e-01
-2.41320848e-01
-2.42650509e-01
-2.43977889e-01
-2.45302960e-01
-2.46625721e-01
-2.47946158e-01
-2.49264270e-01
-2.50580013e-01
-2.51893401e-01
-2.53204435e-01
-2.54513085e-01
-2.55819380e-01
-2.57123232e-01
-2.58424640e-01
-2.59723574e-01
-2.61020094e-01
-2.62314171e-01
-2.63605773e-01
-2.64894873e-01
-2.66181499e-01
-2.67465621e-01
-2.68747240e-01
-2.70026296e-01
-2.71302819e-01
-2.72576779e-01
-2.73848176e-01
-2.75117010e-01
-2.76383221e-01
-2.77646840e-01
-2.78907806e-01
-2.80166179e-01
-2.81421900e-01
-2.82674968e-01
-2.83925414e-01
-2.85173118e-01
-2.86418170e-01
-2.87660480e-01
-2.88900107e-01
-2.90137023e-01
-2.91371167e-01
-2.92602599e-01
-2.93831289e-01
-2.95057207e-01
-2.96280295e-01
-2.97500640e-01
-2.98718154e-01
-2.99932867e-01
-3.01144749e-01
-3.02353799e-01
-3.03560019e-01
-3.04763377e-01
-3.05963933e-01
-3.07161599e-01
-3.08356315e-01
-3.09548110e-01
-3.10736954e-01
-3.11922908e-01
-3.13105881e-01
-3.14285934e-01
-3.15463006e-01
-3.16637129e-01
-3.17808270e-01
-3.18976432e-01
-3.20141584e-01
-3.21303695e-01
-3.22462797e-01
-3.23618829e-01
-3.24771851e-01
-3.25921804e-01
-3.27068686e-01
-3.28212470e-01
-3.29353184e-01
-3.30490768e-01
-3.31625283e-01
-3.32756639e-01
-3.33884865e-01
-3.35009933e-01
-3.36131811e-01
-3.37250561e-01
-3.38366091e-01
-3.39478463e-01
-3.40587646e-01
-3.41693610e-01
-3.42796355e-01
-3.43895882e-01
-3.44992191e-01
-3.46085221e-01
-3.47175002e-01
-3.48261476e-01
-3.49344701e-01
-3.50424618e-01
-3.51501256e-01
-3.52574587e-01
-3.53644609e-01
-3.54711264e-01
-3.55774581e-01
-3.56834561e-01
-3.57891202e-01
-3.58944476e-01
-3.59994352e-01
-3.61040831e-01
-3.62083852e-01
-3.63123506e-01
-3.64159703e-01
-3.65192503e-01
-3.66221815e-01
-3.67247701e-01
-3.68270159e-01
-3.69289160e-01
-3.70304704e-01
-3.71316731e-01
-3.72325242e-01
-3.73330295e-01
-3.74331802e-01
-3.75329792e-01
-3.76324207e-01
-3.77315074e-01
-3.78302425e-01
-3.79286170e-01
-3.80266368e-01
-3.81242990e-01
-3.82216036e-01
-3.83185476e-01
-3.84151310e-01
-3.85113508e-01
-3.86072040e-01
-3.87026966e-01
-3.87978226e-01
-3.88925850e-01
-3.89869779e-01
-3.90810072e-01
-3.91746700e-01
-3.92679602e-01
-3.93608838e-01
-3.94534379e-01
-3.95456225e-01
-3.96374345e-01
-3.97288710e-01
-3.98199320e-01
-3.99106175e-01
-4.00009274e-01
-4.00908589e-01
-4.01804119e-01
-4.02695864e-01
-4.03583825e-01
-4.04468000e-01
-4.05348361e-01
-4.06224966e-01
-4.07097787e-01
-4.07966763e-01
-4.08831894e-01
-4.09693152e-01
-4.10550565e-01
-4.11404073e-01
-4.12253708e-01
-4.13099408e-01
-4.13941234e-01
-4.14779127e-01
-4.15613115e-01
-4.16443229e-01
-4.17269349e-01
-4.18091565e-01
-4.18909848e-01
-4.19724196e-01
-4.20534581e-01
-4.21341002e-01
-4.22143489e-01
-4.22941983e-01
-4.23736513e-01
-4.24527019e-01
-4.25313503e-01
-4.26096022e-01
-4.26874518e-01
-4.27648991e-01
-4.28419441e-01
-4.29185838e-01
-4.29948211e-01
-4.30706561e-01
-4.31460828e-01
-4.32211012e-01
-4.32957143e-01
-4.33699191e-01
-4.34437156e-01
-4.35171038e-01
-4.35900807e-01
-4.36626464e-01
-4.37348038e-01
-4.38065469e-01
-4.38778788e-01
-4.39487964e-01
-4.40192997e-01
-4.40893888e-01
-4.41590607e-01
-4.42283243e-01
-4.42971647e-01
-4.43655878e-01
-4.44335967e-01
-4.45011854e-01
-4.45683539e-01
-4.46351022e-01
-4.47014272e-01
-4.47673351e-01
-4.48328227e-01
-4.48978871e-01
-4.49625254e-01
-4.50267404e-01
-4.50905293e-01
-4.51538950e-01
-4.52168375e-01
-4.52793539e-01
-4.53414410e-01
-4.54030991e-01
-4.54643339e-01
-4.55251366e-01
-4.55855131e-01
-4.56454605e-01
-4.57049817e-01
-4.57640678e-01
-4.58227247e-01
-4.58809495e-01
-4.59387451e-01
-4.59961057e-01
-4.60530341e-01
-4.61095273e-01
-4.61655855e-01
-4.62212086e-01
-4.62763935e-01
-4.63311404e-01
-4.63854522e-01
-4.64393258e-01
-4.64927614e-01
-4.65457588e-01
-4.65983182e-01
-4.66504365e-01
-4.67021197e-01
-4.67533588e-01
-4.68041599e-01
-4.68545169e-01
-4.69044358e-01
-4.69539106e-01
-4.70029444e-01
-4.70515370e-01
-4.70996827e-01
-4.71473843e-01
-4.71946418e-01
-4.72414553e-01
-4.72878247e-01
-4.73337501e-01
-4.73792285e-01
-4.74242598e-01
-4.74688411e-01
-4.75129813e-01
-4.75566715e-01
-4.75999147e-01
-4.76427078e-01
-4.76850510e-01
-4.77269441e-01
-4.77683902e-01
-4.78093833e-01
-4.78499264e-01
-4.78900164e-01
-4.79296535e-01
-4.79688436e-01
-4.80075777e-01
-4.80458587e-01
-4.80836868e-01
-4.81210649e-01
-4.81579870e-01
-4.81944561e-01
-4.82304722e-01
-4.82660294e-01
-4.83011335e-01
-4.83357787e-01
-4.83699709e-01
-4.84037071e-01
-4.84369904e-01
-4.84698147e-01
-4.85021800e-01
-4.85340863e-01
-4.85655338e-01
-4.85965222e-01
-4.86270577e-01
-4.86571312e-01
-4.86867458e-01
-4.87159014e-01
-4.87445980e-01
-4.87728357e-01
-4.88006145e-01
-4.88279343e-01
-4.88547921e-01
-4.88811880e-01
-4.89071220e-01
-4.89325970e-01
-4.89576101e-01
-4.89821613e-01
-4.90062535e-01
-4.90298808e-01
-4.90530461e-01
-4.90757495e-01
-4.90979910e-01
-4.91197646e-01
-4.91410762e-01
-4.91619259e-01
-4.91823137e-01
-4.92022365e-01
-4.92216945e-01
-4.92406905e-01
-4.92592186e-01
-4.92772818e-01
-4.92948800e-01
-4.93120164e-01
-4.93286848e-01
-4.93448883e-01
-4.93606299e-01
-4.93759006e-01
-4.93907124e-01
-4.94050533e-01
-4.94189262e-01
-4.94323343e-01
-4.94452775e-01
-4.94577557e-01
-4.94697660e-01
-4.94813085e-01
-4.94923860e-01
-4.95029986e-01
-4.95131433e-01
-4.95228231e-01
-4.95320350e-01
-4.95407790e-01
-4.95490551e-01
-4.95568633e-01
-4.95642036e-01
-4.95710790e-01
-4.95774835e-01
-4.95834202e-01
-4.95888889e-01
-4.95938897e-01
-4.95984256e-01
-4.96024936e-01
-4.96060908e-01
-4.96092230e-01
-4.96118903e-01
-4.96140867e-01
-4.96158153e-01
-4.96170759e-01
-4.96178687e-01
-4.96181965e-01
-4.96180534e-01
-4.96174425e-01
-4.96163666e-01
-4.96148229e-01
-4.96128082e-01
-4.96103287e-01
-4.96073782e-01
-4.96039629e-01
-4.96000767e-01
-4.95957226e-01
-4.95909065e-01
-4.95856196e-01
-4.95798647e-01
-4.95736420e-01
-4.95669514e-01
-4.95597929e-01
-4.95521694e-01
-4.95440781e-01
-4.95355189e-01
-4.95264918e-01
-4.95169997e-01
-4.95070398e-01
-4.94966120e-01
-4.94857162e-01
-4.94743556e-01
-4.94625270e-01
-4.94502366e-01
-4.94374752e-01
-4.94242519e-01
-4.94105637e-01
-4.93964046e-01
-4.93817836e-01
-4.93666947e-01
-4.93511409e-01
-4.93351221e-01
-4.93186355e-01
-4.93016869e-01
-4.92842704e-01
-4.92663920e-01
-4.92480487e-01
-4.92292404e-01
-4.92099702e-01
-4.91902322e-01
-4.91700321e-01
-4.91493672e-01
-4.91282403e-01
-4.91066456e-01
-4.90845948e-01
-4.90620762e-01
-4.90390956e-01
-4.90156502e-01
-4.89917457e-01
-4.89673764e-01
-4.89425451e-01
-4.89172548e-01
-4.88915026e-01
-4.88652885e-01
-4.88386154e-01
-4.88114834e-01
-4.87838924e-01
-4.87558365e-01
-4.87273246e-01
-4.86983538e-01
-4.86689210e-01
-4.86390322e-01
-4.86086845e-01
-4.85778779e-01
-4.85466152e-01
-4.85148937e-01
-4.84827131e-01
-4.84500736e-01
-4.84169811e-01
-4.83834296e-01
-4.83494222e-01
-4.83149588e-01
-4.82800424e-01
-4.82446700e-01
-4.82088447e-01
-4.81725633e-01
-4.81358290e-01
-4.80986387e-01
-4.80609953e-01
-4.80228990e-01
-4.79843497e-01
-4.79453504e-01
-4.79059011e-01
-4.78659958e-01
-4.78256404e-01
-4.77848351e-01
-4.77435768e-01
-4.77018714e-01
-4.76597130e-01
-4.76171076e-01
-4.75740492e-01
-4.75305438e-01
-4.74865913e-01
-4.74421918e-01
-4.73973453e-01
-4.73520517e-01
-4.73063171e-01
-4.72601384e-01
-4.72135097e-01
-4.71664369e-01
-4.71189201e-01
-4.70709622e-01
-4.70225573e-01
-4.69737083e-01
-4.69244182e-01
-4.68746901e-01
-4.68245178e-01
-4.67739046e-01
-4.67228532e-01
-4.66713607e-01
-4.66194272e-01
-4.65670556e-01
-4.65142459e-01
-4.64609981e-01
-4.64073092e-01
-4.63531852e-01
-4.62986261e-01
-4.62436289e-01
-4.61881965e-01
-4.61323291e-01
-4.60760236e-01
-4.60192829e-01
-4.59621042e-01
-4.59044963e-01
-4.58464593e-01
-4.57879871e-01
-4.57290888e-01
-4.56697583e-01
-4.56100017e-01
-4.55498129e-01
-4.54891980e-01
-4.54281569e-01
-4.53666836e-01
-4.53047872e-01
-4.52424616e-01
-4.51797128e-01
-4.51165348e-01
-4.50529337e-01
-4.49889094e-01
-4.49244559e-01
-4.48595852e-01
-4.47942913e-01
-4.47285742e-01
-4.46624339e-01
-4.45958763e-01
-4.45288986e-01
-4.44615006e-01
-4.43936855e-01
-4.43254560e-01
-4.42568064e-01
-4.41877395e-01
-4.41182584e-01
-4.40483600e-01
-4.39780444e-01
-4.39073175e-01
-4.38361764e-01
-4.37646210e-01
-4.36926574e-01
-4.36202824e-01
-4.35474992e-01
-4.34743017e-01
-4.34006989e-01
-4.33266848e-01
-4.32522625e-01
-4.31774318e-01
-4.31021988e-01
-4.30265605e-01
-4.29505140e-01
-4.28740650e-01
-4.27972138e-01
-4.27199602e-01
-4.26423043e-01
-4.25642490e-01
-4.24857914e-01
-4.24069345e-01
-4.23276752e-01
-4.22480226e-01
-4.21679705e-01
-4.20875221e-01
-4.20066774e-01
-4.19254392e-01
-4.18438077e-01
-4.17617798e-01
-4.16793555e-01
-4.15965438e-01
-4.15133387e-01
-4.14297402e-01
-4.13457543e-01
-4.12613809e-01
-4.11766171e-01
-4.10914630e-01
-4.10059184e-01
-4.09199864e-01
-4.08336639e-01
-4.07469571e-01
-4.06598747e-01
-4.05724168e-01
-4.04845804e-01
-4.03963566e-01
-4.03077573e-01
-4.02187765e-01
-4.01294202e-01
-4.00396883e-01
-3.99495751e-01
-3.98590893e-01
-3.97682250e-01
-3.96769881e-01
-3.95853758e-01
-3.94933939e-01
-3.94010395e-01
-3.93083185e-01
-3.92152250e-01
-3.91217679e-01
-3.90279382e-01
-3.89337450e-01
-3.88391823e-01
-3.87442559e-01
-3.86489660e-01
-3.85533124e-01
-3.84572923e-01
-3.83609116e-01
-3.82641673e-01
-3.81670624e-01
-3.80696028e-01
-3.79717886e-01
-3.78736138e-01
-3.77750874e-01
-3.76762033e-01
-3.75769645e-01
-3.74773711e-01
-3.73774260e-01
-3.72771323e-01
-3.71764839e-01
-3.70754838e-01
-3.69741350e-01
-3.68724406e-01
-3.67704004e-01
-3.66680145e-01
-3.65652859e-01
-3.64622116e-01
-3.63587976e-01
-3.62550378e-01
-3.61509383e-01
-3.60465020e-01
-3.59417230e-01
-3.58366072e-01
-3.57311517e-01
-3.56253624e-01
-3.55192363e-01
-3.54127795e-01
-3.53059918e-01
-3.51988703e-01
-3.50914180e-01
-3.49836349e-01
-3.48755270e-01
-3.47670883e-01
-3.46583188e-01
-3.45492274e-01
-3.44398081e-01
-3.43300641e-01
-3.42200011e-01
-3.41096193e-01
-3.39989126e-01
-3.38878900e-01
-3.37765455e-01
-3.36648852e-01
-3.35529089e-01
-3.34406167e-01
-3.33280087e-01
-3.32150847e-01
-3.31018507e-01
-3.29883069e-01
-3.28744560e-01
-3.27602953e-01
-3.26458216e-01
-3.25310469e-01
-3.24159622e-01
-3.23005766e-01
-3.21848869e-01
-3.20688933e-01
-3.19525987e-01
-3.18360031e-01
-3.17191094e-01
-3.16019177e-01
-3.14844310e-01
-3.13666463e-01
-3.12485695e-01
-3.11301976e-01
-3.10115337e-01
-3.08925748e-01
-3.07733238e-01
-3.06537837e-01
-3.05339605e-01
-3.04138482e-01
-3.02934527e-01
-3.01727742e-01
-3.00518125e-01
-2.99305648e-01
-2.98090398e-01
-2.96872318e-01
-2.95651466e-01
-2.94427812e-01
-2.93201417e-01
-2.91972280e-01
-2.90740371e-01
-2.89505780e-01
-2.88268417e-01
-2.87028372e-01
-2.85785645e-01
-2.84540236e-01
-2.83292145e-01
-2.82041371e-01
-2.80787945e-01
-2.79531896e-01
-2.78273255e-01
-2.77011991e-01
-2.75748104e-01
-2.74481654e-01
-2.73212612e-01
-2.71941006e-01
-2.70666838e-01
-2.69390136e-01
-2.68110901e-01
-2.66829163e-01
-2.65544891e-01
-2.64258146e-01
-2.62968957e-01
-2.61677295e-01
-2.60383159e-01
-2.59086609e-01
-2.57787585e-01
-2.56486118e-01
-2.55182266e-01
-2.53876030e-01
-2.52567440e-01
-2.51256496e-01
-2.49943167e-01
-2.48627499e-01
-2.47309491e-01
-2.45989189e-01
-2.44666576e-01
-2.43341669e-01
-2.42014468e-01
-2.40685001e-01
-2.39353269e-01
-2.38019288e-01
-2.36683100e-01
-2.35344678e-01
-2.34004065e-01
-2.32661247e-01
-2.31316254e-01
-2.29969069e-01
-2.28619754e-01
-2.27268293e-01
-2.25914702e-01
-2.24558994e-01
-2.23201171e-01
-2.21841261e-01
-2.20479280e-01
-2.19115227e-01
-2.17749119e-01
-2.16380984e-01
-2.15010807e-01
-2.13638619e-01
-2.12264448e-01
-2.10888267e-01
-2.09510118e-01
-2.08130002e-01
-2.06747949e-01
-2.05363944e-01
-2.03978017e-01
-2.02590182e-01
-2.01200470e-01
-1.99808866e-01
-1.98415413e-01
-1.97020069e-01
-1.95622906e-01
-1.94223911e-01
-1.92823082e-01
-1.91420451e-01
-1.90016016e-01
-1.88609824e-01
-1.87201858e-01
-1.85792148e-01
-1.84380695e-01
-1.82967529e-01
-1.81552634e-01
-1.80136055e-01
-1.78717792e-01
-1.77297860e-01
-1.75876260e-01
-1.74453020e-01
-1.73028141e-01
-1.71601653e-01
-1.70173585e-01
-1.68743908e-01
-1.67312652e-01
-1.65879831e-01
-1.64445460e-01
-1.63009554e-01
-1.61572114e-01
-1.60133168e-01
-1.58692732e-01
-1.57250822e-01
-1.55807450e-01
-1.54362604e-01
-1.52916327e-01
-1.51468620e-01
-1.50019512e-01
-1.48568988e-01
-1.47117078e-01
-1.45663798e-01
-1.44209176e-01
-1.42753214e-01
-1.41295895e-01
-1.39837280e-01
-1.38377354e-01
-1.36916131e-01
-1.35453627e-01
-1.33989871e-01
-1.32524863e-01
-1.31058618e-01
-1.29591167e-01
-1.28122509e-01
-1.26652658e-01
-1.25181630e-01
-1.23709440e-01
-1.22236088e-01
-1.20761603e-01
-1.19286001e-01
-1.17809281e-01
-1.16331473e-01
-1.14852570e-01
-1.13372616e-01
-1.11891605e-01
-1.10409558e-01
-1.08926475e-01
-1.07442386e-01
-1.05957299e-01
-1.04471229e-01
-1.02984197e-01
-1.01496205e-01
-1.00007266e-01
-9.85174030e-02
-9.70266312e-02
-9.55349579e-02
-9.40424055e-02
-9.25489813e-02
-9.10547078e-02
-8.95595849e-02
-8.80636349e-02
-8.65668729e-02
-8.50693062e-02
-8.35709497e-02
-8.20718259e-02
-8.05719420e-02
-7.90713131e-02
-7.75699615e-02
-7.60678947e-02
-7.45651275e-02
-7.30616748e-02
-7.15575442e-02
-7.00527653e-02
-6.85473457e-02
-6.70412928e-02
-6.55346215e-02
-6.40273541e-02
-6.25195056e-02
-6.10110797e-02
-5.95020950e-02
-5.79925589e-02
-5.64824976e-02
-5.49719185e-02
-5.34608401e-02
-5.19492775e-02
-5.04372381e-02
-4.89247441e-02
-4.74118032e-02
-4.58984375e-02
-4.43846546e-02
-4.28704694e-02
-4.13559005e-02
-3.98409590e-02
-3.83256599e-02
-3.68100181e-02
-3.52940485e-02
-3.37777659e-02
-3.22611816e-02
-3.07443086e-02
-2.92271636e-02
-2.77097616e-02
-2.61921193e-02
-2.46742461e-02
-2.31561568e-02
-2.16378681e-02
-2.01193951e-02
-1.86007451e-02
-1.70819554e-02
-1.55629693e-02
-1.40440278e-02
-1.25244204e-02
-1.10064633e-02
-9.48286802e-03
-7.97682721e-03
-6.41480274e-03
-5.03062829e-03
-3.08941933e-03
-3.06951511e-03
-5.96046448e-08
5.96046448e-08
3.06951511e-03
