5.58251108e-04
1.15657761e-03
1.75777101e-03
2.35915463e-03
2.96053081e-03
3.56188021e-03
4.16319678e-03
4.76447400e-03
5.36570698e-03
5.96688921e-03
6.56801602e-03
7.16908136e-03
7.77007919e-03
8.37100483e-03
8.97185225e-03
9.57261585e-03
1.01732900e-02
1.07738702e-02
1.13743488e-02
1.19747203e-02
1.25749810e-02
1.31751234e-02
1.37751419e-02
1.43750319e-02
1.49747878e-02
1.55744022e-02
1.61738712e-02
1.67731903e-02
1.73723511e-02
1.79713499e-02
1.85701791e-02
1.91688370e-02
1.97673142e-02
2.03656070e-02
2.09637061e-02
2.15616114e-02
2.21593156e-02
2.27568112e-02
2.33540963e-02
2.39511617e-02
2.45480035e-02
2.51446124e-02
2.57409867e-02
2.63371207e-02
2.69330088e-02
2.75286417e-02
2.81240195e-02
2.87191328e-02
2.93139778e-02
2.99085509e-02
3.05028409e-02
3.10968459e-02
3.16905603e-02
3.22839804e-02
3.28770988e-02
3.34699079e-02
3.40624042e-02
3.46545801e-02
3.52464318e-02
3.58379558e-02
3.64291444e-02
3.70199904e-02
3.76104861e-02
3.82006355e-02
3.87904234e-02
3.93798500e-02
3.99689078e-02
4.05575931e-02
4.11458984e-02
4.17338200e-02
4.23213504e-02
4.29084823e-02
4.34952155e-02
4.40815352e-02
4.46674488e-02
4.52529378e-02
4.58380096e-02
4.64226492e-02
4.70068567e-02
4.75906208e-02
4.81739417e-02
4.87568118e-02
4.93392199e-02
4.99211736e-02
5.05026542e-02
5.10836616e-02
5.16641960e-02
5.22442423e-02
5.28238006e-02
5.34028672e-02
5.39814308e-02
5.45594916e-02
5.51370382e-02
5.57140745e-02
5.62905818e-02
5.68665676e-02
5.74420169e-02
5.80169335e-02
5.85913025e-02
5.91651276e-02
5.97383976e-02
6.03111088e-02
6.08832538e-02
6.14548326e-02
6.20258301e-02
6.25962466e-02
6.31660819e-02
6.37353286e-02
6.43039793e-02
6.48720264e-02
6.54394701e-02
6.60062954e-02
6.65725097e-02
6.71380907e-02
6.77030534e-02
6.82673827e-02
6.88310713e-02
6.93941191e-02
6.99565113e-02
7.05182478e-02
7.10793287e-02
7.16397390e-02
7.21994787e-02
7.27585480e-02
7.33169317e-02
7.38746300e-02
7.44316354e-02
7.49879554e-02
7.55435675e-02
7.60984719e-02
7.66526684e-02
7.72061497e-02
7.77589008e-02
7.83109218e-02
7.88621977e-02
7.94127509e-02
7.99625516e-02
8.05116147e-02
8.10599104e-02
8.16074610e-02
8.21542442e-02
8.27002525e-02
8.32454935e-02
8.37899446e-02
8.43336284e-02
8.48765150e-02
8.54186043e-02
8.59598964e-02
8.65003839e-02
8.70400593e-02
8.75789300e-02
8.81169662e-02
8.86541829e-02
8.91905650e-02
8.97261202e-02
9.02608410e-02
9.07947049e-02
9.13277268e-02
9.18598920e-02
9.23911929e-02
9.29216370e-02
9.34512094e-02
9.39799026e-02
9.45077166e-02
9.50346515e-02
9.55606997e-02
9.60858464e-02
9.66100991e-02
9.71334428e-02
9.76558775e-02
9.81773958e-02
9.86979976e-02
9.92176756e-02
9.97364298e-02
1.00254245e-01
1.00771129e-01
1.01287067e-01
1.01802059e-01
1.02316104e-01
1.02829188e-01
1.03341311e-01
1.03852466e-01
1.04362637e-01
1.04871832e-01
1.05380043e-01
1.05887279e-01
1.06393516e-01
1.06898762e-01
1.07403010e-01
1.07906245e-01
1.08408473e-01
1.08909681e-01
1.09409876e-01
1.09909043e-01
1.10407189e-01
1.10904299e-01
1.11400366e-01
1.11895390e-01
1.12389363e-01
1.12882294e-01
1.13374159e-01
1.13864958e-01
1.14354700e-01
1.14843369e-01
1.15330972e-01
1.15817495e-01
1.16302930e-01
1.16787285e-01
1.17270537e-01
1.17752686e-01
1.18233740e-01
1.18713684e-01
1.19192518e-01
1.19670235e-01
1.20146841e-01
1.20622315e-01
1.21096656e-01
1.21569872e-01
1.22041941e-01
1.22512870e-01
1.22982658e-01
1.23451285e-01
1.23918764e-01
1.24385081e-01
1.24850228e-01
1.25314206e-01
1.25777021e-01
1.26238659e-01
1.26699105e-01
1.27158388e-01
1.27616480e-01
1.28073394e-01
1.28529117e-01
1.28983632e-01
1.29436925e-01
1.29888996e-01
1.30339846e-01
1.30789489e-01
1.31237894e-01
1.31685078e-01
1.32131025e-01
1.32575750e-01
1.33019224e-01
1.33461446e-01
1.33902431e-01
1.34342164e-01
1.34780645e-01
1.35217860e-01
1.35653809e-01
1.36088505e-01
1.36521906e-01
1.36954039e-01
1.37384892e-01
1.37814462e-01
1.38242722e-01
1.38669699e-01
1.39095396e-01
1.39519766e-01
1.39942840e-01
1.40364602e-01
1.40785053e-01
1.41204193e-01
1.41622007e-01
1.42038494e-01
1.42453641e-01
1.42867446e-01
1.43279925e-01
1.43691048e-01
1.44100845e-01
1.44509286e-01
1.44916356e-01
1.45322084e-01
1.45726457e-01
1.46129459e-01
1.46531090e-01
1.46931350e-01
1.47330254e-01
1.47727773e-01
1.48123920e-01
1.48518667e-01
1.48912013e-01
1.49303973e-01
1.49694517e-01
1.50083676e-01
1.50471419e-01
1.50857776e-01
1.51242703e-01
1.51626229e-01
1.52008325e-01
1.52389020e-01
1.52768284e-01
1.53146133e-01
1.53522566e-01
1.53897569e-01
1.54271141e-01
1.54643267e-01
1.55013934e-01
1.55383140e-01
1.55750856e-01
1.56117126e-01
1.56481922e-01
1.56845257e-01
1.57207131e-01
1.57567516e-01
1.57926440e-01
1.58283889e-01
1.58639848e-01
1.58994317e-01
1.59347311e-01
1.59698799e-01
1.60048813e-01
1.60397336e-01
1.60744354e-01
1.61089867e-01
1.61433861e-01
1.61776364e-01
1.62117332e-01
1.62456781e-01
1.62794709e-01
1.63131118e-01
1.63466007e-01
1.63799345e-01
1.64131165e-01
1.64461449e-01
1.64790183e-01
1.65117383e-01
1.65443033e-01
1.65767133e-01
1.66089684e-01
1.66410685e-01
1.66730136e-01
1.67048037e-01
1.67364359e-01
1.67679101e-01
1.67992279e-01
1.68303877e-01
1.68613911e-01
1.68922350e-01
1.69229209e-01
1.69534475e-01
1.69838160e-01
1.70140266e-01
1.70440763e-01
1.70739681e-01
1.71036988e-01
1.71332702e-01
1.71626821e-01
1.71919316e-01
1.72210217e-01
1.72499493e-01
1.72787175e-01
1.73073232e-01
1.73357695e-01
1.73640519e-01
1.73921719e-01
1.74201280e-01
1.74479216e-01
1.74755499e-01
1.75030157e-01
1.75303161e-01
1.75574541e-01
1.75844267e-01
1.76112354e-01
1.76378787e-01
1.76643565e-01
1.76906705e-01
1.77168176e-01
1.77427992e-01
1.77686140e-01
1.77942634e-01
1.78197458e-01
1.78450644e-01
1.78702146e-01
1.78951994e-01
1.79200172e-01
1.79446682e-01
1.79691523e-01
1.79934680e-01
1.80176139e-01
1.80415913e-01
1.80653989e-01
1.80890352e-01
1.81125030e-01
1.81358010e-01
1.81589290e-01
1.81818873e-01
1.82046741e-01
1.82272896e-01
1.82497367e-01
1.82720125e-01
1.82941169e-01
1.83160499e-01
1.83378130e-01
1.83594018e-01
1.83808208e-01
1.84020668e-01
1.84231415e-01
1.84440434e-01
1.84647739e-01
1.84853300e-01
1.85057148e-01
1.85259268e-01
1.85459659e-01
1.85658321e-01
1.85855255e-01
1.86050460e-01
1.86243922e-01
1.86435640e-01
1.86625615e-01
1.86813831e-01
1.87000290e-01
1.87184989e-01
1.87367931e-01
1.87549114e-01
1.87728539e-01
1.87906206e-01
1.88082114e-01
1.88256279e-01
1.88428670e-01
1.88599288e-01
1.88768148e-01
1.88935235e-01
1.89100534e-01
1.89264074e-01
1.89425841e-01
1.89585835e-01
1.89744055e-01
1.89900517e-01
1.90055177e-01
1.90208063e-01
1.90359175e-01
1.90508500e-01
1.90656036e-01
1.90801784e-01
1.90945745e-01
1.91087916e-01
1.91228300e-01
1.91366896e-01
1.91503704e-01
1.91638723e-01
1.91771954e-01
1.91903397e-01
1.92033052e-01
1.92160919e-01
1.92286998e-01
1.92411289e-01
1.92533791e-01
1.92654490e-01
1.92773372e-01
1.92890435e-01
1.93005681e-01
1.93119109e-01
1.93230718e-01
1.93340510e-01
1.93448484e-01
1.93554640e-01
1.93658978e-01
1.93761483e-01
1.93862185e-01
1.93961069e-01
1.94058135e-01
1.94153383e-01
1.94246799e-01
1.94338396e-01
1.94428191e-01
1.94516152e-01
1.94602311e-01
1.94686636e-01
1.94769144e-01
1.94849849e-01
1.94928721e-01
1.95005760e-01
1.95080996e-01
1.95154399e-01
1.95225984e-01
1.95295736e-01
1.95363656e-01
1.95429757e-01
1.95494011e-01
1.95556432e-01
1.95617035e-01
1.95675790e-01
1.95732728e-01
1.95787817e-01
1.95841089e-01
1.95892528e-01
1.95942134e-01
1.95989907e-01
1.96035847e-01
1.96079940e-01
1.96122199e-01
1.96162641e-01
1.96201220e-01
1.96237966e-01
1.96272895e-01
1.96305960e-01
1.96337208e-01
1.96366593e-01
1.96394160e-01
1.96419880e-01
1.96443766e-01
1.96465805e-01
1.96486011e-01
1.96504384e-01
1.96520895e-01
1.96535572e-01
1.96548432e-01
1.96559429e-01
1.96568593e-01
1.96575910e-01
1.96581393e-01
1.96585044e-01
1.96586847e-01
1.96586803e-01
1.96584925e-01
1.96581200e-01
1.96575642e-01
1.96568236e-01
1.96558997e-01
1.96547911e-01
1.96534991e-01
1.96520239e-01
1.96503639e-01
1.96485206e-01
1.96464926e-01
1.96442813e-01
1.96418852e-01
1.96393058e-01
1.96365431e-01
1.96335971e-01
1.96304664e-01
1.96271524e-01
1.96236536e-01
1.96199730e-01
1.96161076e-01
1.96120590e-01
1.96078256e-01
1.96034104e-01
1.95988089e-01
1.95940256e-01
1.95890605e-01
1.95839107e-01
1.95785776e-01
1.95730627e-01
1.95673630e-01
1.95614815e-01
1.95554152e-01
1.95491686e-01
1.95427373e-01
1.95361242e-01
1.95293263e-01
1.95223451e-01
1.95151806e-01
1.95078358e-01
1.95003077e-01
1.94925979e-01
1.94847062e-01
1.94766313e-01
1.94683746e-01
1.94599375e-01
1.94513172e-01
1.94425166e-01
1.94335327e-01
1.94243670e-01
1.94150209e-01
1.94054917e-01
1.93957806e-01
1.93858892e-01
1.93758145e-01
1.93655580e-01
1.93551198e-01
1.93444997e-01
1.93336979e-01
1.93227142e-01
1.93115488e-01
1.93002015e-01
1.92886725e-01
1.92769617e-01
1.92650691e-01
1.92529947e-01
1.92407414e-01
1.92283094e-01
1.92156985e-01
1.92029089e-01
1.91899404e-01
1.91767931e-01
1.91634670e-01
1.91499621e-01
1.91362783e-01
1.91224158e-01
1.91083744e-01
1.90941527e-01
1.90797538e-01
1.90651745e-01
1.90504193e-01
1.90354839e-01
1.90203726e-01
1.90050811e-01
1.89896137e-01
1.89739674e-01
1.89581439e-01
1.89421445e-01
1.89259663e-01
1.89096108e-01
1.88930795e-01
1.88763693e-01
1.88594833e-01
1.88424185e-01
1.88251793e-01
1.88077644e-01
1.87901720e-01
1.87724054e-01
1.87544614e-01
1.87363416e-01
1.87180474e-01
1.86995760e-01
1.86809301e-01
1.86621085e-01
1.86431110e-01
1.86239392e-01
1.86045930e-01
1.85850739e-01
1.85653821e-01
1.85455173e-01
1.85254797e-01
1.85052693e-01
1.84848860e-01
1.84643313e-01
1.84436038e-01
1.84227034e-01
1.84016317e-01
1.83803871e-01
1.83589697e-01
1.83373824e-01
1.83156222e-01
1.82936922e-01
1.82715893e-01
1.82493180e-01
1.82268754e-01
1.82042629e-01
1.81814790e-01
1.81585252e-01
1.81354016e-01
1.81121081e-01
1.80886447e-01
1.80650115e-01
1.80412084e-01
1.80172354e-01
1.79930925e-01
1.79687813e-01
1.79443046e-01
1.79196596e-01
1.78948477e-01
1.78698689e-01
1.78447247e-01
1.78194135e-01
1.77939370e-01
1.77682951e-01
1.77424863e-01
1.77165106e-01
1.76903710e-01
1.76640645e-01
1.76375940e-01
1.76109582e-01
1.75841570e-01
1.75571933e-01
1.75300643e-01
1.75027728e-01
1.74753159e-01
1.74476951e-01
1.74199104e-01
1.73919618e-01
1.73638508e-01
1.73355773e-01
1.73071429e-01
1.72785476e-01
1.72497913e-01
1.72208726e-01
1.71917945e-01
1.71625540e-01
1.71331540e-01
1.71035931e-01
1.70738742e-01
1.70439944e-01
1.70139566e-01
1.69837579e-01
1.69534013e-01
1.69228867e-01
1.68922126e-01
1.68613806e-01
1.68303922e-01
1.67992443e-01
1.67679399e-01
1.67364776e-01
1.67048588e-01
1.66730836e-01
1.66411534e-01
1.66090682e-01
1.65768281e-01
1.65444344e-01
1.65118843e-01
1.64791793e-01
1.64463222e-01
1.64133102e-01
1.63801461e-01
1.63468286e-01
1.63133577e-01
1.62797347e-01
1.62459597e-01
1.62120312e-01
1.61779523e-01
1.61437228e-01
1.61093414e-01
1.60748079e-01
1.60401255e-01
1.60052925e-01
1.59703106e-01
1.59351811e-01
1.58999026e-01
1.58644766e-01
1.58289015e-01
1.57931775e-01
1.57573074e-01
1.57212883e-01
1.56851247e-01
1.56488121e-01
1.56123549e-01
1.55757502e-01
1.55390009e-01
1.55021027e-01
1.54650569e-01
1.54278681e-01
1.53905362e-01
1.53530613e-01
1.53154448e-01
1.52776837e-01
1.52397826e-01
1.52017385e-01
1.51635543e-01
1.51252270e-01
1.50867596e-01
1.50481507e-01
1.50094032e-01
1.49705142e-01
1.49314851e-01
1.48923159e-01
1.48530081e-01
1.48135602e-01
1.47739753e-01
1.47342518e-01
1.46943912e-01
1.46543950e-01
1.46142602e-01
1.45739913e-01
1.45335838e-01
1.44930422e-01
1.44523650e-01
1.44115523e-01
1.43706053e-01
1.43295243e-01
1.42883107e-01
1.42469615e-01
1.42054796e-01
1.41638637e-01
1.41221166e-01
1.40802369e-01
1.40382260e-01
1.39960840e-01
1.39538124e-01
1.39114097e-01
1.38688773e-01
1.38262153e-01
1.37834221e-01
1.37405023e-01
1.36974543e-01
1.36542782e-01
1.36109740e-01
1.35675415e-01
1.35239840e-01
1.34802997e-01
1.34364903e-01
1.33925557e-01
1.33484960e-01
1.33043110e-01
1.32600039e-01
1.32155716e-01
1.31710157e-01
1.31263390e-01
1.30815387e-01
1.30366176e-01
1.29915729e-01
1.29464075e-01
1.29011199e-01
1.28557116e-01
1.28101826e-01
1.27645358e-01
1.27187714e-01
1.26728877e-01
1.26268864e-01
1.25807673e-01
1.25345320e-01
1.24881782e-01
1.24417089e-01
1.23951219e-01
1.23484202e-01
1.23016037e-01
1.22546718e-01
1.22076258e-01
1.21604666e-01
1.21131927e-01
1.20658070e-01
1.20183088e-01
1.19706981e-01
1.19229756e-01
1.18751422e-01
1.18271984e-01
1.17791437e-01
1.17309794e-01
1.16827063e-01
1.16343237e-01
1.15858324e-01
1.15372330e-01
1.14885256e-01
1.14397131e-01
1.13907926e-01
1.13417663e-01
1.12926334e-01
1.12433955e-01
1.11940525e-01
1.11446060e-01
1.10950552e-01
1.10454008e-01
1.09956436e-01
1.09457850e-01
1.08958229e-01
1.08457595e-01
1.07955948e-01
1.07453302e-01
1.06949642e-01
1.06444992e-01
1.05939351e-01
1.05432719e-01
1.04925111e-01
1.04416519e-01
1.03906959e-01
1.03396423e-01
1.02884918e-01
1.02372468e-01
1.01859063e-01
1.01344712e-01
1.00829415e-01
1.00313187e-01
9.97960195e-02
9.92779136e-02
9.87588912e-02
9.82389525e-02
9.77180898e-02
9.71963257e-02
9.66736525e-02
9.61500853e-02
9.56256166e-02
9.51002687e-02
9.45740342e-02
9.40469056e-02
9.35189053e-02
9.29900408e-02
9.24603119e-02
9.19297263e-02
9.13982838e-02
9.08659846e-02
9.03328359e-02
8.97988454e-02
8.92640278e-02
8.87283832e-02
8.81919116e-02
8.76546130e-02
8.71165022e-02
8.65775794e-02
8.60378519e-02
8.54973197e-02
8.49559978e-02
8.44138861e-02
8.38709846e-02
8.33273083e-02
8.27828497e-02
8.22376236e-02
8.16916302e-02
8.11448842e-02
8.05973858e-02
8.00491348e-02
7.95001388e-02
7.89504051e-02
7.83999339e-02
7.78487399e-02
7.72968158e-02
7.67441764e-02
7.61908218e-02
7.56367669e-02
7.50820041e-02
7.45265484e-02
7.39703998e-02
7.34135583e-02
7.28560388e-02
7.22978413e-02
7.17389807e-02
7.11794421e-02
7.06192479e-02
7.00583979e-02
6.94968998e-02
6.89347535e-02
6.83719665e-02
6.78085461e-02
6.72444999e-02
6.66798279e-02
6.61145449e-02
6.55486360e-02
6.49821162e-02
6.44150004e-02
6.38472885e-02
6.32789880e-02
6.27100989e-02
6.21406287e-02
6.15705810e-02
6.09999634e-02
6.04287796e-02
5.98570406e-02
5.92847504e-02
5.87119013e-02
5.81385158e-02
5.75645864e-02
5.69901317e-02
5.64151406e-02
5.58396317e-02
5.52636087e-02
5.46870716e-02
5.41100278e-02
5.35324849e-02
5.29544465e-02
5.23759164e-02
5.17969020e-02
5.12174107e-02
5.06374463e-02
5.00570126e-02
4.94761206e-02
4.88947667e-02
4.83129658e-02
4.77307141e-02
4.71480228e-02
4.65648994e-02
4.59813438e-02
4.53973673e-02
4.48129736e-02
4.42281626e-02
4.36429456e-02
4.30573262e-02
4.24713120e-02
4.18849029e-02
4.12981063e-02
4.07109298e-02
4.01233807e-02
3.95354629e-02
3.89471836e-02
3.83585468e-02
3.77695560e-02
3.71802151e-02
3.65905352e-02
3.60005200e-02
3.54101732e-02
3.48195024e-02
3.42285112e-02
3.36372070e-02
3.30455974e-02
3.24536823e-02
3.18614691e-02
3.12689655e-02
3.06761749e-02
3.00831031e-02
2.94897575e-02
2.88961418e-02
2.83022635e-02
2.77081262e-02
2.71137375e-02
2.65191011e-02
2.59242225e-02
2.53291074e-02
2.47337632e-02
2.41381954e-02
2.35424060e-02
2.29464043e-02
2.23501958e-02
2.17537861e-02
2.11571790e-02
2.05603801e-02
1.99633967e-02
1.93662308e-02
1.87688936e-02
1.81713868e-02
1.75737161e-02
1.69758890e-02
1.63779072e-02
1.57797821e-02
1.51815144e-02
1.45831136e-02
1.39845824e-02
1.33859282e-02
1.27871558e-02
1.21882707e-02
1.15892785e-02
1.09901847e-02
1.03909960e-02
9.79171600e-03
9.19235125e-03
8.59290734e-03
7.99338892e-03
7.39380252e-03
6.79415418e-03
6.19444996e-03
5.59469499e-03
4.99489531e-03
4.39505652e-03
3.79518466e-03
3.19528440e-03
2.59536179e-03
1.99542241e-03
1.39547209e-03
7.95516127e-04
1.95560177e-04
-4.04390186e-04
-1.00432930e-03
-1.60425145e-03
-2.20415089e-03
-2.80402182e-03
-3.40385851e-03
-4.00365563e-03
-4.60340735e-03
-5.20310784e-03
-5.80275152e-03
-6.40233327e-03
-7.00184796e-03
-7.60128908e-03
-8.20065103e-03
-8.79992917e-03
-9.39911604e-03
-9.99820698e-03
-1.05971964e-02
-1.11960787e-02
-1.17948484e-02
-1.23934988e-02
-1.29920254e-02
-1.35904215e-02
-1.41886827e-02
-1.47868032e-02
-1.53847765e-02
-1.59825981e-02
-1.65802632e-02
-1.71777643e-02
-1.77750960e-02
-1.83722544e-02
-1.89692322e-02
-1.95660256e-02
-2.01626271e-02
-2.07590330e-02
-2.13552341e-02
-2.19512302e-02
-2.25470122e-02
-2.31425744e-02
-2.37379130e-02
-2.43330188e-02
-2.49278899e-02
-2.55225208e-02
-2.61169039e-02
-2.67110355e-02
-2.73049083e-02
-2.78985184e-02
-2.84918584e-02
-2.90849227e-02
-2.96777096e-02
-3.02702077e-02
-3.08624171e-02
-3.14543247e-02
-3.20459306e-02
-3.26372311e-02
-3.32282148e-02
-3.38188820e-02
-3.44092213e-02
-3.49992290e-02
-3.55889015e-02
-3.61782312e-02
-3.67672145e-02
-3.73558439e-02
-3.79441157e-02
-3.85320224e-02
-3.91195640e-02
-3.97067331e-02
-4.02935185e-02
-4.08799201e-02
-4.14659269e-02
-4.20515426e-02
-4.26367484e-02
-4.32215519e-02
-4.38059419e-02
-4.43899147e-02
-4.49734591e-02
-4.55565751e-02
-4.61392589e-02
-4.67214994e-02
-4.73032966e-02
-4.78846394e-02
-4.84655239e-02
-4.90459502e-02
-4.96259034e-02
-5.02053834e-02
-5.07843830e-02
-5.13629019e-02
-5.19409366e-02
-5.25184721e-02
-5.30955046e-02
-5.36720268e-02
-5.42480424e-02
-5.48235439e-02
-5.53985201e-02
-5.59729747e-02
-5.65468930e-02
-5.71202748e-02
-5.76931089e-02
-5.82653955e-02
-5.88371307e-02
-5.94082996e-02
-5.99789061e-02
-6.05489463e-02
-6.11184090e-02
-6.16872907e-02
-6.22555800e-02
-6.28232881e-02
-6.33903891e-02
-6.39569014e-02
-6.45227954e-02
-6.50880784e-02
-6.56527430e-02
-6.62167892e-02
-6.67802021e-02
-6.73429817e-02
-6.79051206e-02
-6.84666187e-02
-6.90274611e-02
-6.95876479e-02
-7.01471716e-02
-7.07060397e-02
-7.12642297e-02
-7.18217418e-02
-7.23785758e-02
-7.29347244e-02
-7.34901801e-02
-7.40449280e-02
-7.45989829e-02
-7.51523301e-02
-7.57049695e-02
-7.62568936e-02
-7.68080875e-02
-7.73585513e-02
-7.79082850e-02
-7.84572810e-02
-7.90055245e-02
-7.95530230e-02
-8.00997615e-02
-8.06457475e-02
-8.11909661e-02
-8.17354172e-02
-8.22790936e-02
-8.28219950e-02
-8.33641067e-02
-8.39054286e-02
-8.44459608e-02
-8.49856883e-02
-8.55246112e-02
-8.60627219e-02
-8.66000205e-02
-8.71364921e-02
-8.76721442e-02
-8.82069692e-02
-8.87409598e-02
-8.92741084e-02
-8.98064077e-02
-9.03378651e-02
-9.08684582e-02
-9.13981944e-02
-9.19270664e-02
-9.24550742e-02
-9.29821953e-02
-9.35084373e-02
-9.40338001e-02
-9.45582688e-02
-9.50818434e-02
-9.56045240e-02
-9.61262956e-02
-9.66471508e-02
-9.71670970e-02
-9.76861268e-02
-9.82042328e-02
-9.87214074e-02
-9.92376506e-02
-9.97529551e-02
-1.00267321e-01
-1.00780733e-01
-1.01293191e-01
-1.01804696e-01
-1.02315232e-01
-1.02824807e-01
-1.03333399e-01
-1.03841014e-01
-1.04347654e-01
-1.04853302e-01
-1.05357960e-01
-1.05861619e-01
-1.06364280e-01
-1.06865942e-01
-1.07366584e-01
-1.07866213e-01
-1.08364820e-01
-1.08862415e-01
-1.09358966e-01
-1.09854490e-01
-1.10348977e-01
-1.10842422e-01
-1.11334816e-01
-1.11826159e-01
-1.12316445e-01
-1.12805672e-01
-1.13293827e-01
-1.13780908e-01
-1.14266925e-01
-1.14751868e-01
-1.15235716e-01
-1.15718476e-01
-1.16200134e-01
-1.16680704e-01
-1.17160171e-01
-1.17638528e-01
-1.18115783e-01
-1.18591912e-01
-1.19066924e-01
-1.19540811e-01
-1.20013572e-01
-1.20485201e-01
-1.20955683e-01
-1.21425025e-01
-1.21893220e-01
-1.22360274e-01
-1.22826166e-01
-1.23290904e-01
-1.23754472e-01
-1.24216869e-01
-1.24678090e-01
-1.25138149e-01
-1.25597030e-01
-1.26054719e-01
-1.26511216e-01
-1.26966536e-01
-1.27420649e-01
-1.27873570e-01
-1.28325284e-01
-1.28775775e-01
-1.29225045e-01
-1.29673094e-01
-1.30119920e-01
-1.30565524e-01
-1.31009877e-01
-1.31453007e-01
-1.31894886e-01
-1.32335529e-01
-1.32774904e-01
-1.33213058e-01
-1.33649960e-01
-1.34085596e-01
-1.34519964e-01
-1.34953067e-01
-1.35384873e-01
-1.35815412e-01
-1.36244684e-01
-1.36672646e-01
-1.37099341e-01
-1.37524739e-01
-1.37948841e-01
-1.38371646e-01
-1.38793141e-01
-1.39213324e-01
-1.39632195e-01
-1.40049756e-01
-1.40466005e-01
-1.40880913e-01
-1.41294479e-01
-1.41706705e-01
-1.42117590e-01
-1.42527163e-01
-1.42935365e-01
-1.43342242e-01
-1.43747732e-01
-1.44151896e-01
-1.44554675e-01
-1.44956112e-01
-1.45356163e-01
-1.45754859e-01
-1.46152183e-01
-1.46548137e-01
-1.46942705e-01
-1.47335887e-01
-1.47727683e-01
-1.48118064e-01
-1.48507059e-01
-1.48894638e-01
-1.49280831e-01
-1.49665609e-01
-1.50048986e-01
-1.50430933e-01
-1.50811478e-01
-1.51190609e-01
-1.51568323e-01
-1.51944593e-01
-1.52319446e-01
-1.52692884e-01
-1.53064907e-01
-1.53435484e-01
-1.53804585e-01
-1.54172227e-01
-1.54538408e-01
-1.54903099e-01
-1.55266345e-01
-1.55628130e-01
-1.55988440e-01
-1.56347275e-01
-1.56704649e-01
-1.57060534e-01
-1.57414943e-01
-1.57767862e-01
-1.58119306e-01
-1.58469260e-01
-1.58817723e-01
-1.59164697e-01
-1.59510180e-01
-1.59854159e-01
-1.60196632e-01
-1.60537586e-01
-1.60877019e-01
-1.61214918e-01
-1.61551312e-01
-1.61886171e-01
-1.62219509e-01
-1.62551329e-01
-1.62881613e-01
-1.63210362e-01
-1.63537592e-01
-1.63863257e-01
-1.64187387e-01
-1.64509967e-01
-1.64831012e-01
-1.65150493e-01
-1.65468425e-01
-1.65784806e-01
-1.66099623e-01
-1.66412875e-01
-1.66724548e-01
-1.67034641e-01
-1.67343140e-01
-1.67650059e-01
-1.67955413e-01
-1.68259189e-01
-1.68561369e-01
-1.68861955e-01
-1.69160977e-01
-1.69458374e-01
-1.69754192e-01
-1.70048416e-01
-1.70341030e-01
-1.70632049e-01
-1.70921445e-01
-1.71209246e-01
-1.71495423e-01
-1.71780005e-01
-1.72062963e-01
-1.72344327e-01
-1.72624052e-01
-1.72902152e-01
-1.73178598e-01
-1.73453420e-01
-1.73726603e-01
-1.73998147e-01
-1.74268052e-01
-1.74536303e-01
-1.74802929e-01
-1.75067887e-01
-1.75331205e-01
-1.75592870e-01
-1.75852895e-01
-1.76111266e-01
-1.76367968e-01
-1.76623017e-01
-1.76876411e-01
-1.77128136e-01
-1.77378193e-01
-1.77626580e-01
-1.77873313e-01
-1.78118378e-01
-1.78361788e-01
-1.78603515e-01
-1.78843558e-01
-1.79081917e-01
-1.79318562e-01
-1.79553524e-01
-1.79786786e-01
-1.80018336e-01
-1.80248186e-01
-1.80476353e-01
-1.80702820e-01
-1.80927575e-01
-1.81150645e-01
-1.81372002e-01
-1.81591645e-01
-1.81809559e-01
-1.82025790e-01
-1.82240292e-01
-1.82453081e-01
-1.82664171e-01
-1.82873517e-01
-1.83081150e-01
-1.83287054e-01
-1.83491245e-01
-1.83693722e-01
-1.83894455e-01
-1.84093460e-01
-1.84290752e-01
-1.84486315e-01
-1.84680134e-01
-1.84872240e-01
-1.85062602e-01
-1.85251236e-01
-1.85438111e-01
-1.85623243e-01
-1.85806617e-01
-1.85988232e-01
-1.86168090e-01
-1.86346188e-01
-1.86522529e-01
-1.86697111e-01
-1.86869934e-01
-1.87041000e-01
-1.87210307e-01
-1.87377840e-01
-1.87543616e-01
-1.87707633e-01
-1.87869877e-01
-1.88030332e-01
-1.88189045e-01
-1.88345969e-01
-1.88501135e-01
-1.88654497e-01
-1.88806117e-01
-1.88955948e-01
-1.89104006e-01
-1.89250290e-01
-1.89394787e-01
-1.89537510e-01
-1.89678445e-01
-1.89817578e-01
-1.89954907e-01
-1.90090448e-01
-1.90224200e-01
-1.90356165e-01
-1.90486342e-01
-1.90614730e-01
-1.90741330e-01
-1.90866143e-01
-1.90989166e-01
-1.91110402e-01
-1.91229850e-01
-1.91347510e-01
-1.91463381e-01
-1.91577464e-01
-1.91689730e-01
-1.91800177e-01
-1.91908807e-01
-1.92015618e-01
-1.92120612e-01
-1.92223787e-01
-1.92325130e-01
-1.92424670e-01
-1.92522392e-01
-1.92618296e-01
-1.92712381e-01
-1.92804649e-01
-1.92895100e-01
-1.92983732e-01
-1.93070531e-01
-1.93155512e-01
-1.93238676e-01
-1.93320036e-01
-1.93399563e-01
-1.93477288e-01
-1.93553194e-01
-1.93627268e-01
-1.93699539e-01
-1.93769976e-01
-1.93838596e-01
-1.93905413e-01
-1.93970397e-01
-1.94033548e-01
-1.94094867e-01
-1.94154382e-01
-1.94212064e-01
-1.94267929e-01
-1.94321945e-01
-1.94374129e-01
-1.94424480e-01
-1.94473013e-01
-1.94519699e-01
-1.94564551e-01
-1.94607586e-01
-1.94648787e-01
-1.94688141e-01
-1.94725692e-01
-1.94761395e-01
-1.94795281e-01
-1.94827318e-01
-1.94857523e-01
-1.94885910e-01
-1.94912449e-01
-1.94937170e-01
-1.94960043e-01
-1.94981098e-01
-1.95000306e-01
-1.95017695e-01
-1.95033237e-01
-1.95046946e-01
-1.95058808e-01
-1.95068851e-01
-1.95077062e-01
-1.95083424e-01
-1.95087940e-01
-1.95090637e-01
-1.95091486e-01
-1.95090503e-01
-1.95087671e-01
-1.95083007e-01
-1.95076495e-01
-1.95068166e-01
-1.95058003e-01
-1.95045993e-01
-1.95032164e-01
-1.95016503e-01
-1.94998994e-01
-1.94979668e-01
-1.94958493e-01
-1.94935471e-01
-1.94910631e-01
-1.94883958e-01
-1.94855466e-01
-1.94825128e-01
-1.94792971e-01
-1.94758967e-01
-1.94723144e-01
-1.94685474e-01
-1.94645986e-01
-1.94604665e-01
-1.94561496e-01
-1.94516510e-01
-1.94469675e-01
-1.94421038e-01
-1.94370553e-01
-1.94318250e-01
-1.94264114e-01
-1.94208145e-01
-1.94150358e-01
-1.94090754e-01
-1.94029316e-01
-1.93966076e-01
-1.93901002e-01
-1.93834111e-01
-1.93765402e-01
-1.93694875e-01
-1.93622530e-01
-1.93548366e-01
-1.93472385e-01
-1.93394586e-01
-1.93314970e-01
-1.93233535e-01
-1.93150282e-01
-1.93065211e-01
-1.92978323e-01
-1.92889616e-01
-1.92799091e-01
-1.92706749e-01
-1.92612588e-01
-1.92516610e-01
-1.92418814e-01
-1.92319199e-01
-1.92217767e-01
-1.92114517e-01
-1.92009449e-01
-1.91902578e-01
-1.91793889e-01
-1.91683382e-01
-1.91571087e-01
-1.91457003e-01
-1.91341132e-01
-1.91223472e-01
-1.91104025e-01
-1.90982789e-01
-1.90859765e-01
-1.90734953e-01
-1.90608352e-01
-1.90479964e-01
-1.90349787e-01
-1.90217823e-01
-1.90084055e-01
-1.89948514e-01
-1.89811185e-01
-1.89672083e-01
-1.89531192e-01
-1.89388514e-01
-1.89244062e-01
-1.89097837e-01
-1.88949838e-01
-1.88800052e-01
-1.88648507e-01
-1.88495174e-01
-1.88340083e-01
-1.88183218e-01
-1.88024580e-01
-1.87864169e-01
-1.87701985e-01
-1.87538058e-01
-1.87372357e-01
-1.87204912e-01
-1.87035710e-01
-1.86864734e-01
-1.86692014e-01
-1.86517537e-01
-1.86341301e-01
-1.86163306e-01
-1.85983554e-01
-1.85802042e-01
-1.85618788e-01
-1.85433790e-01
-1.85247064e-01
-1.85058609e-01
-1.84868425e-01
-1.84676513e-01
-1.84482872e-01
-1.84287503e-01
-1.84090406e-01
-1.83891594e-01
-1.83691040e-01
-1.83488771e-01
-1.83284804e-01
-1.83079094e-01
-1.82871670e-01
-1.82662547e-01
-1.82451695e-01
-1.82239130e-01
-1.82024866e-01
-1.81808889e-01
-1.81591213e-01
-1.81371823e-01
-1.81150734e-01
-1.80927947e-01
-1.80703461e-01
-1.80477276e-01
-1.80249393e-01
-1.80019811e-01
-1.79788530e-01
-1.79555550e-01
-1.79320872e-01
-1.79084525e-01
-1.78846508e-01
-1.78606823e-01
-1.78365469e-01
-1.78122446e-01
-1.77877754e-01
-1.77631408e-01
-1.77383393e-01
-1.77133724e-01
-1.76882386e-01
-1.76629409e-01
-1.76374763e-01
-1.76118463e-01
-1.75860509e-01
-1.75600916e-01
-1.75339669e-01
-1.75076798e-01
-1.74812272e-01
-1.74546108e-01
-1.74278304e-01
-1.74008861e-01
-1.73737779e-01
-1.73465058e-01
-1.73190698e-01
-1.72914714e-01
-1.72637120e-01
-1.72357917e-01
-1.72077104e-01
-1.71794698e-01
-1.71510667e-01
-1.71225026e-01
-1.70937791e-01
-1.70648962e-01
-1.70358524e-01
-1.70066491e-01
-1.69772848e-01
-1.69477642e-01
-1.69180825e-01
-1.68882445e-01
-1.68582469e-01
-1.68280914e-01
-1.67977780e-01
-1.67673066e-01
-1.67366773e-01
-1.67058915e-01
-1.66749477e-01
-1.66438475e-01
-1.66125923e-01
-1.65811807e-01
-1.65496156e-01
-1.65178940e-01
-1.64860204e-01
-1.64539903e-01
-1.64218068e-01
-1.63894698e-01
-1.63569778e-01
-1.63243338e-01
-1.62915379e-01
-1.62585884e-01
-1.62254855e-01
-1.61922321e-01
-1.61588266e-01
-1.61252692e-01
-1.60915598e-01
-1.60576999e-01
-1.60236895e-01
-1.59895301e-01
-1.59552202e-01
-1.59207627e-01
-1.58861563e-01
-1.58514008e-01
-1.58164963e-01
-1.57814458e-01
-1.57462478e-01
-1.57108992e-01
-1.56754062e-01
-1.56397641e-01
-1.56039774e-01
-1.55680433e-01
-1.55319631e-01
-1.54957369e-01
-1.54593647e-01
-1.54228449e-01
-1.53861821e-01
-1.53493762e-01
-1.53124273e-01
-1.52753368e-01
-1.52381048e-01
-1.52007312e-01
-1.51632160e-01
-1.51255593e-01
-1.50877595e-01
-1.50498196e-01
-1.50117382e-01
-1.49735183e-01
-1.49351567e-01
-1.48966551e-01
-1.48580134e-01
-1.48192331e-01
-1.47803143e-01
-1.47412568e-01
-1.47020623e-01
-1.46627307e-01
-1.46232635e-01
-1.45836577e-01
-1.45439163e-01
-1.45040393e-01
-1.44640267e-01
-1.44238785e-01
-1.43835962e-01
-1.43431783e-01
-1.43026263e-01
-1.42619401e-01
-1.42211199e-01
-1.41801685e-01
-1.41390830e-01
-1.40978649e-01
-1.40565157e-01
-1.40150353e-01
-1.39734253e-01
-1.39316827e-01
-1.38898104e-01
-1.38478100e-01
-1.38056785e-01
-1.37634173e-01
-1.37210295e-01
-1.36785135e-01
-1.36358678e-01
-1.35930955e-01
-1.35501951e-01
-1.35071695e-01
-1.34640172e-01
-1.34207398e-01
-1.33773372e-01
-1.33338094e-01
-1.32901579e-01
-1.32463828e-01
-1.32024854e-01
-1.31584629e-01
-1.31143183e-01
-1.30700499e-01
-1.30256608e-01
-1.29811496e-01
-1.29365161e-01
-1.28917620e-01
-1.28468856e-01
-1.28018901e-01
-1.27567768e-01
-1.27115458e-01
-1.26661971e-01
-1.26207307e-01
-1.25751466e-01
-1.25294432e-01
-1.24836251e-01
-1.24376893e-01
-1.23916380e-01
-1.23454712e-01
-1.22991890e-01
-1.22527920e-01
-1.22062817e-01
-1.21596575e-01
-1.21129192e-01
-1.20660685e-01
-1.20191053e-01
-1.19720303e-01
-1.19248435e-01
-1.18775450e-01
-1.18301362e-01
-1.17826171e-01
-1.17349893e-01
-1.16872519e-01
-1.16394050e-01
-1.15914494e-01
-1.15433857e-01
-1.14952154e-01
-1.14469372e-01
-1.13985538e-01
-1.13500632e-01
-1.13014668e-01
-1.12527654e-01
-1.12039596e-01
-1.11550488e-01
-1.11060344e-01
-1.10569179e-01
-1.10076971e-01
-1.09583743e-01
-1.09089501e-01
-1.08594239e-01
-1.08097970e-01
-1.07600689e-01
-1.07102409e-01
-1.06603131e-01
-1.06102861e-01
-1.05601609e-01
-1.05099373e-01
-1.04596153e-01
-1.04091965e-01
-1.03586808e-01
-1.03080675e-01
-1.02573596e-01
-1.02065571e-01
-1.01556592e-01
-1.01046674e-01
-1.00535817e-01
-1.00024030e-01
-9.95113179e-02
-9.89976749e-02
-9.84831154e-02
-9.79676396e-02
-9.74512547e-02
-9.69339609e-02
-9.64157730e-02
-9.58966985e-02
-9.53767225e-02
-9.48558673e-02
-9.43341330e-02
-9.38115194e-02
-9.32880342e-02
-9.27636921e-02
-9.22384858e-02
-9.17124301e-02
-9.11855251e-02
-9.06577706e-02
-9.01291743e-02
-8.95997435e-02
-8.90694857e-02
-8.85384008e-02
-8.80064964e-02
-8.74737725e-02
-8.69402438e-02
-8.64059106e-02
-8.58707801e-02
-8.53348523e-02
-8.47981349e-02
-8.42606276e-02
-8.37223530e-02
-8.31832960e-02
-8.26434717e-02
-8.21028799e-02
-8.15615356e-02
-8.10194314e-02
-8.04765821e-02
-7.99329951e-02
-7.93886632e-02
-7.88435936e-02
-7.82977939e-02
-7.77512714e-02
-7.72040337e-02
-7.66560808e-02
-7.61074275e-02
-7.55580664e-02
-7.50080124e-02
-7.44572654e-02
-7.39058331e-02
-7.33537152e-02
-7.28009269e-02
-7.22474679e-02
-7.16933385e-02
-7.11385533e-02
-7.05831051e-02
-7.00270161e-02
-6.94702789e-02
-6.89129010e-02
-6.83548898e-02
-6.77962527e-02
-6.72369823e-02
-6.66771010e-02
-6.61166012e-02
-6.55554980e-02
-6.49937838e-02
-6.44314885e-02
-6.38685971e-02
-6.33051246e-02
-6.27410635e-02
-6.21764287e-02
-6.16112165e-02
-6.10454418e-02
-6.04791120e-02
-5.99122234e-02
-5.93447872e-02
-5.87768070e-02
-5.82082905e-02
-5.76392412e-02
-5.70696630e-02
-5.64995669e-02
-5.59289530e-02
-5.53578287e-02
-5.47861941e-02
-5.42140603e-02
-5.36414385e-02
-5.30683249e-02
-5.24947271e-02
-5.19206449e-02
-5.13460971e-02
-5.07710800e-02
-5.01955971e-02
-4.96196635e-02
-4.90432791e-02
-4.84664440e-02
-4.78891730e-02
-4.73114662e-02
-4.67333272e-02
-4.61547673e-02
-4.55757864e-02
-4.49963957e-02
-4.44165990e-02
-4.38363999e-02
-4.32557985e-02
-4.26748134e-02
-4.20934372e-02
-4.15116847e-02
-4.09295559e-02
-4.03470621e-02
-3.97641994e-02
-3.91809791e-02
-3.85974087e-02
-3.80134881e-02
-3.74292284e-02
-3.68446335e-02
-3.62597108e-02
-3.56744602e-02
-3.50888893e-02
-3.45030092e-02
-3.39168198e-02
-3.33303250e-02
-3.27435359e-02
-3.21564525e-02
-3.15690860e-02
-3.09814382e-02
-3.03935166e-02
-2.98053268e-02
-2.92168725e-02
-2.86281612e-02
-2.80391984e-02
-2.74499860e-02
-2.68605333e-02
-2.62708459e-02
-2.56809276e-02
-2.50907857e-02
-2.45004240e-02
-2.39098500e-02
-2.33190674e-02
-2.27280837e-02
-2.21369024e-02
-2.15455312e-02
-2.09539756e-02
-2.03622375e-02
-1.97703280e-02
-1.91782508e-02
-1.85860097e-02
-1.79936104e-02
-1.74010601e-02
-1.68083645e-02
-1.62155274e-02
-1.56225562e-02
-1.50294565e-02
-1.44362338e-02
-1.38428928e-02
-1.32494392e-02
-1.26558794e-02
-1.20622190e-02
-1.14684617e-02
-1.08746160e-02
-1.02806855e-02
-9.68667679e-03
-9.09259729e-03
-8.49844515e-03
-7.90424831e-03
-7.30994157e-03
-6.71575777e-03
-6.12097792e-03
-5.52790891e-03
-4.92925290e-03
-4.34819283e-03
-3.71116074e-03
-3.25168623e-03
-2.23076856e-03
-3.06951511e-03
-5.96046448e-08
5.96046448e-08
3.06951511e-03
