1.93300622e-03
4.02206369e-03
6.15573023e-03
8.34039692e-03
1.05883926e-02
1.29094655e-02
1.53099289e-02
1.77926142e-02
2.03571077e-02
2.30001882e-02
2.57163905e-02
2.84986459e-02
3.13389264e-02
3.42288278e-02
3.71600762e-02
4.01249006e-02
4.31163050e-02
4.61282246e-02
4.91555519e-02
5.21941483e-02
5.52407317e-02
5.82927838e-02
6.13484196e-02
6.44062608e-02
6.74653277e-02
7.05249310e-02
7.35846162e-02
7.66440555e-02
7.97030479e-02
8.27614516e-02
8.58191624e-02
8.88761133e-02
9.19322595e-02
9.49875414e-02
9.80419442e-02
1.01095431e-01
1.04147956e-01
1.07199520e-01
1.10250056e-01
1.13299564e-01
1.16348006e-01
1.19395345e-01
1.22441567e-01
1.25486627e-01
1.28530517e-01
1.31573170e-01
1.34614602e-01
1.37654766e-01
1.40693635e-01
1.43731162e-01
1.46767348e-01
1.49802133e-01
1.52835518e-01
1.55867457e-01
1.58897936e-01
1.61926925e-01
1.64954379e-01
1.67980298e-01
1.71004608e-01
1.74027324e-01
1.77048400e-01
1.80067807e-01
1.83085516e-01
1.86101496e-01
1.89115733e-01
1.92128181e-01
1.95138812e-01
1.98147610e-01
2.01154545e-01
2.04159573e-01
2.07162678e-01
2.10163847e-01
2.13163018e-01
2.16160193e-01
2.19155326e-01
2.22148404e-01
2.25139365e-01
2.28128210e-01
2.31114909e-01
2.34099433e-01
2.37081766e-01
2.40061849e-01
2.43039683e-01
2.46015206e-01
2.48988420e-01
2.51959294e-01
2.54927784e-01
2.57893890e-01
2.60857552e-01
2.63818771e-01
2.66777515e-01
2.69733757e-01
2.72687435e-01
2.75638521e-01
2.78587043e-01
2.81532913e-01
2.84476161e-01
2.87416697e-01
2.90354520e-01
2.93289602e-01
2.96221942e-01
2.99151480e-01
3.02078217e-01
3.05002093e-01
3.07923108e-01
3.10841233e-01
3.13756406e-01
3.16668630e-01
3.19577873e-01
3.22484106e-01
3.25387299e-01
3.28287423e-01
3.31184477e-01
3.34078372e-01
3.36969167e-01
3.39856744e-01
3.42741132e-01
3.45622271e-01
3.48500192e-01
3.51374805e-01
3.54246110e-01
3.57114077e-01
3.59978706e-01
3.62839937e-01
3.65697712e-01
3.68552059e-01
3.71402949e-01
3.74250352e-01
3.77094209e-01
3.79934520e-01
3.82771194e-01
3.85604322e-01
3.88433784e-01
3.91259611e-01
3.94081742e-01
3.96900177e-01
3.99714857e-01
4.02525753e-01
4.05332893e-01
4.08136249e-01
4.10935730e-01
4.13731337e-01
4.16523039e-01
4.19310778e-01
4.22094584e-01
4.24874425e-01
4.27650243e-01
4.30422068e-01
4.33189809e-01
4.35953468e-01
4.38713044e-01
4.41468477e-01
4.44219768e-01
4.46966857e-01
4.49709713e-01
4.52448338e-01
4.55182701e-01
4.57912773e-01
4.60638553e-01
4.63360012e-01
4.66077089e-01
4.68789756e-01
4.71498042e-01
4.74201828e-01
4.76901174e-01
4.79596049e-01
4.82286364e-01
4.84972149e-01
4.87653375e-01
4.90329981e-01
4.93001938e-01
4.95669276e-01
4.98331934e-01
5.00989914e-01
5.03643155e-01
5.06291747e-01
5.08935571e-01
5.11574626e-01
5.14208794e-01
5.16838074e-01
5.19462526e-01
5.22082031e-01
5.24696648e-01
5.27306318e-01
5.29910982e-01
5.32510698e-01
5.35105467e-01
5.37695169e-01
5.40279806e-01
5.42859316e-01
5.45433700e-01
5.48002958e-01
5.50567031e-01
5.53125918e-01
5.55679619e-01
5.58228076e-01
5.60771286e-01
5.63309193e-01
5.65841794e-01
5.68369091e-01
5.70890963e-01
5.73407471e-01
5.75918615e-01
5.78424275e-01
5.80924571e-01
5.83419323e-01
5.85908651e-01
5.88392377e-01
5.90870619e-01
5.93343258e-01
5.95810354e-01
5.98271728e-01
6.00727558e-01
6.03177726e-01
6.05622232e-01
6.08061016e-01
6.10494077e-01
6.12921417e-01
6.15342975e-01
6.17758691e-01
6.20168626e-01
6.22572660e-01
6.24970794e-01
6.27363086e-01
6.29749417e-01
6.32129908e-01
6.34504437e-01
6.36872947e-01
6.39235556e-01
6.41592085e-01
6.43942535e-01
6.46286905e-01
6.48625195e-01
6.50957406e-01
6.53283417e-01
6.55603290e-01
6.57917023e-01
6.60224497e-01
6.62525833e-01
6.64820910e-01
6.67109787e-01
6.69392288e-01
6.71668470e-01
6.73938334e-01
6.76201820e-01
6.78458989e-01
6.80709720e-01
6.82954073e-01
6.85191989e-01
6.87423468e-01
6.89648509e-01
6.91867054e-01
6.94079041e-01
6.96284413e-01
6.98483288e-01
7.00675547e-01
7.02861190e-01
7.05040276e-01
7.07212687e-01
7.09378421e-01
7.11537540e-01
7.13689923e-01
7.15835631e-01
7.17974603e-01
7.20106781e-01
7.22232103e-01
7.24350631e-01
7.26462364e-01
7.28567243e-01
7.30665207e-01
7.32756376e-01
7.34840572e-01
7.36917853e-01
7.38988221e-01
7.41051674e-01
7.43108094e-01
7.45157480e-01
7.47199893e-01
7.49235213e-01
7.51263499e-01
7.53284693e-01
7.55298853e-01
7.57305861e-01
7.59305716e-01
7.61298418e-01
7.63283968e-01
7.65262365e-01
7.67233551e-01
7.69197464e-01
7.71154165e-01
7.73103595e-01
7.75045693e-01
7.76980460e-01
7.78907955e-01
7.80828118e-01
7.82740891e-01
7.84646332e-01
7.86544383e-01
7.88434982e-01
7.90318191e-01
7.92193949e-01
7.94062197e-01
7.95922995e-01
7.97776282e-01
7.99621999e-01
8.01460147e-01
8.03290784e-01
8.05113852e-01
8.06929350e-01
8.08737218e-01
8.10537577e-01
8.12330365e-01
8.14115644e-01
8.15893233e-01
8.17663074e-01
8.19425166e-01
8.21179509e-01
8.22926104e-01
8.24664950e-01
8.26395929e-01
8.28119040e-01
8.29834402e-01
8.31541896e-01
8.33241582e-01
8.34933400e-01
8.36617410e-01
8.38293493e-01
8.39961767e-01
8.41622114e-01
8.43274534e-01
8.44918966e-01
8.46555531e-01
8.48184049e-01
8.49804580e-01
8.51417065e-01
8.53021622e-01
8.54618132e-01
8.56206536e-01
8.57786894e-01
8.59359264e-01
8.60923409e-01
8.62479508e-01
8.64027441e-01
8.65567267e-01
8.67098987e-01
8.68622482e-01
8.70137751e-01
8.71644855e-01
8.73143733e-01
8.74634385e-01
8.76116812e-01
8.77590954e-01
8.79056871e-01
8.80514503e-01
8.81963849e-01
8.83404791e-01
8.84837508e-01
8.86261880e-01
8.87677848e-01
8.89085531e-01
8.90484750e-01
8.91875625e-01
8.93258095e-01
8.94632101e-01
8.95997763e-01
8.97354960e-01
8.98703694e-01
9.00043905e-01
9.01375711e-01
9.02698934e-01
9.04013753e-01
9.05319929e-01
9.06617641e-01
9.07906771e-01
9.09187376e-01
9.10459399e-01
9.11722839e-01
9.12977755e-01
9.14224088e-01
9.15461838e-01
9.16690946e-01
9.17911410e-01
9.19123292e-01
9.20326531e-01
9.21521008e-01
9.22706842e-01
9.23883855e-01
9.25052226e-01
9.26211894e-01
9.27362800e-01
9.28505003e-01
9.29638445e-01
9.30763066e-01
9.31878984e-01
9.32986081e-01
9.34084475e-01
9.35173988e-01
9.36254680e-01
9.37326610e-01
9.38389659e-01
9.39443886e-01
9.40489292e-01
9.41525817e-01
9.42553520e-01
9.43572283e-01
9.44582164e-01
9.45583165e-01
9.46575284e-01
9.47558403e-01
9.48532701e-01
9.49497998e-01
9.50454354e-01
9.51401711e-01
9.52340186e-01
9.53269720e-01
9.54190254e-01
9.55101728e-01
9.56004143e-01
9.56897676e-01
9.57782149e-01
9.58657563e-01
9.59523976e-01
9.60381329e-01
9.61229622e-01
9.62068856e-01
9.62899029e-01
9.63720143e-01
9.64532197e-01
9.65335190e-01
9.66129065e-01
9.66913879e-01
9.67689514e-01
9.68456089e-01
9.69213545e-01
9.69961822e-01
9.70701039e-01
9.71431077e-01
9.72151935e-01
9.72863615e-01
9.73566055e-01
9.74259377e-01
9.74943459e-01
9.75618362e-01
9.76284087e-01
9.76940632e-01
9.77588117e-01
9.78226304e-01
9.78855312e-01
9.79475081e-01
9.80085611e-01
9.80686843e-01
9.81278956e-01
9.81861770e-01
9.82435286e-01
9.82999623e-01
9.83554661e-01
9.84100401e-01
9.84636962e-01
9.85164106e-01
9.85682070e-01
9.86190736e-01
9.86690044e-01
9.87180054e-01
9.87660825e-01
9.88132179e-01
9.88594353e-01
9.89047110e-01
9.89490628e-01
9.89924788e-01
9.90349710e-01
9.90765214e-01
9.91171420e-01
9.91568267e-01
9.91955817e-01
9.92333949e-01
9.92702723e-01
9.93062198e-01
9.93412375e-01
9.93753076e-01
9.94084477e-01
9.94406462e-01
9.94719148e-01
9.95022416e-01
9.95316327e-01
9.95600879e-01
9.95876014e-01
9.96141732e-01
9.96398151e-01
9.96645153e-01
9.96882796e-01
9.97110963e-01
9.97329772e-01
9.97539163e-01
9.97739196e-01
9.97929811e-01
9.98111010e-01
9.98282850e-01
9.98445272e-01
9.98598278e-01
9.98741806e-01
9.98876095e-01
9.99000847e-01
9.99116182e-01
9.99222159e-01
9.99318719e-01
9.99405801e-01
9.99483526e-01
9.99551773e-01
9.99610662e-01
9.99660134e-01
9.99700248e-01
9.99730885e-01
9.99752045e-01
9.99763846e-01
9.99766171e-01
9.99759078e-01
9.99742627e-01
9.99716640e-01
9.99681354e-01
9.99636590e-01
9.99582410e-01
9.99518812e-01
9.99445856e-01
9.99363422e-01
9.99271572e-01
9.99170363e-01
9.99059737e-01
9.98939633e-01
9.98810172e-01
9.98671293e-01
9.98522997e-01
9.98365283e-01
9.98198211e-01
9.98021662e-01
9.97835696e-01
9.97640312e-01
9.97435570e-01
9.97221410e-01
9.96997833e-01
9.96764898e-01
9.96522546e-01
9.96270895e-01
9.96009886e-01
9.95739460e-01
9.95459616e-01
9.95170414e-01
9.94871795e-01
9.94563818e-01
9.94246483e-01
9.93919790e-01
9.93583679e-01
9.93238270e-01
9.92883503e-01
9.92519379e-01
9.92145896e-01
9.91763055e-01
9.91370857e-01
9.90969419e-01
9.90558505e-01
9.90138292e-01
9.89708841e-01
9.89270031e-01
9.88821864e-01
9.88364398e-01
9.87897635e-01
9.87421513e-01
9.86936092e-01
9.86441374e-01
9.85937357e-01
9.85424101e-01
9.84901607e-01
9.84369755e-01
9.83828604e-01
9.83278275e-01
9.82718527e-01
9.82149661e-01
9.81571496e-01
9.80984151e-01
9.80387449e-01
9.79781449e-01
9.79166329e-01
9.78541911e-01
9.77908373e-01
9.77265596e-01
9.76613581e-01
9.75952446e-01
9.75282013e-01
9.74602461e-01
9.73913729e-01
9.73215818e-01
9.72508729e-01
9.71792400e-01
9.71067011e-01
9.70332444e-01
9.69588697e-01
9.68835831e-01
9.68073845e-01
9.67302740e-01
9.66522515e-01
9.65733171e-01
9.64934826e-01
9.64127302e-01
9.63310719e-01
9.62485075e-01
9.61650372e-01
9.60806549e-01
9.59953725e-01
9.59091783e-01
9.58220899e-01
9.57340956e-01
9.56451952e-01
9.55553949e-01
9.54646885e-01
9.53730881e-01
9.52805877e-01
9.51871872e-01
9.50928867e-01
9.49976921e-01
9.49016213e-01
9.48046446e-01
9.47067797e-01
9.46080208e-01
9.45083678e-01
9.44078207e-01
9.43063855e-01
9.42040622e-01
9.41008508e-01
9.39967573e-01
9.38917756e-01
9.37859118e-01
9.36791658e-01
9.35715377e-01
9.34630275e-01
9.33536410e-01
9.32433724e-01
9.31322157e-01
9.30201888e-01
9.29072917e-01
9.27935123e-01
9.26788628e-01
9.25633311e-01
9.24469292e-01
9.23296511e-01
9.22115088e-01
9.20924902e-01
9.19726074e-01
9.18518543e-01
9.17302310e-01
9.16077495e-01
9.14844036e-01
9.13602054e-01
9.12351429e-01
9.11092281e-01
9.09824491e-01
9.08548176e-01
9.07263279e-01
9.05969858e-01
9.04667795e-01
9.03357387e-01
9.02038395e-01
9.00710881e-01
8.99374902e-01
8.98030400e-01
8.96677494e-01
8.95316064e-01
8.93946230e-01
8.92567933e-01
8.91181290e-01
8.89786184e-01
8.88382673e-01
8.86970878e-01
8.85550618e-01
8.84122133e-01
8.82685244e-01
8.81240129e-01
8.79786670e-01
8.78324866e-01
8.76854837e-01
8.75376523e-01
8.73889983e-01
8.72395217e-01
8.70892227e-01
8.69381011e-01
8.67861569e-01
8.66333961e-01
8.64798307e-01
8.63254428e-01
8.61702383e-01
8.60142231e-01
8.58574033e-01
8.56997728e-01
8.55413318e-01
8.53820860e-01
8.52220356e-01
8.50611866e-01
8.48995328e-01
8.47370803e-01
8.45738292e-01
8.44097793e-01
8.42449307e-01
8.40792954e-01
8.39128613e-01
8.37456405e-01
8.35776389e-01
8.34088445e-01
8.32392693e-01
8.30689073e-01
8.28977644e-01
8.27258408e-01
8.25531304e-01
8.23796451e-01
8.22053790e-01
8.20303321e-01
8.18545043e-01
8.16779077e-01
8.15005362e-01
8.13223958e-01
8.11434984e-01
8.09638441e-01
8.07834327e-01
8.06022644e-01
8.04203331e-01
8.02376509e-01
8.00542057e-01
7.98700154e-01
7.96850622e-01
7.94993579e-01
7.93129086e-01
7.91257024e-01
7.89377511e-01
7.87490606e-01
7.85596311e-01
7.83694565e-01
7.81785488e-01
7.79868960e-01
7.77945161e-01
7.76013970e-01
7.74075508e-01
7.72129774e-01
7.70176768e-01
7.68216491e-01
7.66248941e-01
7.64274120e-01
7.62292147e-01
7.60303020e-01
7.58306682e-01
7.56303251e-01
7.54292727e-01
7.52275050e-01
7.50250280e-01
7.48218477e-01
7.46179581e-01
7.44133711e-01
7.42080808e-01
7.40020871e-01
7.37953961e-01
7.35880136e-01
7.33799398e-01
7.31711686e-01
7.29617119e-01
7.27515697e-01
7.25407362e-01
7.23292232e-01
7.21170247e-01
7.19041526e-01
7.16905951e-01
7.14763641e-01
7.12614596e-01
7.10458815e-01
7.08296359e-01
7.06127226e-01
7.03951538e-01
7.01769173e-01
6.99580252e-01
6.97384655e-01
6.95182562e-01
6.92973852e-01
6.90758646e-01
6.88536882e-01
6.86308622e-01
6.84073865e-01
6.81832731e-01
6.79585218e-01
6.77331269e-01
6.75071001e-01
6.72804296e-01
6.70531332e-01
6.68251991e-01
6.65966332e-01
6.63674355e-01
6.61376119e-01
6.59071684e-01
6.56760991e-01
6.54444158e-01
6.52121186e-01
6.49792075e-01
6.47456825e-01
6.45115495e-01
6.42768085e-01
6.40414596e-01
6.38055086e-01
6.35689557e-01
6.33318007e-01
6.30940497e-01
6.28557086e-01
6.26167774e-01
6.23772502e-01
6.21371388e-01
6.18964374e-01
6.16551578e-01
6.14132941e-01
6.11708462e-01
6.09278262e-01
6.06842339e-01
6.04400694e-01
6.01953387e-01
5.99500418e-01
5.97041786e-01
5.94577551e-01
5.92107773e-01
5.89632332e-01
5.87151289e-01
5.84664702e-01
5.82172632e-01
5.79675138e-01
5.77172160e-01
5.74663758e-01
5.72149992e-01
5.69630742e-01
5.67106187e-01
5.64576268e-01
5.62040985e-01
5.59500396e-01
5.56954503e-01
5.54403424e-01
5.51847100e-01
5.49285591e-01
5.46718895e-01
5.44147134e-01
5.41570127e-01
5.38988113e-01
5.36400974e-01
5.33808827e-01
5.31211555e-01
5.28609335e-01
5.26002169e-01
5.23389995e-01
5.20772934e-01
5.18150926e-01
5.15524149e-01
5.12892425e-01
5.10255814e-01
5.07614374e-01
5.04968226e-01
5.02317309e-01
4.99661714e-01
4.97001350e-01
4.94336337e-01
4.91666645e-01
4.88992333e-01
4.86313403e-01
4.83629882e-01
4.80941832e-01
4.78249222e-01
4.75552082e-01
4.72850502e-01
4.70144451e-01
4.67433989e-01
4.64719146e-01
4.61999893e-01
4.59276289e-01
4.56548333e-01
4.53816086e-01
4.51079577e-01
4.48338836e-01
4.45593864e-01
4.42844689e-01
4.40091342e-01
4.37333822e-01
4.34572190e-01
4.31806475e-01
4.29036707e-01
4.26262885e-01
4.23485070e-01
4.20703232e-01
4.17917430e-01
4.15127695e-01
4.12334055e-01
4.09536481e-01
4.06735033e-01
4.03929770e-01
4.01120782e-01
3.98308009e-01
3.95491481e-01
3.92671198e-01
3.89847219e-01
3.87019575e-01
3.84188265e-01
3.81353348e-01
3.78514856e-01
3.75672758e-01
3.72827142e-01
3.69978011e-01
3.67125362e-01
3.64269286e-01
3.61409754e-01
3.58546853e-01
3.55680555e-01
3.52810919e-01
3.49937946e-01
3.47061723e-01
3.44182193e-01
3.41299415e-01
3.38413417e-01
3.35524261e-01
3.32631916e-01
3.29736412e-01
3.26837838e-01
3.23936164e-01
3.21031451e-01
3.18123668e-01
3.15212935e-01
3.12299222e-01
3.09382588e-01
3.06463003e-01
3.03540558e-01
3.00615221e-01
2.97687083e-01
2.94756144e-01
2.91822433e-01
2.88885981e-01
2.85946816e-01
2.83004910e-01
2.80060351e-01
2.77113140e-01
2.74163365e-01
2.71210968e-01
2.68256038e-01
2.65298545e-01
2.62338579e-01
2.59376138e-01
2.56411225e-01
2.53443897e-01
2.50474215e-01
2.47502148e-01
2.44527772e-01
2.41551086e-01
2.38572121e-01
2.35590905e-01
2.32607484e-01
2.29621857e-01
2.26634085e-01
2.23644152e-01
2.20652118e-01
2.17658013e-01
2.14661866e-01
2.11663663e-01
2.08663493e-01
2.05661356e-01
2.02657282e-01
1.99651286e-01
1.96643412e-01
1.93633690e-01
1.90622166e-01
1.87608823e-01
1.84593722e-01
1.81576893e-01
1.78558350e-01
1.75538123e-01
1.72516227e-01
1.69492722e-01
1.66467607e-01
1.63440913e-01
1.60412699e-01
1.57382950e-01
1.54351726e-01
1.51319057e-01
1.48284942e-01
1.45249441e-01
1.42212570e-01
1.39174342e-01
1.36134833e-01
1.33094028e-01
1.30051970e-01
1.27008706e-01
1.23964243e-01
1.20918609e-01
1.17871836e-01
1.14823952e-01
1.11774988e-01
1.08724974e-01
1.05673924e-01
1.02621883e-01
9.95688662e-02
9.65149105e-02
9.34600532e-02
9.04043093e-02
8.73477161e-02
8.42902958e-02
8.12320933e-02
7.81731084e-02
7.51133934e-02
7.20529780e-02
6.89918697e-02
6.59301206e-02
6.28677458e-02
5.98047897e-02
5.67412637e-02
5.36772050e-02
5.06126396e-02
4.75475974e-02
4.44821119e-02
4.14162055e-02
3.83499116e-02
3.52832526e-02
3.22162583e-02
2.91489623e-02
2.60813925e-02
2.30135731e-02
1.99455395e-02
1.68773178e-02
1.38089368e-02
1.07404254e-02
7.67181348e-03
4.60312935e-03
1.53440132e-03
-1.53434125e-03
-4.60306881e-03
-7.67175341e-03
-1.07403649e-02
-1.38088753e-02
-1.68772563e-02
-1.99454781e-02
-2.30135117e-02
-2.60813292e-02
-2.91489009e-02
-3.22161950e-02
-3.52831893e-02
-3.83498482e-02
-4.14161421e-02
-4.44820486e-02
-4.75475341e-02
-5.06125763e-02
-5.36771417e-02
-5.67412041e-02
-5.98047301e-02
-6.28676936e-02
-6.59300610e-02
-6.89918175e-02
-7.20529184e-02
-7.51133412e-02
-7.81730562e-02
-8.12320337e-02
-8.42902511e-02
-8.73476714e-02
-9.04042572e-02
-9.34600011e-02
-9.65148583e-02
-9.95688066e-02
-1.02621816e-01
-1.05673857e-01
-1.08724900e-01
-1.11774921e-01
-1.14823885e-01
-1.17871776e-01
-1.20918557e-01
-1.23964190e-01
-1.27008662e-01
-1.30051941e-01
-1.33093998e-01
-1.36134803e-01
-1.39174327e-01
-1.42212540e-01
-1.45249411e-01
-1.48284912e-01
-1.51319012e-01
-1.54351696e-01
-1.57382905e-01
-1.60412639e-01
-1.63440868e-01
-1.66467547e-01
-1.69492662e-01
-1.72516182e-01
-1.75538063e-01
-1.78558290e-01
-1.81576848e-01
-1.84593678e-01
-1.87608778e-01
-1.90622136e-01
-1.93633676e-01
-1.96643397e-01
-1.99651271e-01
-2.02657253e-01
-2.05661327e-01
-2.08663464e-01
-2.11663634e-01
-2.14661807e-01
-2.17657954e-01
-2.20652059e-01
-2.23644093e-01
-2.26634011e-01
-2.29621813e-01
-2.32607409e-01
-2.35590830e-01
-2.38572031e-01
-2.41550997e-01
-2.44527683e-01
-2.47502074e-01
-2.50474095e-01
-2.53443807e-01
-2.56411135e-01
-2.59376019e-01
-2.62338459e-01
-2.65298426e-01
-2.68255919e-01
-2.71210849e-01
-2.74163246e-01
-2.77113050e-01
-2.80060232e-01
-2.83004791e-01
-2.85946667e-01
-2.88885891e-01
-2.91822344e-01
-2.94756055e-01
-2.97686994e-01
-3.00615162e-01
-3.03540468e-01
-3.06462944e-01
-3.09382498e-01
-3.12299162e-01
-3.15212876e-01
-3.18123609e-01
-3.21031332e-01
-3.23936045e-01
-3.26837718e-01
-3.29736292e-01
-3.32631797e-01
-3.35524142e-01
-3.38413298e-01
-3.41299295e-01
-3.44182074e-01
-3.47061604e-01
-3.49937886e-01
-3.52810830e-01
-3.55680466e-01
-3.58546764e-01
-3.61409664e-01
-3.64269167e-01
-3.67125273e-01
-3.69977891e-01
-3.72827023e-01
-3.75672638e-01
-3.78514707e-01
-3.81353229e-01
-3.84188145e-01
-3.87019426e-01
-3.89847100e-01
-3.92671078e-01
-3.95491362e-01
-3.98307920e-01
-4.01120722e-01
-4.03929740e-01
-4.06734973e-01
-4.09536391e-01
-4.12333935e-01
-4.15127575e-01
-4.17917311e-01
-4.20703113e-01
-4.23484951e-01
-4.26262766e-01
-4.29036617e-01
-4.31806386e-01
-4.34572101e-01
-4.37333733e-01
-4.40091223e-01
-4.42844599e-01
-4.45593804e-01
-4.48338807e-01
-4.51079547e-01
-4.53816056e-01
-4.56548303e-01
-4.59276229e-01
-4.61999804e-01
-4.64719057e-01
-4.67433929e-01
-4.70144391e-01
-4.72850442e-01
-4.75552022e-01
-4.78249103e-01
-4.80941713e-01
-4.83629793e-01
-4.86313313e-01
-4.88992214e-01
-4.91666526e-01
-4.94336218e-01
-4.97001231e-01
-4.99661565e-01
-5.02317190e-01
-5.04968107e-01
-5.07614255e-01
-5.10255694e-01
-5.12892306e-01
-5.15524030e-01
-5.18150926e-01
-5.20772874e-01
-5.23389935e-01
-5.26002049e-01
-5.28609216e-01
-5.31211436e-01
-5.33808649e-01
-5.36400855e-01
-5.38987994e-01
-5.41570067e-01
-5.44147015e-01
-5.46718836e-01
-5.49285531e-01
-5.51847100e-01
-5.54403365e-01
-5.56954443e-01
-5.59500277e-01
-5.62040865e-01
-5.64576149e-01
-5.67106068e-01
-5.69630623e-01
-5.72149873e-01
-5.74663639e-01
-5.77172101e-01
-5.79675078e-01
-5.82172573e-01
-5.84664643e-01
-5.87151229e-01
-5.89632213e-01
-5.92107654e-01
-5.94577491e-01
-5.97041786e-01
-5.99500358e-01
-6.01953387e-01
-6.04400635e-01
-6.06842220e-01
-6.09278142e-01
-6.11708403e-01
-6.14132881e-01
-6.16551578e-01
-6.18964434e-01
-6.21371388e-01
-6.23772502e-01
-6.26167715e-01
-6.28557026e-01
-6.30940437e-01
-6.33317947e-01
-6.35689497e-01
-6.38055086e-01
-6.40414655e-01
-6.42768085e-01
-6.45115554e-01
-6.47456825e-01
-6.49792075e-01
-6.52121127e-01
-6.54444158e-01
-6.56760931e-01
-6.59071565e-01
-6.61375999e-01
-6.63674235e-01
-6.65966213e-01
-6.68251812e-01
-6.70531154e-01
-6.72804177e-01
-6.75070882e-01
-6.77331209e-01
-6.79585159e-01
-6.81832731e-01
-6.84073865e-01
-6.86308563e-01
-6.88536823e-01
-6.90758586e-01
-6.92973852e-01
-6.95182502e-01
-6.97384655e-01
-6.99580193e-01
-7.01769173e-01
-7.03951538e-01
-7.06127286e-01
-7.08296359e-01
-7.10458755e-01
-7.12614536e-01
-7.14763641e-01
-7.16905951e-01
-7.19041467e-01
-7.21170247e-01
-7.23292172e-01
-7.25407362e-01
-7.27515638e-01
-7.29617119e-01
-7.31711686e-01
-7.33799338e-01
-7.35880077e-01
-7.37953901e-01
-7.40020812e-01
-7.42080748e-01
-7.44133711e-01
-7.46179640e-01
-7.48218477e-01
-7.50250340e-01
-7.52275050e-01
-7.54292727e-01
-7.56303310e-01
-7.58306742e-01
-7.60303020e-01
-7.62292147e-01
-7.64274120e-01
-7.66248941e-01
-7.68216491e-01
-7.70176768e-01
-7.72129834e-01
-7.74075568e-01
-7.76014030e-01
-7.77945161e-01
-7.79868960e-01
-7.81785429e-01
-7.83694565e-01
-7.85596311e-01
-7.87490606e-01
-7.89377511e-01
-7.91257024e-01
-7.93129027e-01
-7.94993520e-01
-7.96850562e-01
-7.98700094e-01
-8.00542057e-01
-8.02376509e-01
-8.04203331e-01
-8.06022644e-01
-8.07834327e-01
-8.09638500e-01
-8.11435044e-01
-8.13223958e-01
-8.15005362e-01
-8.16779077e-01
-8.18545043e-01
-8.20303261e-01
-8.22053730e-01
-8.23796511e-01
-8.25531363e-01
-8.27258527e-01
-8.28977823e-01
-8.30689251e-01
-8.32392812e-01
-8.34088564e-01
-8.35776508e-01
-8.37456524e-01
-8.39128673e-01
-8.40792954e-01
-8.42449367e-01
-8.44097853e-01
-8.45738351e-01
-8.47370863e-01
-8.48995388e-01
-8.50611866e-01
-8.52220356e-01
-8.53820920e-01
-8.55413377e-01
-8.56997788e-01
-8.58574152e-01
-8.60142350e-01
-8.61702502e-01
-8.63254428e-01
-8.64798307e-01
-8.66334021e-01
-8.67861569e-01
-8.69380951e-01
-8.70892167e-01
-8.72395158e-01
-8.73889983e-01
-8.75376523e-01
-8.76854837e-01
-8.78324866e-01
-8.79786611e-01
-8.81240070e-01
-8.82685184e-01
-8.84122014e-01
-8.85550559e-01
-8.86970758e-01
-8.88382614e-01
-8.89786065e-01
-8.91181171e-01
-8.92567873e-01
-8.93946171e-01
-8.95316005e-01
-8.96677434e-01
-8.98030400e-01
-8.99374843e-01
-9.00710881e-01
-9.02038455e-01
-9.03357446e-01
-9.04667914e-01
-9.05969858e-01
-9.07263279e-01
-9.08548176e-01
-9.09824550e-01
-9.11092281e-01
-9.12351489e-01
-9.13602054e-01
-9.14844096e-01
-9.16077495e-01
-9.17302310e-01
-9.18518484e-01
-9.19726014e-01
-9.20924842e-01
-9.22115028e-01
-9.23296511e-01
-9.24469233e-01
-9.25633192e-01
-9.26788509e-01
-9.27935004e-01
-9.29072797e-01
-9.30201828e-01
-9.31322098e-01
-9.32433605e-01
-9.33536291e-01
-9.34630156e-01
-9.35715258e-01
-9.36791599e-01
-9.37859058e-01
-9.38917756e-01
-9.39967573e-01
-9.41008568e-01
-9.42040622e-01
-9.43063855e-01
-9.44078207e-01
-9.45083618e-01
-9.46080148e-01
-9.47067797e-01
-9.48046446e-01
-9.49016273e-01
-9.49977100e-01
-9.50928986e-01
-9.51871872e-01
-9.52805877e-01
-9.53730881e-01
-9.54646945e-01
-9.55554008e-01
-9.56451952e-01
-9.57340956e-01
-9.58220899e-01
-9.59091842e-01
-9.59953725e-01
-9.60806489e-01
-9.61650312e-01
-9.62485015e-01
-9.63310659e-01
-9.64127302e-01
-9.64934826e-01
-9.65733230e-01
-9.66522574e-01
-9.67302799e-01
-9.68073905e-01
-9.68835950e-01
-9.69588816e-01
-9.70332563e-01
-9.71067190e-01
-9.71792579e-01
-9.72508848e-01
-9.73215878e-01
-9.73913789e-01
-9.74602461e-01
-9.75282013e-01
-9.75952387e-01
-9.76613581e-01
-9.77265596e-01
-9.77908313e-01
-9.78541851e-01
-9.79166269e-01
-9.79781389e-01
-9.80387330e-01
-9.80983973e-01
-9.81571436e-01
-9.82149601e-01
-9.82718587e-01
-9.83278275e-01
-9.83828604e-01
-9.84369755e-01
-9.84901607e-01
-9.85424161e-01
-9.85937417e-01
-9.86441493e-01
-9.86936152e-01
-9.87421513e-01
-9.87897635e-01
-9.88364398e-01
-9.88821924e-01
-9.89270031e-01
-9.89708841e-01
-9.90138352e-01
-9.90558565e-01
-9.90969479e-01
-9.91370976e-01
-9.91763175e-01
-9.92146015e-01
-9.92519498e-01
-9.92883623e-01
-9.93238449e-01
-9.93583798e-01
-9.93919849e-01
-9.94246542e-01
-9.94563878e-01
-9.94871855e-01
-9.95170414e-01
-9.95459616e-01
-9.95739400e-01
-9.96009886e-01
-9.96270955e-01
-9.96522665e-01
-9.96764958e-01
-9.96997893e-01
-9.97221410e-01
-9.97435570e-01
-9.97640312e-01
-9.97835696e-01
-9.98021662e-01
-9.98198211e-01
-9.98365283e-01
-9.98522997e-01
-9.98671234e-01
-9.98810172e-01
-9.98939633e-01
-9.99059677e-01
-9.99170303e-01
-9.99271512e-01
-9.99363303e-01
-9.99445677e-01
-9.99518633e-01
-9.99582171e-01
-9.99636352e-01
-9.99681056e-01
-9.99716401e-01
-9.99742329e-01
-9.99758840e-01
-9.99765873e-01
-9.99763548e-01
-9.99751806e-01
-9.99730587e-01
-9.99700010e-01
-9.99659956e-01
-9.99610543e-01
-9.99551654e-01
-9.99483466e-01
-9.99405801e-01
-9.99318659e-01
-9.99222159e-01
-9.99116242e-01
-9.99000907e-01
-9.98876154e-01
-9.98741984e-01
-9.98598397e-01
-9.98445451e-01
-9.98283029e-01
-9.98111188e-01
-9.97929990e-01
-9.97739315e-01
-9.97539222e-01
-9.97329712e-01
-9.97110903e-01
-9.96882617e-01
-9.96644974e-01
-9.96397972e-01
-9.96141613e-01
-9.95875835e-01
-9.95600760e-01
-9.95316207e-01
-9.95022357e-01
-9.94719088e-01
-9.94406402e-01
-9.94084358e-01
-9.93752956e-01
-9.93412256e-01
-9.93062139e-01
-9.92702723e-01
-9.92334008e-01
-9.91955817e-01
-9.91568267e-01
-9.91171420e-01
-9.90765154e-01
-9.90349591e-01
-9.89924729e-01
-9.89490569e-01
-9.89047110e-01
-9.88594294e-01
-9.88132179e-01
-9.87660766e-01
-9.87180054e-01
-9.86689985e-01
-9.86190617e-01
-9.85682011e-01
-9.85164046e-01
-9.84636843e-01
-9.84100342e-01
-9.83554602e-01
-9.82999623e-01
-9.82435346e-01
-9.81861830e-01
-9.81279016e-01
-9.80686903e-01
-9.80085611e-01
-9.79475021e-01
-9.78855312e-01
-9.78226364e-01
-9.77588177e-01
-9.76940811e-01
-9.76284206e-01
-9.75618422e-01
-9.74943459e-01
-9.74259317e-01
-9.73565996e-01
-9.72863495e-01
-9.72151816e-01
-9.71430957e-01
-9.70700920e-01
-9.69961703e-01
-9.69213426e-01
-9.68456030e-01
-9.67689455e-01
-9.66913819e-01
-9.66129065e-01
-9.65335190e-01
-9.64532197e-01
-9.63720143e-01
-9.62899029e-01
-9.62068856e-01
-9.61229622e-01
-9.60381329e-01
-9.59524035e-01
-9.58657682e-01
-9.57782209e-01
-9.56897736e-01
-9.56004322e-01
-9.55101788e-01
-9.54190314e-01
-9.53269780e-01
-9.52340305e-01
-9.51401830e-01
-9.50454414e-01
-9.49498117e-01
-9.48532760e-01
-9.47558522e-01
-9.46575344e-01
-9.45583224e-01
-9.44582164e-01
-9.43572283e-01
-9.42553520e-01
-9.41525877e-01
-9.40489352e-01
-9.39444005e-01
-9.38389778e-01
-9.37326670e-01
-9.36254799e-01
-9.35174048e-01
-9.34084475e-01
-9.32986081e-01
-9.31878984e-01
-9.30763066e-01
-9.29638445e-01
-9.28505003e-01
-9.27362800e-01
-9.26211894e-01
-9.25052285e-01
-9.23883915e-01
-9.22706902e-01
-9.21521068e-01
-9.20326531e-01
-9.19123292e-01
-9.17911470e-01
-9.16690886e-01
-9.15461838e-01
-9.14224088e-01
-9.12977815e-01
-9.11722898e-01
-9.10459399e-01
-9.09187376e-01
-9.07906830e-01
-9.06617641e-01
-9.05319929e-01
-9.04013693e-01
-9.02698934e-01
-9.01375711e-01
-9.00043905e-01
-8.98703694e-01
-8.97354960e-01
-8.95997763e-01
-8.94632161e-01
-8.93258095e-01
-8.91875625e-01
-8.90484750e-01
-8.89085472e-01
-8.87677789e-01
-8.86261761e-01
-8.84837449e-01
-8.83404791e-01
-8.81963789e-01
-8.80514503e-01
-8.79056871e-01
-8.77591014e-01
-8.76116812e-01
-8.74634385e-01
-8.73143673e-01
-8.71644735e-01
-8.70137691e-01
-8.68622363e-01
-8.67098927e-01
-8.65567267e-01
-8.64027441e-01
-8.62479508e-01
-8.60923409e-01
-8.59359264e-01
-8.57786953e-01
-8.56206656e-01
-8.54618192e-01
-8.53021681e-01
-8.51417184e-01
-8.49804640e-01
-8.48184109e-01
-8.46555531e-01
-8.44919026e-01
-8.43274534e-01
-8.41622174e-01
-8.39961827e-01
-8.38293552e-01
-8.36617410e-01
-8.34933460e-01
-8.33241582e-01
-8.31541896e-01
-8.29834342e-01
-8.28118980e-01
-8.26395869e-01
-8.24664891e-01
-8.22926164e-01
-8.21179569e-01
-8.19425285e-01
-8.17663193e-01
-8.15893292e-01
-8.14115763e-01
-8.12330604e-01
-8.10537875e-01
-8.08737576e-01
-8.06929588e-01
-8.05114090e-01
-8.03290963e-01
-8.01460266e-01
-7.99622059e-01
-7.97776341e-01
-7.95923054e-01
-7.94062316e-01
-7.92193949e-01
-7.90318191e-01
-7.88434982e-01
-7.86544383e-01
-7.84646392e-01
-7.82740951e-01
-7.80828178e-01
-7.78908014e-01
-7.76980579e-01
-7.75045693e-01
-7.73103595e-01
-7.71154225e-01
-7.69197583e-01
-7.67233670e-01
-7.65262485e-01
-7.63284087e-01
-7.61298537e-01
-7.59305835e-01
-7.57305980e-01
-7.55298972e-01
-7.53284872e-01
-7.51263618e-01
-7.49235332e-01
-7.47199953e-01
-7.45157540e-01
-7.43108094e-01
-7.41051674e-01
-7.38988221e-01
-7.36917853e-01
-7.34840512e-01
-7.32756317e-01
-7.30665147e-01
-7.28567183e-01
-7.26462305e-01
-7.24350572e-01
-7.22231984e-01
-7.20106661e-01
-7.17974544e-01
-7.15835631e-01
-7.13689923e-01
-7.11537540e-01
-7.09378421e-01
-7.07212687e-01
-7.05040216e-01
-7.02861190e-01
-7.00675547e-01
-6.98483288e-01
-6.96284473e-01
-6.94079041e-01
-6.91867113e-01
-6.89648569e-01
-6.87423527e-01
-6.85192049e-01
-6.82954133e-01
-6.80709839e-01
-6.78459048e-01
-6.76201940e-01
-6.73938453e-01
-6.71668589e-01
-6.69392407e-01
-6.67109907e-01
-6.64821088e-01
-6.62525952e-01
-6.60224617e-01
-6.57917023e-01
-6.55603290e-01
-6.53283417e-01
-6.50957346e-01
-6.48625195e-01
-6.46286905e-01
-6.43942535e-01
-6.41592085e-01
-6.39235556e-01
-6.36873066e-01
-6.34504557e-01
-6.32130027e-01
-6.29749537e-01
-6.27363145e-01
-6.24970853e-01
-6.22572720e-01
-6.20168746e-01
-6.17758870e-01
-6.15343153e-01
-6.12921536e-01
-6.10494137e-01
-6.08061075e-01
-6.05622232e-01
-6.03177786e-01
-6.00727618e-01
-5.98271847e-01
-5.95810473e-01
-5.93343377e-01
-5.90870738e-01
-5.88392496e-01
-5.85908711e-01
-5.83419442e-01
-5.80924630e-01
-5.78424394e-01
-5.75918674e-01
-5.73407590e-01
-5.70891082e-01
-5.68369150e-01
-5.65841854e-01
-5.63309252e-01
-5.60771286e-01
-5.58228076e-01
-5.55679560e-01
-5.53125858e-01
-5.50566971e-01
-5.48002958e-01
-5.45433700e-01
-5.42859375e-01
-5.40279865e-01
-5.37695229e-01
-5.35105526e-01
-5.32510817e-01
-5.29911101e-01
-5.27306378e-01
-5.24696767e-01
-5.22082150e-01
-5.19462645e-01
-5.16838193e-01
-5.14208913e-01
-5.11574745e-01
-5.08935809e-01
-5.06291986e-01
-5.03643453e-01
-5.00990152e-01
-4.98332173e-01
-4.95669454e-01
-4.93002087e-01
-4.90330070e-01
-4.87653434e-01
-4.84972209e-01
-4.82286453e-01
-4.79596108e-01
-4.76901263e-01
-4.74201918e-01
-4.71498102e-01
-4.68789876e-01
-4.66077179e-01
-4.63360101e-01
-4.60638672e-01
-4.57912892e-01
-4.55182821e-01
-4.52448428e-01
-4.49709773e-01
-4.46966887e-01
-4.44219798e-01
-4.41468567e-01
-4.38713133e-01
-4.35953587e-01
-4.33189899e-01
-4.30422127e-01
-4.27650332e-01
-4.24874485e-01
-4.22094673e-01
-4.19310838e-01
-4.16523069e-01
-4.13731366e-01
-4.10935789e-01
-4.08136308e-01
-4.05333012e-01
-4.02525872e-01
-3.99714947e-01
-3.96900266e-01
-3.94081861e-01
-3.91259700e-01
-3.88433874e-01
-3.85604382e-01
-3.82771283e-01
-3.79934549e-01
-3.77094269e-01
-3.74250382e-01
-3.71403009e-01
-3.68552119e-01
-3.65697742e-01
-3.62839967e-01
-3.59978735e-01
-3.57114136e-01
-3.54246169e-01
-3.51374865e-01
-3.48500252e-01
-3.45622361e-01
-3.42741191e-01
-3.39856803e-01
-3.36969227e-01
-3.34078431e-01
-3.31184536e-01
-3.28287482e-01
-3.25387359e-01
-3.22484165e-01
-3.19577932e-01
-3.16668689e-01
-3.13756466e-01
-3.10841292e-01
-3.07923168e-01
-3.05002153e-01
-3.02078277e-01
-2.99151540e-01
-2.96222001e-01
-2.93289661e-01
-2.90354580e-01
-2.87416726e-01
-2.84476191e-01
-2.81532973e-01
-2.78587073e-01
-2.75638580e-01
-2.72687495e-01
-2.69733816e-01
-2.66777605e-01
-2.63818890e-01
-2.60857642e-01
-2.57893980e-01
-2.54927874e-01
-2.51959383e-01
-2.48988494e-01
-2.46015295e-01
-2.43039757e-01
-2.40061924e-01
-2.37081841e-01
-2.34099522e-01
-2.31114984e-01
-2.28128269e-01
-2.25139409e-01
-2.22148463e-01
-2.19155386e-01
-2.16160238e-01
-2.13163078e-01
-2.10163906e-01
-2.07162738e-01
-2.04159632e-01
-2.01154605e-01
-1.98147669e-01
-1.95138872e-01
-1.92128241e-01
-1.89115793e-01
-1.86101556e-01
-1.83085576e-01
-1.80067852e-01
-1.77048445e-01
-1.74027368e-01
-1.71004653e-01
-1.67980328e-01
-1.64954409e-01
-1.61926970e-01
-1.58897981e-01
-1.55867502e-01
-1.52835563e-01
-1.49802193e-01
-1.46767408e-01
-1.43731236e-01
-1.40693709e-01
-1.37654856e-01
-1.34614691e-01
-1.31573260e-01
-1.28530592e-01
-1.25486702e-01
-1.22441635e-01
-1.19395413e-01
-1.16348073e-01
-1.13299631e-01
-1.10250123e-01
-1.07199579e-01
-1.04148023e-01
-1.01095498e-01
-9.80420113e-02
-9.49876159e-02
-9.19323266e-02
-8.88761878e-02
-8.58192369e-02
-8.27615261e-02
-7.97031075e-02
-7.66440555e-02
-7.35844746e-02
-7.05245137e-02
-6.74643293e-02
-6.44041896e-02
-6.13444187e-02
-5.82854338e-02
-5.52277789e-02
-5.21721169e-02
-4.91192564e-02
-4.60701324e-02
-4.30257916e-02
-3.99873704e-02
-3.69560383e-02
-3.39329094e-02
-3.09190694e-02
-2.79151313e-02
-2.49222741e-02
-2.19385680e-02
-1.89703163e-02
-1.59958135e-02
-1.30802067e-02
-1.00104706e-02
-7.44426390e-03
-3.06951511e-03
-5.96046448e-08
5.96046448e-08
3.06951511e-03
