4.42620396e-04
9.17015306e-04
1.39368325e-03
1.87050202e-03
2.34731520e-03
2.82410719e-03
3.30087263e-03
3.77760734e-03
4.25430667e-03
4.73096594e-03
5.20758145e-03
5.68414805e-03
6.16066158e-03
6.63711736e-03
7.11351074e-03
7.58983754e-03
8.06609355e-03
8.54227506e-03
9.01837554e-03
9.49439220e-03
9.97031946e-03
1.04461536e-02
1.09218899e-02
1.13975229e-02
1.18730497e-02
1.23484647e-02
1.28237652e-02
1.32989455e-02
1.37740020e-02
1.42489290e-02
1.47237228e-02
1.51983798e-02
1.56728923e-02
1.61472615e-02
1.66214760e-02
1.70955379e-02
1.75694376e-02
1.80431735e-02
1.85167398e-02
1.89901348e-02
1.94633491e-02
1.99363846e-02
2.04092320e-02
2.08818894e-02
2.13543512e-02
2.18266137e-02
2.22986694e-02
2.27705166e-02
2.32421514e-02
2.37135701e-02
2.41847653e-02
2.46557333e-02
2.51264721e-02
2.55969763e-02
2.60672402e-02
2.65372619e-02
2.70070340e-02
2.74765529e-02
2.79458165e-02
2.84148175e-02
2.88835522e-02
2.93520186e-02
2.98202112e-02
3.02881207e-02
3.07557490e-02
3.12230904e-02
3.16901393e-02
3.21568921e-02
3.26233394e-02
3.30894850e-02
3.35553177e-02
3.40208411e-02
3.44860442e-02
3.49509269e-02
3.54154818e-02
3.58797051e-02
3.63435932e-02
3.68071422e-02
3.72703448e-02
3.77331972e-02
3.81956995e-02
3.86578441e-02
3.91196236e-02
3.95810381e-02
4.00420800e-02
4.05027531e-02
4.09630463e-02
4.14229557e-02
4.18824777e-02
4.23416048e-02
4.28003334e-02
4.32586633e-02
4.37165909e-02
4.41741087e-02
4.46312129e-02
4.50879037e-02
4.55441661e-02
4.60000038e-02
4.64554131e-02
4.69103903e-02
4.73649241e-02
4.78190146e-02
4.82726619e-02
4.87258509e-02
4.91785891e-02
4.96308617e-02
5.00826724e-02
5.05340174e-02
5.09848893e-02
5.14352843e-02
5.18852025e-02
5.23346290e-02
5.27835675e-02
5.32320105e-02
5.36799580e-02
5.41273989e-02
5.45743369e-02
5.50207645e-02
5.54666743e-02
5.59120700e-02
5.63569404e-02
5.68012819e-02
5.72450906e-02
5.76883629e-02
5.81310987e-02
5.85732907e-02
5.90149313e-02
5.94560206e-02
5.98965511e-02
6.03365228e-02
6.07759356e-02
6.12147711e-02
6.16530366e-02
6.20907247e-02
6.25278354e-02
6.29643574e-02
6.34002909e-02
6.38356358e-02
6.42703921e-02
6.47045374e-02
6.51380792e-02
6.55710176e-02
6.60033375e-02
6.64350390e-02
6.68661147e-02
6.72965646e-02
6.77263886e-02
6.81555793e-02
6.85841367e-02
6.90120533e-02
6.94393143e-02
6.98659346e-02
7.02918917e-02
7.07172006e-02
7.11418390e-02
7.15658218e-02
7.19891265e-02
7.24117607e-02
7.28337169e-02
7.32549876e-02
7.36755803e-02
7.40954876e-02
7.45146871e-02
7.49331936e-02
7.53510073e-02
7.57681057e-02
7.61845037e-02
7.66001940e-02
7.70151690e-02
7.74294212e-02
7.78429508e-02
7.82557428e-02
7.86678046e-02
7.90791214e-02
7.94897079e-02
7.98995495e-02
8.03086460e-02
8.07169899e-02
8.11245739e-02
8.15313980e-02
8.19374546e-02
8.23427588e-02
8.27472880e-02
8.31510499e-02
8.35540295e-02
8.39562267e-02
8.43576342e-02
8.47582445e-02
8.51580650e-02
8.55570957e-02
8.59553218e-02
8.63527432e-02
8.67493600e-02
8.71451646e-02
8.75401497e-02
8.79343152e-02
8.83276537e-02
8.87201726e-02
8.91118571e-02
8.95027146e-02
8.98927301e-02
9.02819112e-02
9.06702429e-02
9.10577253e-02
9.14443582e-02
9.18301344e-02
9.22150537e-02
9.25991014e-02
9.29822996e-02
9.33646187e-02
9.37460661e-02
9.41266343e-02
9.45063233e-02
9.48851183e-02
9.52630416e-02
9.56400633e-02
9.60161909e-02
9.63914245e-02
9.67657566e-02
9.71391723e-02
9.75116864e-02
9.78832915e-02
9.82539728e-02
9.86237451e-02
9.89925861e-02
9.93605033e-02
9.97274965e-02
1.00093558e-01
1.00458682e-01
1.00822866e-01
1.01186104e-01
1.01548404e-01
1.01909749e-01
1.02270149e-01
1.02629602e-01
1.02988094e-01
1.03345618e-01
1.03702158e-01
1.04057729e-01
1.04412325e-01
1.04765944e-01
1.05118580e-01
1.05470233e-01
1.05820902e-01
1.06170580e-01
1.06519267e-01
1.06866956e-01
1.07213646e-01
1.07559338e-01
1.07904017e-01
1.08247690e-01
1.08590350e-01
1.08931996e-01
1.09272622e-01
1.09612226e-01
1.09950803e-01
1.10288352e-01
1.10624880e-01
1.10960357e-01
1.11294799e-01
1.11628197e-01
1.11960560e-01
1.12291873e-01
1.12622134e-01
1.12951346e-01
1.13279492e-01
1.13606587e-01
1.13932610e-01
1.14257567e-01
1.14581466e-01
1.14904292e-01
1.15226045e-01
1.15546711e-01
1.15866303e-01
1.16184808e-01
1.16502218e-01
1.16818547e-01
1.17133781e-01
1.17447913e-01
1.17760956e-01
1.18072890e-01
1.18383721e-01
1.18693441e-01
1.19002059e-01
1.19309559e-01
1.19615942e-01
1.19921207e-01
1.20225348e-01
1.20528370e-01
1.20830253e-01
1.21131010e-01
1.21430635e-01
1.21729128e-01
1.22026481e-01
1.22322693e-01
1.22617766e-01
1.22911684e-01
1.23204455e-01
1.23496071e-01
1.23786539e-01
1.24075845e-01
1.24363989e-01
1.24650970e-01
1.24936782e-01
1.25221446e-01
1.25504926e-01
1.25787228e-01
1.26068369e-01
1.26348317e-01
1.26627088e-01
1.26904681e-01
1.27181083e-01
1.27456307e-01
1.27730340e-01
1.28003180e-01
1.28274858e-01
1.28545329e-01
1.28814608e-01
1.29082680e-01
1.29349530e-01
1.29615158e-01
1.29879564e-01
1.30142733e-01
1.30404696e-01
1.30665436e-01
1.30924940e-01
1.31183237e-01
1.31440282e-01
1.31696135e-01
1.31950736e-01
1.32204115e-01
1.32456258e-01
1.32707164e-01
1.32956818e-01
1.33205235e-01
1.33452415e-01
1.33698344e-01
1.33943036e-01
1.34186476e-01
1.34428650e-01
1.34669572e-01
1.34909242e-01
1.35147646e-01
1.35384798e-01
1.35620669e-01
1.35855287e-01
1.36088625e-01
1.36320680e-01
1.36551470e-01
1.36780977e-01
1.37009203e-01
1.37236163e-01
1.37461826e-01
1.37686223e-01
1.37909308e-01
1.38131112e-01
1.38351619e-01
1.38570845e-01
1.38788760e-01
1.39005378e-01
1.39220685e-01
1.39434710e-01
1.39647424e-01
1.39858842e-01
1.40068948e-01
1.40277743e-01
1.40485227e-01
1.40691400e-01
1.40896261e-01
1.41099811e-01
1.41302049e-01
1.41502976e-01
1.41702563e-01
1.41900808e-01
1.42097712e-01
1.42293274e-01
1.42487496e-01
1.42680377e-01
1.42871916e-01
1.43062115e-01
1.43250972e-01
1.43438488e-01
1.43624663e-01
1.43809497e-01
1.43992975e-01
1.44175127e-01
1.44355923e-01
1.44535378e-01
1.44713461e-01
1.44890204e-01
1.45065606e-01
1.45239621e-01
1.45412296e-01
1.45583600e-01
1.45753562e-01
1.45922154e-01
1.46089390e-01
1.46255270e-01
1.46419764e-01
1.46582887e-01
1.46744639e-01
1.46905020e-01
1.47064030e-01
1.47221684e-01
1.47377968e-01
1.47532865e-01
1.47686407e-01
1.47838563e-01
1.47989333e-01
1.48138717e-01
1.48286730e-01
1.48433343e-01
1.48578584e-01
1.48722425e-01
1.48864865e-01
1.49005890e-01
1.49145529e-01
1.49283782e-01
1.49420619e-01
1.49556071e-01
1.49690107e-01
1.49822757e-01
1.49953991e-01
1.50083840e-01
1.50212273e-01
1.50339305e-01
1.50464952e-01
1.50589183e-01
1.50711998e-01
1.50833428e-01
1.50953427e-01
1.51072025e-01
1.51189208e-01
1.51304990e-01
1.51419342e-01
1.51532292e-01
1.51643813e-01
1.51753932e-01
1.51862636e-01
1.51969925e-01
1.52075797e-01
1.52180240e-01
1.52283266e-01
1.52384877e-01
1.52485088e-01
1.52583867e-01
1.52681231e-01
1.52777165e-01
1.52871683e-01
1.52964786e-01
1.53056487e-01
1.53146759e-01
1.53235614e-01
1.53323025e-01
1.53409034e-01
1.53493628e-01
1.53576806e-01
1.53658554e-01
1.53738886e-01
1.53817803e-01
1.53895304e-01
1.53971389e-01
1.54046029e-01
1.54119253e-01
1.54191062e-01
1.54261425e-01
1.54330313e-01
1.54397741e-01
1.54463708e-01
1.54528216e-01
1.54591262e-01
1.54652849e-01
1.54712975e-01
1.54771641e-01
1.54828832e-01
1.54884547e-01
1.54938802e-01
1.54991612e-01
1.55042961e-01
1.55092850e-01
1.55141264e-01
1.55188218e-01
1.55233696e-01
1.55277714e-01
1.55320257e-01
1.55361339e-01
1.55400962e-01
1.55439124e-01
1.55475840e-01
1.55511096e-01
1.55544892e-01
1.55577213e-01
1.55608073e-01
1.55637458e-01
1.55665383e-01
1.55691832e-01
1.55716822e-01
1.55740350e-01
1.55762419e-01
1.55783027e-01
1.55802175e-01
1.55819863e-01
1.55836090e-01
1.55850843e-01
1.55864120e-01
1.55875936e-01
1.55886307e-01
1.55895203e-01
1.55902639e-01
1.55908599e-01
1.55913100e-01
1.55916125e-01
1.55917689e-01
1.55917808e-01
1.55916452e-01
1.55913636e-01
1.55909345e-01
1.55903608e-01
1.55896410e-01
1.55887738e-01
1.55877605e-01
1.55866012e-01
1.55852944e-01
1.55838415e-01
1.55822441e-01
1.55804992e-01
1.55786082e-01
1.55765697e-01
1.55743867e-01
1.55720577e-01
1.55695811e-01
1.55669585e-01
1.55641899e-01
1.55612737e-01
1.55582115e-01
1.55550048e-01
1.55516505e-01
1.55481502e-01
1.55445024e-01
1.55407101e-01
1.55367717e-01
1.55326858e-01
1.55284539e-01
1.55240759e-01
1.55195504e-01
1.55148789e-01
1.55100629e-01
1.55050993e-01
1.54999897e-01
1.54947326e-01
1.54893309e-01
1.54837832e-01
1.54780880e-01
1.54722467e-01
1.54662594e-01
1.54601246e-01
1.54538438e-01
1.54474184e-01
1.54408455e-01
1.54341266e-01
1.54272616e-01
1.54202521e-01
1.54130995e-01
1.54058039e-01
1.53983667e-01
1.53907880e-01
1.53830662e-01
1.53752014e-01
1.53671950e-01
1.53590471e-01
1.53507560e-01
1.53423235e-01
1.53337494e-01
1.53250337e-01
1.53161764e-01
1.53071776e-01
1.52980372e-01
1.52887568e-01
1.52793333e-01
1.52697682e-01
1.52600586e-01
1.52502090e-01
1.52402177e-01
1.52300850e-01
1.52198091e-01
1.52093917e-01
1.51988328e-01
1.51881322e-01
1.51772901e-01
1.51663065e-01
1.51551813e-01
1.51439145e-01
1.51325062e-01
1.51209578e-01
1.51092678e-01
1.50974363e-01
1.50854632e-01
1.50733486e-01
1.50610954e-01
1.50487006e-01
1.50361657e-01
1.50234893e-01
1.50106743e-01
1.49977192e-01
1.49846241e-01
1.49713889e-01
1.49580151e-01
1.49444997e-01
1.49308428e-01
1.49170473e-01
1.49031132e-01
1.48890376e-01
1.48748234e-01
1.48604676e-01
1.48459747e-01
1.48313418e-01
1.48165718e-01
1.48016632e-01
1.47866160e-01
1.47714302e-01
1.47561073e-01
1.47406489e-01
1.47250518e-01
1.47093177e-01
1.46934465e-01
1.46774396e-01
1.46612942e-01
1.46450132e-01
1.46285951e-01
1.46120414e-01
1.45953506e-01
1.45785227e-01
1.45615593e-01
1.45444602e-01
1.45272240e-01
1.45098537e-01
1.44923478e-01
1.44747078e-01
1.44569308e-01
1.44390211e-01
1.44209728e-01
1.44027919e-01
1.43844754e-01
1.43660262e-01
1.43474430e-01
1.43287256e-01
1.43098742e-01
1.42908886e-01
1.42717689e-01
1.42525151e-01
1.42331272e-01
1.42136052e-01
1.41939491e-01
1.41741589e-01
1.41542360e-01
1.41341805e-01
1.41139939e-01
1.40936762e-01
1.40732273e-01
1.40526474e-01
1.40319362e-01
1.40110925e-01
1.39901191e-01
1.39690146e-01
1.39477804e-01
1.39264166e-01
1.39049232e-01
1.38832986e-01
1.38615459e-01
1.38396621e-01
1.38176501e-01
1.37955084e-01
1.37732387e-01
1.37508377e-01
1.37283117e-01
1.37056559e-01
1.36828735e-01
1.36599615e-01
1.36369228e-01
1.36137560e-01
1.35904625e-01
1.35670409e-01
1.35434926e-01
1.35198176e-01
1.34960175e-01
1.34720922e-01
1.34480417e-01
1.34238645e-01
1.33995637e-01
1.33751363e-01
1.33505851e-01
1.33259103e-01
1.33011103e-01
1.32761866e-01
1.32511392e-01
1.32259682e-01
1.32006750e-01
1.31752566e-01
1.31497160e-01
1.31240517e-01
1.30982667e-01
1.30723596e-01
1.30463302e-01
1.30201787e-01
1.29939049e-01
1.29675090e-01
1.29409909e-01
1.29143506e-01
1.28875881e-01
1.28607035e-01
1.28337011e-01
1.28065795e-01
1.27793401e-01
1.27519831e-01
1.27245083e-01
1.26969144e-01
1.26692027e-01
1.26413703e-01
1.26134232e-01
1.25853568e-01
1.25571743e-01
1.25288755e-01
1.25004590e-01
1.24719262e-01
1.24432765e-01
1.24145113e-01
1.23856299e-01
1.23566322e-01
1.23275198e-01
1.22982927e-01
1.22689508e-01
1.22394942e-01
1.22099228e-01
1.21802382e-01
1.21504396e-01
1.21205278e-01
1.20905034e-01
1.20603658e-01
1.20301150e-01
1.19997524e-01
1.19692773e-01
1.19386911e-01
1.19079940e-01
1.18771859e-01
1.18462667e-01
1.18152380e-01
1.17840983e-01
1.17528483e-01
1.17214896e-01
1.16900213e-01
1.16584435e-01
1.16267569e-01
1.15949608e-01
1.15630567e-01
1.15310460e-01
1.14989273e-01
1.14667021e-01
1.14343703e-01
1.14019312e-01
1.13693856e-01
1.13367341e-01
1.13039769e-01
1.12711146e-01
1.12381473e-01
1.12050749e-01
1.11718982e-01
1.11386165e-01
1.11052312e-01
1.10717423e-01
1.10381506e-01
1.10044561e-01
1.09706588e-01
1.09367587e-01
1.09027572e-01
1.08686537e-01
1.08344488e-01
1.08001426e-01
1.07657366e-01
1.07312299e-01
1.06966235e-01
1.06619164e-01
1.06271103e-01
1.05922058e-01
1.05572022e-01
1.05220996e-01
1.04869001e-01
1.04516014e-01
1.04162067e-01
1.03807129e-01
1.03451237e-01
1.03094362e-01
1.02736525e-01
1.02377743e-01
1.02018014e-01
1.01657353e-01
1.01295732e-01
1.00933164e-01
1.00569658e-01
1.00205213e-01
9.98398364e-02
9.94735360e-02
9.91063043e-02
9.87381563e-02
9.83690843e-02
9.79991034e-02
9.76281986e-02
9.72563848e-02
9.68836695e-02
9.65100452e-02
9.61355269e-02
9.57601145e-02
9.53838006e-02
9.50066075e-02
9.46285278e-02
9.42495689e-02
9.38697308e-02
9.34890136e-02
9.31074321e-02
9.27249938e-02
9.23416838e-02
9.19575170e-02
9.15724933e-02
9.11866203e-02
9.07998905e-02
9.04123187e-02
9.00239050e-02
8.96346495e-02
8.92445669e-02
8.88536498e-02
8.84619132e-02
8.80693495e-02
8.76759663e-02
8.72817636e-02
8.68867487e-02
8.64909217e-02
8.60942900e-02
8.56968611e-02
8.52986425e-02
8.48996192e-02
8.44998136e-02
8.40992182e-02
8.36978331e-02
8.32956731e-02
8.28927457e-02
8.24890435e-02
8.20845738e-02
8.16793442e-02
8.12733471e-02
8.08665976e-02
8.04590955e-02
8.00508410e-02
7.96418488e-02
7.92321116e-02
7.88216442e-02
7.84104392e-02
7.79984966e-02
7.75858313e-02
7.71724507e-02
7.67583475e-02
7.63435438e-02
7.59280249e-02
7.55118057e-02
7.50948787e-02
7.46772587e-02
7.42589384e-02
7.38399327e-02
7.34202415e-02
7.29998723e-02
7.25788176e-02
7.21570924e-02
7.17346966e-02
7.13116378e-02
7.08879083e-02
7.04635233e-02
7.00384825e-02
6.96127936e-02
6.91864491e-02
6.87594712e-02
6.83318526e-02
6.79035932e-02
6.74747080e-02
6.70451969e-02
6.66150674e-02
6.61843121e-02
6.57529533e-02
6.53209761e-02
6.48883954e-02
6.44552112e-02
6.40214309e-02
6.35870621e-02
6.31520972e-02
6.27165586e-02
6.22804277e-02
6.18437305e-02
6.14064522e-02
6.09686114e-02
6.05301969e-02
6.00912236e-02
5.96516915e-02
5.92116080e-02
5.87709770e-02
5.83297983e-02
5.78880832e-02
5.74458279e-02
5.70030473e-02
5.65597378e-02
5.61159030e-02
5.56715503e-02
5.52266799e-02
5.47812954e-02
5.43354079e-02
5.38890138e-02
5.34421243e-02
5.29947355e-02
5.25468588e-02
5.20984940e-02
5.16496450e-02
5.12003228e-02
5.07505275e-02
5.03002591e-02
4.98495288e-02
4.93983366e-02
4.89466898e-02
4.84945923e-02
4.80420440e-02
4.75890525e-02
4.71356213e-02
4.66817543e-02
4.62274551e-02
4.57727313e-02
4.53175828e-02
4.48620170e-02
4.44060415e-02
4.39496525e-02
4.34928574e-02
4.30356637e-02
4.25780714e-02
4.21200879e-02
4.16617133e-02
4.12029587e-02
4.07438204e-02
4.02843095e-02
3.98244299e-02
3.93641777e-02
3.89035642e-02
3.84425931e-02
3.79812680e-02
3.75195965e-02
3.70575823e-02
3.65952216e-02
3.61325294e-02
3.56695056e-02
3.52061503e-02
3.47424708e-02
3.42784747e-02
3.38141620e-02
3.33495438e-02
3.28846164e-02
3.24193835e-02
3.19538601e-02
3.14880423e-02
3.10219321e-02
3.05555407e-02
3.00888680e-02
2.96219233e-02
2.91547049e-02
2.86872182e-02
2.82194726e-02
2.77514681e-02
2.72832103e-02
2.68147048e-02
2.63459515e-02
2.58769598e-02
2.54077334e-02
2.49382760e-02
2.44685896e-02
2.39986833e-02
2.35285554e-02
2.30582152e-02
2.25876663e-02
2.21169125e-02
2.16459557e-02
2.11748071e-02
2.07034647e-02
2.02319361e-02
1.97602231e-02
1.92883313e-02
1.88162662e-02
1.83440316e-02
1.78716332e-02
1.73990726e-02
1.69263575e-02
1.64534897e-02
1.59804728e-02
1.55073153e-02
1.50340190e-02
1.45605877e-02
1.40870269e-02
1.36133404e-02
1.31395329e-02
1.26656098e-02
1.21915760e-02
1.17174340e-02
1.12431888e-02
1.07688457e-02
1.02944076e-02
9.81988106e-03
9.34526883e-03
8.87057651e-03
8.39580689e-03
7.92096555e-03
7.44605763e-03
6.97108638e-03
6.49605691e-03
6.02097344e-03
5.54584013e-03
5.07066213e-03
4.59544361e-03
4.12018923e-03
3.64490342e-03
3.16959014e-03
2.69425428e-03
2.21890002e-03
1.74353202e-03
1.26815448e-03
7.92772276e-04
3.17389524e-04
-1.57989154e-04
-6.33359363e-04
-1.10871659e-03
-1.58405642e-03
-2.05937447e-03
-2.53466610e-03
-3.00992699e-03
-3.48515250e-03
-3.96033842e-03
-4.43548011e-03
-4.91057336e-03
-5.38561400e-03
-5.86059643e-03
-6.33551693e-03
-6.81037083e-03
-7.28515396e-03
-7.75986165e-03
-8.23448878e-03
-8.70903302e-03
-9.18348785e-03
-9.65785049e-03
-1.01321153e-02
-1.06062777e-02
-1.10803330e-02
-1.15542775e-02
-1.20281065e-02
-1.25018163e-02
-1.29754012e-02
-1.34488577e-02
-1.39221810e-02
-1.43953664e-02
-1.48684103e-02
-1.53413080e-02
-1.58140548e-02
-1.62866451e-02
-1.67590752e-02
-1.72313433e-02
-1.77034419e-02
-1.81753673e-02
-1.86471175e-02
-1.91186816e-02
-1.95900612e-02
-2.00612508e-02
-2.05322448e-02
-2.10030396e-02
-2.14736275e-02
-2.19440088e-02
-2.24141777e-02
-2.28841286e-02
-2.33538579e-02
-2.38233618e-02
-2.42926348e-02
-2.47616712e-02
-2.52304692e-02
-2.56990250e-02
-2.61673313e-02
-2.66353860e-02
-2.71031838e-02
-2.75707226e-02
-2.80379932e-02
-2.85049938e-02
-2.89717205e-02
-2.94381697e-02
-2.99043357e-02
-3.03702131e-02
-3.08357999e-02
-3.13010886e-02
-3.17660756e-02
-3.22307572e-02
-3.26951295e-02
-3.31591889e-02
-3.36229354e-02
-3.40863541e-02
-3.45494486e-02
-3.50122079e-02
-3.54746357e-02
-3.59367207e-02
-3.63984667e-02
-3.68598625e-02
-3.73209044e-02
-3.77815887e-02
-3.82419080e-02
-3.87018658e-02
-3.91614512e-02
-3.96206640e-02
-4.00795005e-02
-4.05379497e-02
-4.09960151e-02
-4.14536856e-02
-4.19109650e-02
-4.23678383e-02
-4.28243130e-02
-4.32803743e-02
-4.37360257e-02
-4.41912636e-02
-4.46460731e-02
-4.51004617e-02
-4.55544144e-02
-4.60079350e-02
-4.64610159e-02
-4.69136536e-02
-4.73658517e-02
-4.78175916e-02
-4.82688770e-02
-4.87197004e-02
-4.91700657e-02
-4.96199578e-02
-5.00693806e-02
-5.05183302e-02
-5.09667955e-02
-5.14147766e-02
-5.18622659e-02
-5.23092672e-02
-5.27557656e-02
-5.32017648e-02
-5.36472537e-02
-5.40922359e-02
-5.45367040e-02
-5.49806505e-02
-5.54240793e-02
-5.58669791e-02
-5.63093498e-02
-5.67511804e-02
-5.71924746e-02
-5.76332249e-02
-5.80734350e-02
-5.85130863e-02
-5.89521825e-02
-5.93907200e-02
-5.98286912e-02
-6.02660961e-02
-6.07029274e-02
-6.11391850e-02
-6.15748614e-02
-6.20099530e-02
-6.24444559e-02
-6.28783628e-02
-6.33116812e-02
-6.37443960e-02
-6.41765073e-02
-6.46080077e-02
-6.50388896e-02
-6.54691532e-02
-6.58987984e-02
-6.63278252e-02
-6.67562261e-02
-6.71839938e-02
-6.76111206e-02
-6.80376068e-02
-6.84634447e-02
-6.88886344e-02
-6.93131760e-02
-6.97370619e-02
-7.01602846e-02
-7.05828443e-02
-7.10047260e-02
-7.14259446e-02
-7.18464777e-02
-7.22663328e-02
-7.26855099e-02
-7.31039941e-02
-7.35217929e-02
-7.39388838e-02
-7.43552744e-02
-7.47709647e-02
-7.51859397e-02
-7.56002143e-02
-7.60137811e-02
-7.64266253e-02
-7.68387392e-02
-7.72501230e-02
-7.76607767e-02
-7.80706927e-02
-7.84798786e-02
-7.88883120e-02
-7.92960078e-02
-7.97029510e-02
-8.01091418e-02
-8.05145651e-02
-8.09192359e-02
-8.13231319e-02
-8.17262605e-02
-8.21286216e-02
-8.25302005e-02
-8.29309970e-02
-8.33310112e-02
-8.37302357e-02
-8.41286704e-02
-8.45263079e-02
-8.49231482e-02
-8.53191763e-02
-8.57144073e-02
-8.61088261e-02
-8.65024328e-02
-8.68952200e-02
-8.72871801e-02
-8.76783207e-02
-8.80686268e-02
-8.84581059e-02
-8.88467506e-02
-8.92345607e-02
-8.96215215e-02
-9.00076255e-02
-9.03928801e-02
-9.07772928e-02
-9.11608413e-02
-9.15435255e-02
-9.19253454e-02
-9.23063010e-02
-9.26863849e-02
-9.30655822e-02
-9.34439078e-02
-9.38213468e-02
-9.41979066e-02
-9.45735723e-02
-9.49483439e-02
-9.53222215e-02
-9.56952050e-02
-9.60672796e-02
-9.64384452e-02
-9.68087018e-02
-9.71780345e-02
-9.75464582e-02
-9.79139656e-02
-9.82805416e-02
-9.86462012e-02
-9.90109220e-02
-9.93747041e-02
-9.97375473e-02
-1.00099444e-01
-1.00460403e-01
-1.00820407e-01
-1.01179466e-01
-1.01537578e-01
-1.01894736e-01
-1.02250934e-01
-1.02606155e-01
-1.02960408e-01
-1.03313684e-01
-1.03665978e-01
-1.04017287e-01
-1.04367621e-01
-1.04716972e-01
-1.05065338e-01
-1.05412714e-01
-1.05759092e-01
-1.06104471e-01
-1.06448852e-01
-1.06792226e-01
-1.07134596e-01
-1.07475944e-01
-1.07816279e-01
-1.08155608e-01
-1.08493909e-01
-1.08831182e-01
-1.09167434e-01
-1.09502666e-01
-1.09836854e-01
-1.10170007e-01
-1.10502124e-01
-1.10833198e-01
-1.11163221e-01
-1.11492202e-01
-1.11820124e-01
-1.12147003e-01
-1.12472802e-01
-1.12797558e-01
-1.13121241e-01
-1.13443866e-01
-1.13765411e-01
-1.14085890e-01
-1.14405297e-01
-1.14723623e-01
-1.15040861e-01
-1.15357012e-01
-1.15672074e-01
-1.15986049e-01
-1.16298921e-01
-1.16610713e-01
-1.16921395e-01
-1.17230982e-01
-1.17539458e-01
-1.17846824e-01
-1.18153088e-01
-1.18458234e-01
-1.18762262e-01
-1.19065166e-01
-1.19366951e-01
-1.19667612e-01
-1.19967140e-01
-1.20265543e-01
-1.20562814e-01
-1.20858945e-01
-1.21153943e-01
-1.21447794e-01
-1.21740498e-01
-1.22032046e-01
-1.22322455e-01
-1.22611709e-01
-1.22899815e-01
-1.23186752e-01
-1.23472534e-01
-1.23757154e-01
-1.24040604e-01
-1.24322891e-01
-1.24604002e-01
-1.24883935e-01
-1.25162706e-01
-1.25440285e-01
-1.25716701e-01
-1.25991926e-01
-1.26265958e-01
-1.26538813e-01
-1.26810491e-01
-1.27080992e-01
-1.27350301e-01
-1.27618402e-01
-1.27885297e-01
-1.28150970e-01
-1.28415450e-01
-1.28678709e-01
-1.28940746e-01
-1.29201561e-01
-1.29461169e-01
-1.29719540e-01
-1.29976690e-01
-1.30232602e-01
-1.30487323e-01
-1.30740792e-01
-1.30993038e-01
-1.31244034e-01
-1.31493807e-01
-1.31742328e-01
-1.31989628e-01
-1.32235676e-01
-1.32480487e-01
-1.32724062e-01
-1.32966369e-01
-1.33207440e-01
-1.33447260e-01
-1.33685827e-01
-1.33923143e-01
-1.34159207e-01
-1.34394005e-01
-1.34627536e-01
-1.34859800e-01
-1.35090783e-01
-1.35320485e-01
-1.35548905e-01
-1.35776073e-01
-1.36001959e-01
-1.36226565e-01
-1.36449873e-01
-1.36671916e-01
-1.36892661e-01
-1.37112126e-01
-1.37330279e-01
-1.37547150e-01
-1.37762710e-01
-1.37976989e-01
-1.38189971e-01
-1.38401657e-01
-1.38612032e-01
-1.38821125e-01
-1.39028907e-01
-1.39235377e-01
-1.39440522e-01
-1.39644355e-01
-1.39846891e-01
-1.40048116e-01
-1.40248030e-01
-1.40446633e-01
-1.40643924e-01
-1.40839875e-01
-1.41034484e-01
-1.41227737e-01
-1.41419664e-01
-1.41610235e-01
-1.41799480e-01
-1.41987383e-01
-1.42173946e-01
-1.42359152e-01
-1.42543033e-01
-1.42725572e-01
-1.42906755e-01
-1.43086612e-01
-1.43265113e-01
-1.43442273e-01
-1.43618092e-01
-1.43792555e-01
-1.43965662e-01
-1.44137427e-01
-1.44307807e-01
-1.44476861e-01
-1.44644544e-01
-1.44810870e-01
-1.44975826e-01
-1.45139426e-01
-1.45301685e-01
-1.45462558e-01
-1.45622075e-01
-1.45780206e-01
-1.45936966e-01
-1.46092355e-01
-1.46246389e-01
-1.46399051e-01
-1.46550328e-01
-1.46700248e-01
-1.46848783e-01
-1.46995962e-01
-1.47141755e-01
-1.47286162e-01
-1.47429183e-01
-1.47570804e-01
-1.47711053e-01
-1.47849917e-01
-1.47987366e-01
-1.48123428e-01
-1.48258090e-01
-1.48391351e-01
-1.48523211e-01
-1.48653671e-01
-1.48782715e-01
-1.48910388e-01
-1.49036646e-01
-1.49161503e-01
-1.49284959e-01
-1.49407014e-01
-1.49527684e-01
-1.49646938e-01
-1.49764791e-01
-1.49881244e-01
-1.49996296e-01
-1.50109917e-01
-1.50222152e-01
-1.50332958e-01
-1.50442362e-01
-1.50550336e-01
-1.50656924e-01
-1.50762081e-01
-1.50865838e-01
-1.50968164e-01
-1.51069075e-01
-1.51168585e-01
-1.51266664e-01
-1.51363328e-01
-1.51458576e-01
-1.51552409e-01
-1.51644826e-01
-1.51735827e-01
-1.51825398e-01
-1.51913553e-01
-1.52000278e-01
-1.52085602e-01
-1.52169496e-01
-1.52251989e-01
-1.52333066e-01
-1.52412727e-01
-1.52490944e-01
-1.52567744e-01
-1.52643129e-01
-1.52717099e-01
-1.52789652e-01
-1.52860776e-01
-1.52930483e-01
-1.52998775e-01
-1.53065652e-01
-1.53131098e-01
-1.53195113e-01
-1.53257713e-01
-1.53318897e-01
-1.53378665e-01
-1.53436974e-01
-1.53493807e-01
-1.53549165e-01
-1.53603062e-01
-1.53655514e-01
-1.53706506e-01
-1.53756037e-01
-1.53804094e-01
-1.53850690e-01
-1.53895810e-01
-1.53939471e-01
-1.53981656e-01
-1.54022381e-01
-1.54061645e-01
-1.54099450e-01
-1.54135808e-01
-1.54170707e-01
-1.54204145e-01
-1.54236108e-01
-1.54266611e-01
-1.54295638e-01
-1.54323205e-01
-1.54349297e-01
-1.54373929e-01
-1.54397100e-01
-1.54418811e-01
-1.54439077e-01
-1.54457882e-01
-1.54475227e-01
-1.54491097e-01
-1.54505506e-01
-1.54518440e-01
-1.54529914e-01
-1.54539913e-01
-1.54548451e-01
-1.54555529e-01
-1.54561147e-01
-1.54565319e-01
-1.54568031e-01
-1.54569283e-01
-1.54569060e-01
-1.54567376e-01
-1.54564217e-01
-1.54559597e-01
-1.54553503e-01
-1.54545948e-01
-1.54536933e-01
-1.54526457e-01
-1.54514536e-01
-1.54501155e-01
-1.54486313e-01
-1.54469997e-01
-1.54452220e-01
-1.54432967e-01
-1.54412255e-01
-1.54390067e-01
-1.54366419e-01
-1.54341310e-01
-1.54314741e-01
-1.54286727e-01
-1.54257253e-01
-1.54226318e-01
-1.54193908e-01
-1.54160038e-01
-1.54124692e-01
-1.54087886e-01
-1.54049605e-01
-1.54009864e-01
-1.53968662e-01
-1.53926000e-01
-1.53881893e-01
-1.53836325e-01
-1.53789297e-01
-1.53740793e-01
-1.53690815e-01
-1.53639376e-01
-1.53586477e-01
-1.53532133e-01
-1.53476357e-01
-1.53419137e-01
-1.53360486e-01
-1.53300419e-01
-1.53238937e-01
-1.53176039e-01
-1.53111726e-01
-1.53045982e-01
-1.52978823e-01
-1.52910247e-01
-1.52840257e-01
-1.52768850e-01
-1.52695999e-01
-1.52621746e-01
-1.52546078e-01
-1.52469009e-01
-1.52390495e-01
-1.52310565e-01
-1.52229205e-01
-1.52146459e-01
-1.52062267e-01
-1.51976675e-01
-1.51889682e-01
-1.51801243e-01
-1.51711389e-01
-1.51620120e-01
-1.51527449e-01
-1.51433349e-01
-1.51337847e-01
-1.51240915e-01
-1.51142567e-01
-1.51042804e-01
-1.50941610e-01
-1.50839016e-01
-1.50735006e-01
-1.50629580e-01
-1.50522754e-01
-1.50414526e-01
-1.50304869e-01
-1.50193825e-01
-1.50081366e-01
-1.49967492e-01
-1.49852231e-01
-1.49735570e-01
-1.49617493e-01
-1.49498031e-01
-1.49377167e-01
-1.49254888e-01
-1.49131224e-01
-1.49006143e-01
-1.48879692e-01
-1.48751825e-01
-1.48622558e-01
-1.48491889e-01
-1.48359820e-01
-1.48226365e-01
-1.48091525e-01
-1.47955284e-01
-1.47817656e-01
-1.47678643e-01
-1.47538245e-01
-1.47396475e-01
-1.47253320e-01
-1.47108808e-01
-1.46962926e-01
-1.46815658e-01
-1.46667019e-01
-1.46517009e-01
-1.46365628e-01
-1.46212891e-01
-1.46058783e-01
-1.45903304e-01
-1.45746469e-01
-1.45588264e-01
-1.45428702e-01
-1.45267785e-01
-1.45105496e-01
-1.44941851e-01
-1.44776851e-01
-1.44610494e-01
-1.44442797e-01
-1.44273743e-01
-1.44103318e-01
-1.43931568e-01
-1.43758446e-01
-1.43583998e-01
-1.43408209e-01
-1.43231064e-01
-1.43052593e-01
-1.42872766e-01
-1.42691612e-01
-1.42509118e-01
-1.42325267e-01
-1.42140076e-01
-1.41953543e-01
-1.41765684e-01
-1.41576469e-01
-1.41385928e-01
-1.41194060e-01
-1.41000867e-01
-1.40806362e-01
-1.40610531e-01
-1.40413389e-01
-1.40214950e-01
-1.40015200e-01
-1.39814124e-01
-1.39611751e-01
-1.39408082e-01
-1.39203101e-01
-1.38996810e-01
-1.38789251e-01
-1.38580367e-01
-1.38370201e-01
-1.38158724e-01
-1.37945965e-01
-1.37731895e-01
-1.37516558e-01
-1.37299910e-01
-1.37081996e-01
-1.36862785e-01
-1.36642307e-01
-1.36420548e-01
-1.36197492e-01
-1.35973185e-01
-1.35747597e-01
-1.35520726e-01
-1.35292605e-01
-1.35063201e-01
-1.34832531e-01
-1.34600610e-01
-1.34367436e-01
-1.34133011e-01
-1.33897334e-01
-1.33660406e-01
-1.33422241e-01
-1.33182809e-01
-1.32942155e-01
-1.32700250e-01
-1.32457107e-01
-1.32212728e-01
-1.31967112e-01
-1.31720275e-01
-1.31472185e-01
-1.31222889e-01
-1.30972356e-01
-1.30720600e-01
-1.30467623e-01
-1.30213425e-01
-1.29958004e-01
-1.29701346e-01
-1.29443496e-01
-1.29184425e-01
-1.28924131e-01
-1.28662616e-01
-1.28399894e-01
-1.28135979e-01
-1.27870888e-01
-1.27604604e-01
-1.27337143e-01
-1.27068490e-01
-1.26798660e-01
-1.26527652e-01
-1.26255453e-01
-1.25982091e-01
-1.25707537e-01
-1.25431821e-01
-1.25154927e-01
-1.24876879e-01
-1.24597654e-01
-1.24317273e-01
-1.24035724e-01
-1.23753019e-01
-1.23469159e-01
-1.23184152e-01
-1.22897990e-01
-1.22610688e-01
-1.22322232e-01
-1.22032635e-01
-1.21741906e-01
-1.21450029e-01
-1.21157028e-01
-1.20862886e-01
-1.20567627e-01
-1.20271228e-01
-1.19973712e-01
-1.19675077e-01
-1.19375333e-01
-1.19074464e-01
-1.18772484e-01
-1.18469402e-01
-1.18165217e-01
-1.17859930e-01
-1.17553540e-01
-1.17246062e-01
-1.16937488e-01
-1.16627820e-01
-1.16317056e-01
-1.16005205e-01
-1.15692280e-01
-1.15378283e-01
-1.15063198e-01
-1.14747047e-01
-1.14429824e-01
-1.14111535e-01
-1.13792174e-01
-1.13471761e-01
-1.13150291e-01
-1.12827763e-01
-1.12504184e-01
-1.12179562e-01
-1.11853883e-01
-1.11527167e-01
-1.11199409e-01
-1.10870615e-01
-1.10540792e-01
-1.10209934e-01
-1.09878056e-01
-1.09545149e-01
-1.09211221e-01
-1.08876280e-01
-1.08540334e-01
-1.08203359e-01
-1.07865393e-01
-1.07526414e-01
-1.07186437e-01
-1.06845453e-01
-1.06503479e-01
-1.06160514e-01
-1.05816565e-01
-1.05471626e-01
-1.05125703e-01
-1.04778811e-01
-1.04430936e-01
-1.04082093e-01
-1.03732266e-01
-1.03381462e-01
-1.03029706e-01
-1.02676988e-01
-1.02323323e-01
-1.01968713e-01
-1.01613149e-01
-1.01256654e-01
-1.00899205e-01
-1.00540824e-01
-1.00181505e-01
-9.98212621e-02
-9.94600877e-02
-9.90979895e-02
-9.87349749e-02
-9.83710438e-02
-9.80061963e-02
-9.76404399e-02
-9.72737744e-02
-9.69062001e-02
-9.65377241e-02
-9.61683616e-02
-9.57980976e-02
-9.54269469e-02
-9.50549170e-02
-9.46819931e-02
-9.43081975e-02
-9.39335227e-02
-9.35579687e-02
-9.31815505e-02
-9.28042755e-02
-9.24261287e-02
-9.20471326e-02
-9.16672871e-02
-9.12865847e-02
-9.09050256e-02
-9.05226171e-02
-9.01393741e-02
-8.97553042e-02
-8.93703997e-02
-8.89846683e-02
-8.85981098e-02
-8.82107317e-02
-8.78225267e-02
-8.74335095e-02
-8.70436877e-02
-8.66530538e-02
-8.62616226e-02
-8.58693942e-02
-8.54763761e-02
-8.50825533e-02
-8.46879482e-02
-8.42925534e-02
-8.38963762e-02
-8.34994316e-02
-8.31017047e-02
-8.27032179e-02
-8.23039562e-02
-8.19039419e-02
-8.15031603e-02
-8.11016262e-02
-8.06993395e-02
-8.02963004e-02
-7.98925310e-02
-7.94880241e-02
-7.90827796e-02
-7.86767974e-02
-7.82700926e-02
-7.78626576e-02
-7.74545074e-02
-7.70456493e-02
-7.66360685e-02
-7.62257874e-02
-7.58147985e-02
-7.54031092e-02
-7.49907270e-02
-7.45776445e-02
-7.41638765e-02
-7.37494305e-02
-7.33343065e-02
-7.29184970e-02
-7.25020245e-02
-7.20848739e-02
-7.16670528e-02
-7.12485760e-02
-7.08294436e-02
-7.04096630e-02
-6.99892342e-02
-6.95681572e-02
-6.91464394e-02
-6.87240809e-02
-6.83010891e-02
-6.78774714e-02
-6.74532279e-02
-6.70283586e-02
-6.66028857e-02
-6.61767870e-02
-6.57500923e-02
-6.53227791e-02
-6.48948699e-02
-6.44663647e-02
-6.40372708e-02
-6.36075810e-02
-6.31773248e-02
-6.27464727e-02
-6.23150505e-02
-6.18830509e-02
-6.14504851e-02
-6.10173531e-02
-6.05836585e-02
-6.01494126e-02
-5.97146116e-02
-5.92792667e-02
-5.88433780e-02
-5.84069490e-02
-5.79699874e-02
-5.75324968e-02
-5.70944771e-02
-5.66559359e-02
-5.62168770e-02
-5.57773001e-02
-5.53372130e-02
-5.48966229e-02
-5.44555262e-02
-5.40139377e-02
-5.35718501e-02
-5.31292781e-02
-5.26862144e-02
-5.22426739e-02
-5.17986603e-02
-5.13541736e-02
-5.09092174e-02
-5.04637957e-02
-5.00179157e-02
-4.95715812e-02
-4.91247922e-02
-4.86775599e-02
-4.82298806e-02
-4.77817692e-02
-4.73332182e-02
-4.68842387e-02
-4.64348346e-02
-4.59850058e-02
-4.55347635e-02
-4.50841039e-02
-4.46330383e-02
-4.41815704e-02
-4.37297001e-02
-4.32774350e-02
-4.28247750e-02
-4.23717313e-02
-4.19183075e-02
-4.14645001e-02
-4.10103202e-02
-4.05557714e-02
-4.01008539e-02
-3.96455750e-02
-3.91899385e-02
-3.87339517e-02
-3.82776149e-02
-3.78209390e-02
-3.73639166e-02
-3.69065627e-02
-3.64488736e-02
-3.59908603e-02
-3.55325229e-02
-3.50738689e-02
-3.46148983e-02
-3.41556221e-02
-3.36960368e-02
-3.32361534e-02
-3.27759758e-02
-3.23155038e-02
-3.18547450e-02
-3.13937031e-02
-3.09323836e-02
-3.04707885e-02
-3.00089233e-02
-2.95467954e-02
-2.90844031e-02
-2.86217555e-02
-2.81588547e-02
-2.76957061e-02
-2.72323154e-02
-2.67686825e-02
-2.63048168e-02
-2.58407183e-02
-2.53763944e-02
-2.49118470e-02
-2.44470853e-02
-2.39821095e-02
-2.35169269e-02
-2.30515376e-02
-2.25859489e-02
-2.21201628e-02
-2.16541905e-02
-2.11880300e-02
-2.07216889e-02
-2.02551689e-02
-1.97884757e-02
-1.93216112e-02
-1.88545845e-02
-1.83873978e-02
-1.79200564e-02
-1.74525622e-02
-1.69849228e-02
-1.65171400e-02
-1.60492212e-02
-1.55811673e-02
-1.51129868e-02
-1.46446815e-02
-1.41762542e-02
-1.37077123e-02
-1.32390605e-02
-1.27703007e-02
-1.23014394e-02
-1.18324803e-02
-1.13634272e-02
-1.08942855e-02
-1.04250591e-02
-9.95575264e-03
-9.48637072e-03
-9.01691709e-03
-8.54739826e-03
-8.07781611e-03
-7.60817714e-03
-7.13848043e-03
-6.66875206e-03
-6.19892497e-03
-5.72923105e-03
-5.25895134e-03
-4.79038944e-03
-4.31624800e-03
-3.85970855e-03
-3.34719801e-03
-3.01220617e-03
-2.11517746e-03
-3.06951511e-03
-5.96046448e-08
5.96046448e-08
3.06951511e-03
