7.04093662e-04
1.45873229e-03
2.21698661e-03
2.97548086e-03
3.73396580e-03
4.49241698e-03
5.25082648e-03
6.00918708e-03
6.76749088e-03
7.52573134e-03
8.28390196e-03
9.04199388e-03
9.80000291e-03
1.05579188e-02
1.13157369e-02
1.20734489e-02
1.28310472e-02
1.35885254e-02
1.43458769e-02
1.51030933e-02
1.58601683e-02
1.66170951e-02
1.73738673e-02
1.81304794e-02
1.88869201e-02
1.96431857e-02
2.03992650e-02
2.11551543e-02
2.19108462e-02
2.26663314e-02
2.34216060e-02
2.41766609e-02
2.49314886e-02
2.56860815e-02
2.64404342e-02
2.71945391e-02
2.79483907e-02
2.87019797e-02
2.94553004e-02
3.02083474e-02
3.09611093e-02
3.17135826e-02
3.24657597e-02
3.32176350e-02
3.39691937e-02
3.47204395e-02
3.54713574e-02
3.62219438e-02
3.69721875e-02
3.77220884e-02
3.84716354e-02
3.92208248e-02
3.99696454e-02
4.07180935e-02
4.14661616e-02
4.22138423e-02
4.29611243e-02
4.37080078e-02
4.44544815e-02
4.52005416e-02
4.59461771e-02
4.66913804e-02
4.74361479e-02
4.81804684e-02
4.89243381e-02
4.96677496e-02
5.04106954e-02
5.11531718e-02
5.18951677e-02
5.26366830e-02
5.33777066e-02
5.41182272e-02
5.48582412e-02
5.55977412e-02
5.63367195e-02
5.70751727e-02
5.78130893e-02
5.85504659e-02
5.92872985e-02
6.00235723e-02
6.07592911e-02
6.14944324e-02
6.22290038e-02
6.29629865e-02
6.36963844e-02
6.44291937e-02
6.51613921e-02
6.58929721e-02
6.66239485e-02
6.73542991e-02
6.80840164e-02
6.88131005e-02
6.95415437e-02
7.02693313e-02
7.09964707e-02
7.17229396e-02
7.24487379e-02
7.31738582e-02
7.38982931e-02
7.46220350e-02
7.53450766e-02
7.60674104e-02
7.67890364e-02
7.75099471e-02
7.82301277e-02
7.89495707e-02
7.96682835e-02
8.03862512e-02
8.11034590e-02
8.18199068e-02
8.25355873e-02
8.32505077e-02
8.39646459e-02
8.46779943e-02
8.53905529e-02
8.61023143e-02
8.68132710e-02
8.75234157e-02
8.82327408e-02
8.89412314e-02
8.96488950e-02
9.03557166e-02
9.10616964e-02
9.17668194e-02
9.24710929e-02
9.31744948e-02
9.38770249e-02
9.45786759e-02
9.52794328e-02
9.59793106e-02
9.66782793e-02
9.73763540e-02
9.80735123e-02
9.87697542e-02
9.94650722e-02
1.00159459e-01
1.00852899e-01
1.01545401e-01
1.02236956e-01
1.02927566e-01
1.03617206e-01
1.04305871e-01
1.04993552e-01
1.05680257e-01
1.06365971e-01
1.07050687e-01
1.07734412e-01
1.08417124e-01
1.09098829e-01
1.09779499e-01
1.10459156e-01
1.11137770e-01
1.11815348e-01
1.12491883e-01
1.13167360e-01
1.13841780e-01
1.14515133e-01
1.15187414e-01
1.15858622e-01
1.16528735e-01
1.17197767e-01
1.17865689e-01
1.18532524e-01
1.19198233e-01
1.19862840e-01
1.20526314e-01
1.21188663e-01
1.21849880e-01
1.22509949e-01
1.23168886e-01
1.23826660e-01
1.24483272e-01
1.25138730e-01
1.25793010e-01
1.26446128e-01
1.27098054e-01
1.27748802e-01
1.28398359e-01
1.29046723e-01
1.29693866e-01
1.30339786e-01
1.30984485e-01
1.31627977e-01
1.32270217e-01
1.32911220e-01
1.33551002e-01
1.34189516e-01
1.34826794e-01
1.35462806e-01
1.36097535e-01
1.36730984e-01
1.37363166e-01
1.37994051e-01
1.38623655e-01
1.39251962e-01
1.39878958e-01
1.40504658e-01
1.41129047e-01
1.41752109e-01
1.42373845e-01
1.42994240e-01
1.43613279e-01
1.44230977e-01
1.44847348e-01
1.45462349e-01
1.46075994e-01
1.46688253e-01
1.47299156e-01
1.47908688e-01
1.48516834e-01
1.49123579e-01
1.49728939e-01
1.50332883e-01
1.50935426e-01
1.51536569e-01
1.52136281e-01
1.52734593e-01
1.53331459e-01
1.53926909e-01
1.54520914e-01
1.55113474e-01
1.55704573e-01
1.56294212e-01
1.56882390e-01
1.57469094e-01
1.58054322e-01
1.58638075e-01
1.59220338e-01
1.59801126e-01
1.60380408e-01
1.60958201e-01
1.61534473e-01
1.62109241e-01
1.62682489e-01
1.63254216e-01
1.63824409e-01
1.64393067e-01
1.64960191e-01
1.65525764e-01
1.66089803e-01
1.66652277e-01
1.67213202e-01
1.67772561e-01
1.68330342e-01
1.68886527e-01
1.69441149e-01
1.69994175e-01
1.70545623e-01
1.71095461e-01
1.71643704e-01
1.72190338e-01
1.72735363e-01
1.73278779e-01
1.73820570e-01
1.74360737e-01
1.74899265e-01
1.75436154e-01
1.75971404e-01
1.76504999e-01
1.77036941e-01
1.77567214e-01
1.78095847e-01
1.78622812e-01
1.79148123e-01
1.79671764e-01
1.80193722e-01
1.80713981e-01
1.81232557e-01
1.81749418e-01
1.82264596e-01
1.82778046e-01
1.83289796e-01
1.83799818e-01
1.84308127e-01
1.84814721e-01
1.85319588e-01
1.85822725e-01
1.86324134e-01
1.86823785e-01
1.87321678e-01
1.87817827e-01
1.88312218e-01
1.88804835e-01
1.89295694e-01
1.89784780e-01
1.90272093e-01
1.90757617e-01
1.91241354e-01
1.91723317e-01
1.92203477e-01
1.92681849e-01
1.93158418e-01
1.93633184e-01
1.94106117e-01
1.94577232e-01
1.95046544e-01
1.95514008e-01
1.95979655e-01
1.96443453e-01
1.96905419e-01
1.97365552e-01
1.97823822e-01
1.98280260e-01
1.98734850e-01
1.99187577e-01
1.99638441e-01
2.00087428e-01
2.00534537e-01
2.00979769e-01
2.01423138e-01
2.01864630e-01
2.02304214e-01
2.02741936e-01
2.03177750e-01
2.03611672e-01
2.04043701e-01
2.04473808e-01
2.04902023e-01
2.05328330e-01
2.05752730e-01
2.06175193e-01
2.06595719e-01
2.07014278e-01
2.07430884e-01
2.07845539e-01
2.08258241e-01
2.08669007e-01
2.09077805e-01
2.09484652e-01
2.09889546e-01
2.10292444e-01
2.10693404e-01
2.11092383e-01
2.11489409e-01
2.11884439e-01
2.12277487e-01
2.12668538e-01
2.13057622e-01
2.13444695e-01
2.13829771e-01
2.14212850e-01
2.14593947e-01
2.14973018e-01
2.15350077e-01
2.15725109e-01
2.16098145e-01
2.16469139e-01
2.16838121e-01
2.17205063e-01
2.17569962e-01
2.17932835e-01
2.18293682e-01
2.18652472e-01
2.19009236e-01
2.19363928e-01
2.19716564e-01
2.20067158e-01
2.20415682e-01
2.20762134e-01
2.21106544e-01
2.21448869e-01
2.21789122e-01
2.22127318e-01
2.22463414e-01
2.22797439e-01
2.23129377e-01
2.23459214e-01
2.23786965e-01
2.24112630e-01
2.24436194e-01
2.24757642e-01
2.25076988e-01
2.25394234e-01
2.25709379e-01
2.26022407e-01
2.26333320e-01
2.26642102e-01
2.26948768e-01
2.27253303e-01
2.27555692e-01
2.27855965e-01
2.28154108e-01
2.28450119e-01
2.28743985e-01
2.29035720e-01
2.29325294e-01
2.29612738e-01
2.29898021e-01
2.30181158e-01
2.30462164e-01
2.30741009e-01
2.31017709e-01
2.31292263e-01
2.31564611e-01
2.31834814e-01
2.32102796e-01
2.32368618e-01
2.32632250e-01
2.32893705e-01
2.33152986e-01
2.33410075e-01
2.33664975e-01
2.33917683e-01
2.34168202e-01
2.34416544e-01
2.34662682e-01
2.34906644e-01
2.35148400e-01
2.35387936e-01
2.35625297e-01
2.35860437e-01
2.36093357e-01
2.36324087e-01
2.36552581e-01
2.36778885e-01
2.37002954e-01
2.37224817e-01
2.37444460e-01
2.37661868e-01
2.37877071e-01
2.38090038e-01
2.38300771e-01
2.38509253e-01
2.38715529e-01
2.38919556e-01
2.39121363e-01
2.39320949e-01
2.39518285e-01
2.39713401e-01
2.39906237e-01
2.40096822e-01
2.40285173e-01
2.40471259e-01
2.40655079e-01
2.40836650e-01
2.41015971e-01
2.41193026e-01
2.41367817e-01
2.41540357e-01
2.41710633e-01
2.41878659e-01
2.42044404e-01
2.42207870e-01
2.42369086e-01
2.42528021e-01
2.42684692e-01
2.42839098e-01
2.42991209e-01
2.43141040e-01
2.43288592e-01
2.43433863e-01
2.43576869e-01
2.43717596e-01
2.43856028e-01
2.43992180e-01
2.44126052e-01
2.44257629e-01
2.44386911e-01
2.44513899e-01
2.44638607e-01
2.44761020e-01
2.44881138e-01
2.44998947e-01
2.45114475e-01
2.45227709e-01
2.45338649e-01
2.45447278e-01
2.45553613e-01
2.45657668e-01
2.45759413e-01
2.45858863e-01
2.45956004e-01
2.46050864e-01
2.46143401e-01
2.46233642e-01
2.46321574e-01
2.46407211e-01
2.46490523e-01
2.46571541e-01
2.46650219e-01
2.46726602e-01
2.46800661e-01
2.46872410e-01
2.46941835e-01
2.47008935e-01
2.47073740e-01
2.47136235e-01
2.47196406e-01
2.47254252e-01
2.47309804e-01
2.47363016e-01
2.47413933e-01
2.47462526e-01
2.47508809e-01
2.47552752e-01
2.47594401e-01
2.47633711e-01
2.47670695e-01
2.47705370e-01
2.47737736e-01
2.47767761e-01
2.47795478e-01
2.47820854e-01
2.47843921e-01
2.47864649e-01
2.47883052e-01
2.47899145e-01
2.47912899e-01
2.47924343e-01
2.47933447e-01
2.47940242e-01
2.47944698e-01
2.47946844e-01
2.47946650e-01
2.47944131e-01
2.47939289e-01
2.47932136e-01
2.47922644e-01
2.47910842e-01
2.47896701e-01
2.47880235e-01
2.47861460e-01
2.47840360e-01
2.47816935e-01
2.47791201e-01
2.47763142e-01
2.47732759e-01
2.47700050e-01
2.47665033e-01
2.47627676e-01
2.47588024e-01
2.47546047e-01
2.47501731e-01
2.47455105e-01
2.47406170e-01
2.47354910e-01
2.47301325e-01
2.47245431e-01
2.47187227e-01
2.47126698e-01
2.47063860e-01
2.46998727e-01
2.46931270e-01
2.46861488e-01
2.46789381e-01
2.46714950e-01
2.46638224e-01
2.46559188e-01
2.46477842e-01
2.46394172e-01
2.46308208e-01
2.46219918e-01
2.46129319e-01
2.46036440e-01
2.45941266e-01
2.45843783e-01
2.45743990e-01
2.45641917e-01
2.45537519e-01
2.45430842e-01
2.45321840e-01
2.45210573e-01
2.45096982e-01
2.44981125e-01
2.44862959e-01
2.44742498e-01
2.44619757e-01
2.44494691e-01
2.44367361e-01
2.44237706e-01
2.44105801e-01
2.43971586e-01
2.43835077e-01
2.43696287e-01
2.43555233e-01
2.43411914e-01
2.43266284e-01
2.43118390e-01
2.42968202e-01
2.42815748e-01
2.42660999e-01
2.42504001e-01
2.42344722e-01
2.42183164e-01
2.42019355e-01
2.41853282e-01
2.41684929e-01
2.41514325e-01
2.41341442e-01
2.41166309e-01
2.40988925e-01
2.40809262e-01
2.40627363e-01
2.40443215e-01
2.40256816e-01
2.40068138e-01
2.39877224e-01
2.39684060e-01
2.39488661e-01
2.39290997e-01
2.39091083e-01
2.38888934e-01
2.38684580e-01
2.38478005e-01
2.38269180e-01
2.38058135e-01
2.37844855e-01
2.37629339e-01
2.37411603e-01
2.37191647e-01
2.36969471e-01
2.36745074e-01
2.36518472e-01
2.36289635e-01
2.36058608e-01
2.35825360e-01
2.35589921e-01
2.35352263e-01
2.35112399e-01
2.34870344e-01
2.34626099e-01
2.34379649e-01
2.34131008e-01
2.33880162e-01
2.33627141e-01
2.33371913e-01
2.33114496e-01
2.32854918e-01
2.32593149e-01
2.32329205e-01
2.32063070e-01
2.31794775e-01
2.31524304e-01
2.31251642e-01
2.30976805e-01
2.30699822e-01
2.30420694e-01
2.30139419e-01
2.29855999e-01
2.29570433e-01
2.29282707e-01
2.28992850e-01
2.28700832e-01
2.28406668e-01
2.28110373e-01
2.27811962e-01
2.27511391e-01
2.27208719e-01
2.26903901e-01
2.26596981e-01
2.26287916e-01
2.25976750e-01
2.25663468e-01
2.25348070e-01
2.25030556e-01
2.24710941e-01
2.24389210e-01
2.24065378e-01
2.23739460e-01
2.23411441e-01
2.23081350e-01
2.22749159e-01
2.22414881e-01
2.22078532e-01
2.21740097e-01
2.21399590e-01
2.21057028e-01
2.20712379e-01
2.20365688e-01
2.20016912e-01
2.19666094e-01
2.19313204e-01
2.18958288e-01
2.18601301e-01
2.18242273e-01
2.17881218e-01
2.17518106e-01
2.17152968e-01
2.16785803e-01
2.16416612e-01
2.16045380e-01
2.15672150e-01
2.15296894e-01
2.14919627e-01
2.14540333e-01
2.14159057e-01
2.13775754e-01
2.13390470e-01
2.13003173e-01
2.12613881e-01
2.12222606e-01
2.11829349e-01
2.11434126e-01
2.11036935e-01
2.10637748e-01
2.10236609e-01
2.09833518e-01
2.09428445e-01
2.09021404e-01
2.08612427e-01
2.08201483e-01
2.07788587e-01
2.07373723e-01
2.06956923e-01
2.06538171e-01
2.06117466e-01
2.05694839e-01
2.05270275e-01
2.04843804e-01
2.04415441e-01
2.03985170e-01
2.03553021e-01
2.03118965e-01
2.02683002e-01
2.02245161e-01
2.01805443e-01
2.01363817e-01
2.00920314e-01
2.00474933e-01
2.00027674e-01
1.99578539e-01
1.99127540e-01
1.98674679e-01
1.98219970e-01
1.97763428e-01
1.97305024e-01
1.96844786e-01
1.96382716e-01
1.95918784e-01
1.95453048e-01
1.94985464e-01
1.94516063e-01
1.94044858e-01
1.93571821e-01
1.93096966e-01
1.92620307e-01
1.92141861e-01
1.91661611e-01
1.91179588e-01
1.90695778e-01
1.90210164e-01
1.89722791e-01
1.89233646e-01
1.88742712e-01
1.88250035e-01
1.87755585e-01
1.87259376e-01
1.86761409e-01
1.86261699e-01
1.85760245e-01
1.85257077e-01
1.84752166e-01
1.84245542e-01
1.83737189e-01
1.83227137e-01
1.82715356e-01
1.82201892e-01
1.81686699e-01
1.81169808e-01
1.80651218e-01
1.80130944e-01
1.79608971e-01
1.79085329e-01
1.78560033e-01
1.78033069e-01
1.77504435e-01
1.76974162e-01
1.76442221e-01
1.75908640e-01
1.75373420e-01
1.74836546e-01
1.74298033e-01
1.73757881e-01
1.73216105e-01
1.72672719e-01
1.72127724e-01
1.71581119e-01
1.71032906e-01
1.70483112e-01
1.69931710e-01
1.69378743e-01
1.68824166e-01
1.68268025e-01
1.67710304e-01
1.67151004e-01
1.66590154e-01
1.66027755e-01
1.65463790e-01
1.64898291e-01
1.64331242e-01
1.63762674e-01
1.63192570e-01
1.62620932e-01
1.62047789e-01
1.61473110e-01
1.60896942e-01
1.60319269e-01
1.59740105e-01
1.59159437e-01
1.58577293e-01
1.57993674e-01
1.57408550e-01
1.56821981e-01
1.56233922e-01
1.55644417e-01
1.55053452e-01
1.54461026e-01
1.53867140e-01
1.53271839e-01
1.52675122e-01
1.52077004e-01
1.51477441e-01
1.50876477e-01
1.50274098e-01
1.49670333e-01
1.49065167e-01
1.48458600e-01
1.47850648e-01
1.47241309e-01
1.46630615e-01
1.46018535e-01
1.45405114e-01
1.44790307e-01
1.44174159e-01
1.43556669e-01
1.42937839e-01
1.42317668e-01
1.41696155e-01
1.41073316e-01
1.40449166e-01
1.39823720e-01
1.39196962e-01
1.38568908e-01
1.37939557e-01
1.37308925e-01
1.36676997e-01
1.36043802e-01
1.35409325e-01
1.34773582e-01
1.34136587e-01
1.33498356e-01
1.32858872e-01
1.32218152e-01
1.31576195e-01
1.30933002e-01
1.30288601e-01
1.29642963e-01
1.28996134e-01
1.28348097e-01
1.27698854e-01
1.27048433e-01
1.26396820e-01
1.25744045e-01
1.25090092e-01
1.24434970e-01
1.23778693e-01
1.23121262e-01
1.22462682e-01
1.21802956e-01
1.21142097e-01
1.20480113e-01
1.19816996e-01
1.19152762e-01
1.18487425e-01
1.17820978e-01
1.17153436e-01
1.16484798e-01
1.15815073e-01
1.15144268e-01
1.14472397e-01
1.13799453e-01
1.13125458e-01
1.12450406e-01
1.11774303e-01
1.11097150e-01
1.10418975e-01
1.09739758e-01
1.09059528e-01
1.08378276e-01
1.07696012e-01
1.07012749e-01
1.06328487e-01
1.05643235e-01
1.04956999e-01
1.04269788e-01
1.03581600e-01
1.02892451e-01
1.02202348e-01
1.01511285e-01
1.00819275e-01
1.00126334e-01
9.94324610e-02
9.87376645e-02
9.80419442e-02
9.73453075e-02
9.66477692e-02
9.59493369e-02
9.52500030e-02
9.45497900e-02
9.38486904e-02
9.31467190e-02
9.24438834e-02
9.17401910e-02
9.10356417e-02
9.03302431e-02
8.96240100e-02
8.89169425e-02
8.82090554e-02
8.75003263e-02
8.67907926e-02
8.60804543e-02
8.53693187e-02
8.46573859e-02
8.39446709e-02
8.32311735e-02
8.25169012e-02
8.18018541e-02
8.10860619e-02
8.03695023e-02
7.96521977e-02
7.89341554e-02
7.82153755e-02
7.74958655e-02
7.67756402e-02
7.60546997e-02
7.53330588e-02
7.46107176e-02
7.38876835e-02
7.31639639e-02
7.24395663e-02
7.17144907e-02
7.09887519e-02
7.02623576e-02
6.95353076e-02
6.88076168e-02
6.80792853e-02
6.73503205e-02
6.66207299e-02
6.58905134e-02
6.51596934e-02
6.44282699e-02
6.36962578e-02
6.29636496e-02
6.22304678e-02
6.14967011e-02
6.07623644e-02
6.00274689e-02
5.92920147e-02
5.85560091e-02
5.78194633e-02
5.70823811e-02
5.63447662e-02
5.56066334e-02
5.48679866e-02
5.41288331e-02
5.33891805e-02
5.26490286e-02
5.19083962e-02
5.11672832e-02
5.04256971e-02
4.96836491e-02
4.89411391e-02
4.81981821e-02
4.74547744e-02
4.67109308e-02
4.59666513e-02
4.52219509e-02
4.44768369e-02
4.37313095e-02
4.29853797e-02
4.22390588e-02
4.14923429e-02
4.07452509e-02
3.99977826e-02
3.92499492e-02
3.85017507e-02
3.77531983e-02
3.70042995e-02
3.62550616e-02
3.55054885e-02
3.47555913e-02
3.40053700e-02
3.32548432e-02
3.25040072e-02
3.17528769e-02
3.10014579e-02
3.02497540e-02
2.94977743e-02
2.87455264e-02
2.79930159e-02
2.72402503e-02
2.64872387e-02
2.57339850e-02
2.49804966e-02
2.42267810e-02
2.34728456e-02
2.27186959e-02
2.19643414e-02
2.12097894e-02
2.04550456e-02
1.97001174e-02
1.89450122e-02
1.81897394e-02
1.74343009e-02
1.66787058e-02
1.59229655e-02
1.51670817e-02
1.44110639e-02
1.36549184e-02
1.28986528e-02
1.21422755e-02
1.13857901e-02
1.06292069e-02
9.87252966e-03
9.11576860e-03
8.35893024e-03
7.60202156e-03
6.84504909e-03
6.08801981e-03
5.33094117e-03
4.57382062e-03
3.81666422e-03
3.05948034e-03
2.30227527e-03
1.54505658e-03
7.87830912e-04
3.06056463e-05
-7.26612227e-04
-1.48381549e-03
-2.24099704e-03
-2.99814995e-03
-3.75526678e-03
-4.51234076e-03
-5.26936445e-03
-6.02633087e-03
-6.78323302e-03
-7.54006440e-03
-8.29681661e-03
-9.05348361e-03
-9.81005840e-03
-1.05665335e-02
-1.13229016e-02
-1.20791551e-02
-1.28352866e-02
-1.35912905e-02
-1.43471593e-02
-1.51028838e-02
-1.58584602e-02
-1.66138820e-02
-1.73691381e-02
-1.81242246e-02
-1.88791342e-02
-1.96338575e-02
-2.03883909e-02
-2.11427230e-02
-2.18968485e-02
-2.26507615e-02
-2.34044529e-02
-2.41579190e-02
-2.49111485e-02
-2.56641358e-02
-2.64168736e-02
-2.71693561e-02
-2.79215761e-02
-2.86735259e-02
-2.94251982e-02
-3.01765874e-02
-3.09276879e-02
-3.16784866e-02
-3.24289836e-02
-3.31791677e-02
-3.39290313e-02
-3.46785709e-02
-3.54277790e-02
-3.61766405e-02
-3.69251557e-02
-3.76733169e-02
-3.84211168e-02
-3.91685478e-02
-3.99156027e-02
-4.06622775e-02
-4.14085574e-02
-4.21544462e-02
-4.28999327e-02
-4.36450057e-02
-4.43896651e-02
-4.51338962e-02
-4.58776988e-02
-4.66210581e-02
-4.73639742e-02
-4.81064357e-02
-4.88484390e-02
-4.95899729e-02
-5.03310375e-02
-5.10716215e-02
-5.18117137e-02
-5.25513180e-02
-5.32904156e-02
-5.40290102e-02
-5.47670871e-02
-5.55046424e-02
-5.62416650e-02
-5.69781587e-02
-5.77141047e-02
-5.84494993e-02
-5.91843389e-02
-5.99186160e-02
-6.06523193e-02
-6.13854490e-02
-6.21179938e-02
-6.28499463e-02
-6.35813028e-02
-6.43120557e-02
-6.50421903e-02
-6.57717139e-02
-6.65006191e-02
-6.72288835e-02
-6.79565072e-02
-6.86834902e-02
-6.94098249e-02
-7.01354966e-02
-7.08604977e-02
-7.15848282e-02
-7.23084807e-02
-7.30314478e-02
-7.37537146e-02
-7.44752884e-02
-7.51961470e-02
-7.59162977e-02
-7.66357332e-02
-7.73544386e-02
-7.80723989e-02
-7.87896216e-02
-7.95061067e-02
-8.02218318e-02
-8.09368044e-02
-8.16510022e-02
-8.23644251e-02
-8.30770656e-02
-8.37889239e-02
-8.44999850e-02
-8.52102414e-02
-8.59197006e-02
-8.66283327e-02
-8.73361528e-02
-8.80431384e-02
-8.87492895e-02
-8.94546062e-02
-9.01590660e-02
-9.08626691e-02
-9.15654153e-02
-9.22672972e-02
-9.29683000e-02
-9.36684236e-02
-9.43676531e-02
-9.50659961e-02
-9.57634449e-02
-9.64599848e-02
-9.71556082e-02
-9.78503078e-02
-9.85440910e-02
-9.92369279e-02
-9.99288335e-02
-1.00619785e-01
-1.01309799e-01
-1.01998851e-01
-1.02686934e-01
-1.03374049e-01
-1.04060180e-01
-1.04745321e-01
-1.05429478e-01
-1.06112637e-01
-1.06794789e-01
-1.07475936e-01
-1.08156063e-01
-1.08835153e-01
-1.09513231e-01
-1.10190265e-01
-1.10866271e-01
-1.11541219e-01
-1.12215109e-01
-1.12887941e-01
-1.13559708e-01
-1.14230402e-01
-1.14900008e-01
-1.15568534e-01
-1.16235964e-01
-1.16902299e-01
-1.17567532e-01
-1.18231654e-01
-1.18894652e-01
-1.19556524e-01
-1.20217271e-01
-1.20876886e-01
-1.21535353e-01
-1.22192666e-01
-1.22848831e-01
-1.23503827e-01
-1.24157660e-01
-1.24810323e-01
-1.25461802e-01
-1.26112103e-01
-1.26761228e-01
-1.27409145e-01
-1.28055856e-01
-1.28701359e-01
-1.29345641e-01
-1.29988700e-01
-1.30630538e-01
-1.31271139e-01
-1.31910488e-01
-1.32548600e-01
-1.33185476e-01
-1.33821085e-01
-1.34455428e-01
-1.35088503e-01
-1.35720298e-01
-1.36350811e-01
-1.36980027e-01
-1.37607962e-01
-1.38234586e-01
-1.38859913e-01
-1.39483914e-01
-1.40106618e-01
-1.40727997e-01
-1.41348034e-01
-1.41966745e-01
-1.42584100e-01
-1.43200129e-01
-1.43814787e-01
-1.44428104e-01
-1.45040050e-01
-1.45650625e-01
-1.46259829e-01
-1.46867663e-01
-1.47474110e-01
-1.48079157e-01
-1.48682818e-01
-1.49285063e-01
-1.49885908e-01
-1.50485322e-01
-1.51083320e-01
-1.51679888e-01
-1.52275056e-01
-1.52868807e-01
-1.53461114e-01
-1.54051930e-01
-1.54641300e-01
-1.55229196e-01
-1.55815631e-01
-1.56400576e-01
-1.56984061e-01
-1.57566085e-01
-1.58146605e-01
-1.58725649e-01
-1.59303188e-01
-1.59879237e-01
-1.60453767e-01
-1.61026791e-01
-1.61598280e-01
-1.62168249e-01
-1.62736684e-01
-1.63303584e-01
-1.63868949e-01
-1.64432764e-01
-1.64995030e-01
-1.65555745e-01
-1.66114897e-01
-1.66672468e-01
-1.67228475e-01
-1.67782903e-01
-1.68335736e-01
-1.68886989e-01
-1.69436648e-01
-1.69984713e-01
-1.70531169e-01
-1.71076030e-01
-1.71619266e-01
-1.72160894e-01
-1.72700897e-01
-1.73239261e-01
-1.73776001e-01
-1.74311087e-01
-1.74844533e-01
-1.75376326e-01
-1.75906479e-01
-1.76434964e-01
-1.76961794e-01
-1.77486956e-01
-1.78010434e-01
-1.78532243e-01
-1.79052383e-01
-1.79570824e-01
-1.80087566e-01
-1.80602610e-01
-1.81115940e-01
-1.81627572e-01
-1.82137489e-01
-1.82645693e-01
-1.83152169e-01
-1.83656931e-01
-1.84159949e-01
-1.84661239e-01
-1.85160801e-01
-1.85658619e-01
-1.86154678e-01
-1.86648980e-01
-1.87141523e-01
-1.87632293e-01
-1.88121304e-01
-1.88608527e-01
-1.89093992e-01
-1.89577654e-01
-1.90059528e-01
-1.90539628e-01
-1.91017926e-01
-1.91494435e-01
-1.91969141e-01
-1.92442030e-01
-1.92913085e-01
-1.93382338e-01
-1.93849757e-01
-1.94315359e-01
-1.94779128e-01
-1.95241049e-01
-1.95701137e-01
-1.96159378e-01
-1.96615785e-01
-1.97070345e-01
-1.97523057e-01
-1.97973907e-01
-1.98422879e-01
-1.98869973e-01
-1.99315190e-01
-1.99758545e-01
-2.00200006e-01
-2.00639576e-01
-2.01077268e-01
-2.01513067e-01
-2.01946974e-01
-2.02378973e-01
-2.02809066e-01
-2.03237265e-01
-2.03663573e-01
-2.04087988e-01
-2.04510480e-01
-2.04931021e-01
-2.05349609e-01
-2.05766261e-01
-2.06180960e-01
-2.06593677e-01
-2.07004458e-01
-2.07413301e-01
-2.07820177e-01
-2.08225086e-01
-2.08628044e-01
-2.09029034e-01
-2.09428057e-01
-2.09825113e-01
-2.10220203e-01
-2.10613310e-01
-2.11004421e-01
-2.11393550e-01
-2.11780682e-01
-2.12165833e-01
-2.12548971e-01
-2.12930113e-01
-2.13309243e-01
-2.13686377e-01
-2.14061499e-01
-2.14434579e-01
-2.14805663e-01
-2.15174705e-01
-2.15541735e-01
-2.15906739e-01
-2.16269702e-01
-2.16630638e-01
-2.16989532e-01
-2.17346385e-01
-2.17701182e-01
-2.18053922e-01
-2.18404606e-01
-2.18753234e-01
-2.19099805e-01
-2.19444305e-01
-2.19786748e-01
-2.20127121e-01
-2.20465422e-01
-2.20801651e-01
-2.21135795e-01
-2.21467853e-01
-2.21797824e-01
-2.22125709e-01
-2.22451493e-01
-2.22775176e-01
-2.23096773e-01
-2.23416269e-01
-2.23733649e-01
-2.24048942e-01
-2.24362105e-01
-2.24673152e-01
-2.24982098e-01
-2.25288898e-01
-2.25593597e-01
-2.25896165e-01
-2.26196602e-01
-2.26494893e-01
-2.26791069e-01
-2.27085099e-01
-2.27376983e-01
-2.27666751e-01
-2.27954358e-01
-2.28239834e-01
-2.28523150e-01
-2.28804320e-01
-2.29083344e-01
-2.29360223e-01
-2.29634941e-01
-2.29907483e-01
-2.30177879e-01
-2.30446085e-01
-2.30712116e-01
-2.30975971e-01
-2.31237620e-01
-2.31497109e-01
-2.31754422e-01
-2.32009530e-01
-2.32262477e-01
-2.32513219e-01
-2.32761785e-01
-2.33008146e-01
-2.33252302e-01
-2.33494282e-01
-2.33734041e-01
-2.33971611e-01
-2.34206989e-01
-2.34440148e-01
-2.34671101e-01
-2.34899849e-01
-2.35126391e-01
-2.35350698e-01
-2.35572800e-01
-2.35792682e-01
-2.36010343e-01
-2.36225784e-01
-2.36438990e-01
-2.36649990e-01
-2.36858755e-01
-2.37065285e-01
-2.37269595e-01
-2.37471655e-01
-2.37671480e-01
-2.37869084e-01
-2.38064438e-01
-2.38257572e-01
-2.38448441e-01
-2.38637060e-01
-2.38823429e-01
-2.39007547e-01
-2.39189416e-01
-2.39369035e-01
-2.39546388e-01
-2.39721492e-01
-2.39894316e-01
-2.40064889e-01
-2.40233213e-01
-2.40399271e-01
-2.40563050e-01
-2.40724578e-01
-2.40883827e-01
-2.41040826e-01
-2.41195545e-01
-2.41347998e-01
-2.41498172e-01
-2.41646066e-01
-2.41791695e-01
-2.41935045e-01
-2.42076114e-01
-2.42214888e-01
-2.42351383e-01
-2.42485613e-01
-2.42617562e-01
-2.42747217e-01
-2.42874578e-01
-2.42999658e-01
-2.43122444e-01
-2.43242934e-01
-2.43361130e-01
-2.43477032e-01
-2.43590623e-01
-2.43701935e-01
-2.43810937e-01
-2.43917659e-01
-2.44022086e-01
-2.44124204e-01
-2.44224042e-01
-2.44321570e-01
-2.44416818e-01
-2.44509742e-01
-2.44600371e-01
-2.44688705e-01
-2.44774729e-01
-2.44858459e-01
-2.44939879e-01
-2.45019004e-01
-2.45095819e-01
-2.45170325e-01
-2.45242521e-01
-2.45312408e-01
-2.45379984e-01
-2.45445237e-01
-2.45508179e-01
-2.45568812e-01
-2.45627135e-01
-2.45683134e-01
-2.45736837e-01
-2.45788202e-01
-2.45837241e-01
-2.45883986e-01
-2.45928407e-01
-2.45970517e-01
-2.46010318e-01
-2.46047795e-01
-2.46082947e-01
-2.46115789e-01
-2.46146321e-01
-2.46174544e-01
-2.46200442e-01
-2.46224016e-01
-2.46245265e-01
-2.46264204e-01
-2.46280834e-01
-2.46295124e-01
-2.46307105e-01
-2.46316761e-01
-2.46324107e-01
-2.46329129e-01
-2.46331841e-01
-2.46332228e-01
-2.46330291e-01
-2.46326029e-01
-2.46319443e-01
-2.46310532e-01
-2.46299312e-01
-2.46285766e-01
-2.46269912e-01
-2.46251732e-01
-2.46231258e-01
-2.46208444e-01
-2.46183321e-01
-2.46155873e-01
-2.46126115e-01
-2.46094033e-01
-2.46059641e-01
-2.46022925e-01
-2.45983899e-01
-2.45942548e-01
-2.45898888e-01
-2.45852917e-01
-2.45804623e-01
-2.45754033e-01
-2.45701119e-01
-2.45645881e-01
-2.45588347e-01
-2.45528489e-01
-2.45466322e-01
-2.45401844e-01
-2.45335042e-01
-2.45265946e-01
-2.45194525e-01
-2.45120794e-01
-2.45044753e-01
-2.44966432e-01
-2.44885787e-01
-2.44802862e-01
-2.44717628e-01
-2.44630083e-01
-2.44540244e-01
-2.44448110e-01
-2.44353667e-01
-2.44256943e-01
-2.44157925e-01
-2.44056612e-01
-2.43952990e-01
-2.43847072e-01
-2.43738845e-01
-2.43628353e-01
-2.43515551e-01
-2.43400455e-01
-2.43283078e-01
-2.43163407e-01
-2.43041441e-01
-2.42917195e-01
-2.42790654e-01
-2.42661834e-01
-2.42530748e-01
-2.42397353e-01
-2.42261693e-01
-2.42123738e-01
-2.41983518e-01
-2.41841003e-01
-2.41696224e-01
-2.41549179e-01
-2.41399840e-01
-2.41248265e-01
-2.41094396e-01
-2.40938276e-01
-2.40779892e-01
-2.40619242e-01
-2.40456313e-01
-2.40291134e-01
-2.40123704e-01
-2.39953995e-01
-2.39782050e-01
-2.39607826e-01
-2.39431337e-01
-2.39252627e-01
-2.39071652e-01
-2.38888428e-01
-2.38702938e-01
-2.38515198e-01
-2.38325194e-01
-2.38132969e-01
-2.37938508e-01
-2.37741813e-01
-2.37542912e-01
-2.37341762e-01
-2.37138391e-01
-2.36932784e-01
-2.36724943e-01
-2.36514896e-01
-2.36302614e-01
-2.36088127e-01
-2.35871404e-01
-2.35652477e-01
-2.35431343e-01
-2.35207975e-01
-2.34982386e-01
-2.34754607e-01
-2.34524623e-01
-2.34292448e-01
-2.34058067e-01
-2.33821467e-01
-2.33582690e-01
-2.33341709e-01
-2.33098537e-01
-2.32853189e-01
-2.32605621e-01
-2.32355878e-01
-2.32103959e-01
-2.31849849e-01
-2.31593549e-01
-2.31335074e-01
-2.31074423e-01
-2.30811596e-01
-2.30546594e-01
-2.30279416e-01
-2.30010062e-01
-2.29738563e-01
-2.29464918e-01
-2.29189128e-01
-2.28911176e-01
-2.28631094e-01
-2.28348851e-01
-2.28064477e-01
-2.27777943e-01
-2.27489278e-01
-2.27198467e-01
-2.26905540e-01
-2.26610467e-01
-2.26313278e-01
-2.26013958e-01
-2.25712523e-01
-2.25408956e-01
-2.25103259e-01
-2.24795446e-01
-2.24485546e-01
-2.24173516e-01
-2.23859385e-01
-2.23543152e-01
-2.23224819e-01
-2.22904384e-01
-2.22581863e-01
-2.22257257e-01
-2.21930563e-01
-2.21601799e-01
-2.21270949e-01
-2.20938027e-01
-2.20603019e-01
-2.20265940e-01
-2.19926804e-01
-2.19585583e-01
-2.19242319e-01
-2.18897000e-01
-2.18549624e-01
-2.18200177e-01
-2.17848688e-01
-2.17495158e-01
-2.17139602e-01
-2.16781974e-01
-2.16422319e-01
-2.16060653e-01
-2.15696946e-01
-2.15331227e-01
-2.14963496e-01
-2.14593723e-01
-2.14221954e-01
-2.13848174e-01
-2.13472381e-01
-2.13094592e-01
-2.12714791e-01
-2.12333024e-01
-2.11949244e-01
-2.11563468e-01
-2.11175725e-01
-2.10786000e-01
-2.10394308e-01
-2.10000634e-01
-2.09604993e-01
-2.09207386e-01
-2.08807796e-01
-2.08406255e-01
-2.08002761e-01
-2.07597330e-01
-2.07189932e-01
-2.06780583e-01
-2.06369296e-01
-2.05956057e-01
-2.05540866e-01
-2.05123737e-01
-2.04704687e-01
-2.04283729e-01
-2.03860879e-01
-2.03436121e-01
-2.03009456e-01
-2.02580884e-01
-2.02150419e-01
-2.01718077e-01
-2.01283842e-01
-2.00847715e-01
-2.00409710e-01
-1.99969828e-01
-1.99528068e-01
-1.99084446e-01
-1.98638946e-01
-1.98191583e-01
-1.97742358e-01
-1.97291300e-01
-1.96838394e-01
-1.96383640e-01
-1.95927054e-01
-1.95468634e-01
-1.95008382e-01
-1.94546297e-01
-1.94082394e-01
-1.93616673e-01
-1.93149135e-01
-1.92679778e-01
-1.92208603e-01
-1.91735640e-01
-1.91260889e-01
-1.90784350e-01
-1.90306023e-01
-1.89825907e-01
-1.89344019e-01
-1.88860342e-01
-1.88374922e-01
-1.87887728e-01
-1.87398776e-01
-1.86908051e-01
-1.86415568e-01
-1.85921341e-01
-1.85425386e-01
-1.84927702e-01
-1.84428275e-01
-1.83927149e-01
-1.83424279e-01
-1.82919696e-01
-1.82413399e-01
-1.81905404e-01
-1.81395695e-01
-1.80884302e-01
-1.80371195e-01
-1.79856405e-01
-1.79339916e-01
-1.78821757e-01
-1.78301916e-01
-1.77780420e-01
-1.77257285e-01
-1.76732466e-01
-1.76206008e-01
-1.75677896e-01
-1.75148144e-01
-1.74616754e-01
-1.74083710e-01
-1.73549041e-01
-1.73012733e-01
-1.72474816e-01
-1.71935290e-01
-1.71394154e-01
-1.70851424e-01
-1.70307100e-01
-1.69761166e-01
-1.69213668e-01
-1.68664575e-01
-1.68113902e-01
-1.67561650e-01
-1.67007819e-01
-1.66452438e-01
-1.65895492e-01
-1.65337011e-01
-1.64776981e-01
-1.64215416e-01
-1.63652316e-01
-1.63087666e-01
-1.62521511e-01
-1.61953822e-01
-1.61384627e-01
-1.60813913e-01
-1.60241693e-01
-1.59667984e-01
-1.59092784e-01
-1.58516094e-01
-1.57937914e-01
-1.57358259e-01
-1.56777143e-01
-1.56194568e-01
-1.55610532e-01
-1.55025035e-01
-1.54438078e-01
-1.53849676e-01
-1.53259844e-01
-1.52668595e-01
-1.52075902e-01
-1.51481807e-01
-1.50886282e-01
-1.50289372e-01
-1.49691045e-01
-1.49091318e-01
-1.48490205e-01
-1.47887692e-01
-1.47283807e-01
-1.46678552e-01
-1.46071926e-01
-1.45463914e-01
-1.44854575e-01
-1.44243866e-01
-1.43631831e-01
-1.43018439e-01
-1.42403722e-01
-1.41787663e-01
-1.41170278e-01
-1.40551582e-01
-1.39931574e-01
-1.39310256e-01
-1.38687640e-01
-1.38063729e-01
-1.37438536e-01
-1.36812046e-01
-1.36184290e-01
-1.35555267e-01
-1.34924978e-01
-1.34293437e-01
-1.33660644e-01
-1.33026600e-01
-1.32391319e-01
-1.31754801e-01
-1.31117046e-01
-1.30478084e-01
-1.29837900e-01
-1.29196495e-01
-1.28553897e-01
-1.27910092e-01
-1.27265096e-01
-1.26618922e-01
-1.25971571e-01
-1.25323057e-01
-1.24673367e-01
-1.24022514e-01
-1.23370506e-01
-1.22717351e-01
-1.22063056e-01
-1.21407628e-01
-1.20751061e-01
-1.20093375e-01
-1.19434573e-01
-1.18774652e-01
-1.18113630e-01
-1.17451511e-01
-1.16788298e-01
-1.16123989e-01
-1.15458608e-01
-1.14792161e-01
-1.14124641e-01
-1.13456063e-01
-1.12786427e-01
-1.12115741e-01
-1.11444019e-01
-1.10771261e-01
-1.10097468e-01
-1.09422654e-01
-1.08746819e-01
-1.08069971e-01
-1.07392125e-01
-1.06713273e-01
-1.06033437e-01
-1.05352618e-01
-1.04670815e-01
-1.03988037e-01
-1.03304289e-01
-1.02619588e-01
-1.01933941e-01
-1.01247340e-01
-1.00559816e-01
-9.98713523e-02
-9.91819650e-02
-9.84916538e-02
-9.78004336e-02
-9.71082896e-02
-9.64152664e-02
-9.57213417e-02
-9.50265303e-02
-9.43308398e-02
-9.36342701e-02
-9.29368362e-02
-9.22385454e-02
-9.15393978e-02
-9.08394009e-02
-9.01385769e-02
-8.94369036e-02
-8.87344107e-02
-8.80310908e-02
-8.73269588e-02
-8.66220146e-02
-8.59162733e-02
-8.52097422e-02
-8.45024139e-02
-8.37943032e-02
-8.30854252e-02
-8.23757797e-02
-8.16653743e-02
-8.09542090e-02
-8.02422985e-02
-7.95296505e-02
-7.88162649e-02
-7.81021565e-02
-7.73873255e-02
-7.66717792e-02
-7.59555325e-02
-7.52385780e-02
-7.45209306e-02
-7.38025978e-02
-7.30835870e-02
-7.23639056e-02
-7.16435537e-02
-7.09225461e-02
-7.02008903e-02
-6.94785789e-02
-6.87556341e-02
-6.80320561e-02
-6.73078597e-02
-6.65830374e-02
-6.58576041e-02
-6.51315600e-02
-6.44049272e-02
-6.36777133e-02
-6.29499033e-02
-6.22215159e-02
-6.14925623e-02
-6.07630424e-02
-6.00329712e-02
-5.93023449e-02
-5.85711747e-02
-5.78394718e-02
-5.71072400e-02
-5.63744828e-02
-5.56412153e-02
-5.49074411e-02
-5.41731641e-02
-5.34383953e-02
-5.27031384e-02
-5.19674048e-02
-5.12311943e-02
-5.04945181e-02
-4.97573875e-02
-4.90198024e-02
-4.82817702e-02
-4.75433022e-02
-4.68044020e-02
-4.60650772e-02
-4.53253388e-02
-4.45851870e-02
-4.38446328e-02
-4.31036837e-02
-4.23623435e-02
-4.16206270e-02
-4.08785306e-02
-4.01360691e-02
-3.93932424e-02
-3.86500657e-02
-3.79065387e-02
-3.71626727e-02
-3.64184715e-02
-3.56739424e-02
-3.49291004e-02
-3.41839418e-02
-3.34384777e-02
-3.26927193e-02
-3.19466703e-02
-3.12003382e-02
-3.04537285e-02
-2.97068506e-02
-2.89597120e-02
-2.82123182e-02
-2.74646748e-02
-2.67167911e-02
-2.59686708e-02
-2.52203271e-02
-2.44717635e-02
-2.37229858e-02
-2.29740012e-02
-2.22248174e-02
-2.14754418e-02
-2.07258835e-02
-1.99761465e-02
-1.92262419e-02
-1.84761733e-02
-1.77259482e-02
-1.69755761e-02
-1.62250604e-02
-1.54744126e-02
-1.47236371e-02
-1.39727416e-02
-1.32217323e-02
-1.24706170e-02
-1.17194019e-02
-1.09680966e-02
-1.02166999e-02
-9.46524367e-03
-8.71366076e-03
-7.96218961e-03
-7.21011031e-03
-6.45973068e-03
-5.70375612e-03
-4.96537052e-03
-4.17101057e-03
-3.55425826e-03
-2.37681251e-03
-3.06951511e-03
-5.96046448e-08
5.96046448e-08
3.06951511e-03
