3.50094226e-04
1.05752225e-03
2.32956372e-03
4.21640417e-03
6.61943760e-03
9.37246811e-03
1.23192919e-02
1.53523888e-02
1.84148140e-02
2.14836504e-02
2.45526433e-02
2.76210643e-02
3.06891408e-02
3.37569378e-02
3.68244201e-02
3.98915559e-02
4.29583155e-02
4.60246690e-02
4.90905903e-02
5.21560498e-02
5.52210212e-02
5.82854673e-02
6.13493659e-02
6.44126832e-02
6.74754009e-02
7.05374777e-02
7.35988840e-02
7.66596049e-02
7.97196031e-02
8.27788487e-02
8.58373120e-02
8.88949633e-02
9.19517800e-02
9.50077325e-02
9.80627909e-02
1.01116933e-01
1.04170121e-01
1.07222319e-01
1.10273510e-01
1.13323666e-01
1.16372749e-01
1.19420737e-01
1.22467600e-01
1.25513300e-01
1.28557831e-01
1.31601140e-01
1.34643227e-01
1.37684032e-01
1.40723541e-01
1.43761724e-01
1.46798551e-01
1.49833992e-01
1.52868032e-01
1.55900612e-01
1.58931732e-01
1.61961362e-01
1.64989457e-01
1.68016016e-01
1.71040982e-01
1.74064338e-01
1.77086040e-01
1.80106089e-01
1.83124438e-01
1.86141059e-01
1.89155921e-01
1.92169011e-01
1.95180282e-01
1.98189721e-01
2.01197296e-01
2.04202980e-01
2.07206741e-01
2.10208520e-01
2.13208333e-01
2.16206148e-01
2.19201908e-01
2.22195610e-01
2.25187227e-01
2.28176713e-01
2.31164053e-01
2.34149233e-01
2.37132192e-01
2.40112901e-01
2.43091360e-01
2.46067524e-01
2.49041378e-01
2.52012879e-01
2.54982024e-01
2.57948756e-01
2.60913044e-01
2.63874888e-01
2.66834229e-01
2.69791096e-01
2.72745401e-01
2.75697142e-01
2.78646260e-01
2.81592757e-01
2.84536630e-01
2.87477791e-01
2.90416241e-01
2.93351978e-01
2.96284944e-01
2.99215108e-01
3.02142441e-01
3.05066943e-01
3.07988584e-01
3.10907304e-01
3.13823104e-01
3.16735983e-01
3.19645852e-01
3.22552681e-01
3.25456500e-01
3.28357220e-01
3.31254900e-01
3.34149420e-01
3.37040812e-01
3.39929014e-01
3.42814028e-01
3.45695794e-01
3.48574311e-01
3.51449549e-01
3.54321450e-01
3.57190043e-01
3.60055268e-01
3.62917095e-01
3.65775496e-01
3.68630439e-01
3.71481925e-01
3.74329895e-01
3.77174377e-01
3.80015284e-01
3.82852614e-01
3.85686338e-01
3.88516426e-01
3.91342849e-01
3.94165576e-01
3.96984607e-01
3.99799883e-01
4.02611375e-01
4.05419111e-01
4.08223003e-01
4.11023080e-01
4.13819253e-01
4.16611552e-01
4.19399917e-01
4.22184348e-01
4.24964756e-01
4.27741170e-01
4.30513591e-01
4.33281928e-01
4.36046213e-01
4.38806355e-01
4.41562384e-01
4.44314212e-01
4.47061896e-01
4.49805349e-01
4.52544570e-01
4.55279499e-01
4.58010167e-01
4.60736543e-01
4.63458568e-01
4.66176182e-01
4.68889445e-01
4.71598268e-01
4.74302649e-01
4.77002621e-01
4.79698032e-01
4.82388943e-01
4.85075325e-01
4.87757117e-01
4.90434319e-01
4.93106872e-01
4.95774806e-01
4.98438030e-01
5.01096606e-01
5.03750384e-01
5.06399512e-01
5.09043872e-01
5.11683464e-01
5.14318228e-01
5.16948104e-01
5.19573092e-01
5.22193134e-01
5.24808347e-01
5.27418554e-01
5.30023813e-01
5.32624066e-01
5.35219312e-01
5.37809551e-01
5.40394723e-01
5.42974770e-01
5.45549691e-01
5.48119485e-01
5.50684094e-01
5.53243518e-01
5.55797756e-01
5.58346748e-01
5.60890496e-01
5.63428998e-01
5.65962136e-01
5.68489969e-01
5.71012378e-01
5.73529482e-01
5.76041102e-01
5.78547359e-01
5.81048131e-01
5.83543479e-01
5.86033285e-01
5.88517606e-01
5.90996325e-01
5.93469560e-01
5.95937133e-01
5.98399103e-01
6.00855410e-01
6.03306055e-01
6.05751097e-01
6.08190358e-01
6.10623956e-01
6.13051832e-01
6.15473866e-01
6.17890120e-01
6.20300591e-01
6.22705102e-01
6.25103772e-01
6.27496541e-01
6.29883468e-01
6.32264376e-01
6.34639382e-01
6.37008429e-01
6.39371514e-01
6.41728520e-01
6.44079506e-01
6.46424353e-01
6.48763120e-01
6.51095748e-01
6.53422296e-01
6.55742705e-01
6.58056915e-01
6.60364926e-01
6.62666738e-01
6.64962292e-01
6.67251587e-01
6.69534624e-01
6.71811283e-01
6.74081624e-01
6.76345646e-01
6.78603232e-01
6.80854499e-01
6.83099329e-01
6.85337722e-01
6.87569678e-01
6.89795196e-01
6.92014158e-01
6.94226623e-01
6.96432471e-01
6.98631823e-01
7.00824559e-01
7.03010738e-01
7.05190241e-01
7.07363129e-01
7.09529340e-01
7.11688876e-01
7.13841736e-01
7.15987861e-01
7.18127251e-01
7.20259845e-01
7.22385585e-01
7.24504590e-01
7.26616740e-01
7.28722095e-01
7.30820537e-01
7.32912123e-01
7.34996855e-01
7.37074554e-01
7.39145398e-01
7.41209209e-01
7.43266046e-01
7.45315909e-01
7.47358799e-01
7.49394596e-01
7.51423299e-01
7.53444970e-01
7.55459487e-01
7.57466912e-01
7.59467244e-01
7.61460364e-01
7.63446331e-01
7.65425146e-01
7.67396748e-01
7.69361079e-01
7.71318197e-01
7.73267984e-01
7.75210500e-01
7.77145743e-01
7.79073596e-01
7.80994177e-01
7.82907367e-01
7.84813225e-01
7.86711633e-01
7.88602650e-01
7.90486276e-01
7.92362452e-01
7.94231117e-01
7.96092331e-01
7.97946036e-01
7.99792171e-01
8.01630795e-01
8.03461909e-01
8.05285335e-01
8.07101309e-01
8.08909655e-01
8.10710371e-01
8.12503457e-01
8.14288914e-01
8.16066682e-01
8.17836821e-01
8.19599211e-01
8.21353793e-01
8.23100686e-01
8.24839830e-01
8.26571167e-01
8.28294754e-01
8.30010593e-01
8.31718504e-01
8.33418608e-01
8.35110843e-01
8.36795211e-01
8.38471711e-01
8.40140343e-01
8.41801107e-01
8.43453884e-01
8.45098734e-01
8.46735597e-01
8.48364413e-01
8.49985301e-01
8.51598203e-01
8.53203058e-01
8.54799867e-01
8.56388628e-01
8.57969344e-01
8.59541953e-01
8.61106455e-01
8.62662852e-01
8.64211142e-01
8.65751266e-01
8.67283225e-01
8.68807018e-01
8.70322645e-01
8.71830106e-01
8.73329341e-01
8.74820292e-01
8.76303017e-01
8.77777517e-01
8.79243791e-01
8.80701721e-01
8.82151365e-01
8.83592665e-01
8.85025620e-01
8.86450231e-01
8.87866497e-01
8.89274478e-01
8.90674055e-01
8.92065227e-01
8.93447995e-01
8.94822359e-01
8.96188259e-01
8.97545755e-01
8.98894727e-01
9.00235295e-01
9.01567400e-01
9.02890921e-01
9.04205978e-01
9.05512452e-01
9.06810462e-01
9.08099949e-01
9.09380853e-01
9.10653234e-01
9.11916971e-01
9.13172126e-01
9.14418697e-01
9.15656686e-01
9.16885972e-01
9.18106675e-01
9.19318795e-01
9.20522094e-01
9.21716809e-01
9.22902882e-01
9.24080253e-01
9.25248921e-01
9.26408768e-01
9.27559912e-01
9.28702414e-01
9.29836035e-01
9.30960953e-01
9.32077050e-01
9.33184505e-01
9.34283078e-01
9.35372889e-01
9.36453819e-01
9.37525928e-01
9.38589215e-01
9.39643741e-01
9.40689325e-01
9.41726029e-01
9.42753911e-01
9.43772912e-01
9.44783032e-01
9.45784211e-01
9.46776569e-01
9.47759926e-01
9.48734403e-01
9.49699879e-01
9.50656474e-01
9.51604068e-01
9.52542663e-01
9.53472257e-01
9.54392970e-01
9.55304682e-01
9.56207335e-01
9.57101047e-01
9.57985699e-01
9.58861291e-01
9.59727943e-01
9.60585415e-01
9.61433947e-01
9.62273359e-01
9.63103771e-01
9.63925064e-01
9.64737296e-01
9.65540409e-01
9.66334462e-01
9.67119396e-01
9.67895269e-01
9.68661964e-01
9.69419539e-01
9.70167994e-01
9.70907271e-01
9.71637428e-01
9.72358406e-01
9.73070323e-01
9.73772943e-01
9.74466443e-01
9.75150764e-01
9.75825846e-01
9.76491809e-01
9.77148473e-01
9.77796018e-01
9.78434384e-01
9.79063451e-01
9.79683399e-01
9.80293989e-01
9.80895460e-01
9.81487572e-01
9.82070506e-01
9.82644141e-01
9.83208597e-01
9.83763695e-01
9.84309614e-01
9.84846234e-01
9.85373557e-01
9.85891581e-01
9.86400306e-01
9.86899793e-01
9.87389922e-01
9.87870812e-01
9.88342345e-01
9.88804579e-01
9.89257514e-01
9.89701092e-01
9.90135372e-01
9.90560293e-01
9.90975916e-01
9.91382241e-01
9.91779149e-01
9.92166758e-01
9.92545009e-01
9.92913902e-01
9.93273437e-01
9.93623614e-01
9.93964434e-01
9.94295895e-01
9.94617999e-01
9.94930685e-01
9.95234013e-01
9.95527983e-01
9.95812595e-01
9.96087790e-01
9.96353626e-01
9.96610045e-01
9.96857047e-01
9.97094691e-01
9.97322977e-01
9.97541845e-01
9.97751355e-01
9.97951388e-01
9.98142064e-01
9.98323321e-01
9.98495162e-01
9.98657584e-01
9.98810589e-01
9.98954237e-01
9.99088466e-01
9.99213278e-01
9.99328673e-01
9.99434650e-01
9.99531209e-01
9.99618292e-01
9.99696016e-01
9.99764323e-01
9.99823272e-01
9.99872744e-01
9.99912739e-01
9.99943376e-01
9.99964535e-01
9.99976337e-01
9.99978721e-01
9.99971628e-01
9.99955177e-01
9.99929249e-01
9.99893904e-01
9.99849141e-01
9.99794960e-01
9.99731362e-01
9.99658346e-01
9.99575973e-01
9.99484122e-01
9.99382794e-01
9.99272108e-01
9.99152005e-01
9.99022543e-01
9.98883665e-01
9.98735309e-01
9.98577535e-01
9.98410404e-01
9.98233914e-01
9.98047948e-01
9.97852564e-01
9.97647822e-01
9.97433603e-01
9.97210026e-01
9.96977031e-01
9.96734738e-01
9.96483028e-01
9.96221900e-01
9.95951414e-01
9.95671511e-01
9.95382249e-01
9.95083570e-01
9.94775534e-01
9.94458139e-01
9.94131386e-01
9.93795216e-01
9.93449688e-01
9.93094802e-01
9.92730618e-01
9.92357016e-01
9.91974115e-01
9.91581857e-01
9.91180241e-01
9.90769267e-01
9.90348995e-01
9.89919364e-01
9.89480436e-01
9.89032149e-01
9.88574624e-01
9.88107681e-01
9.87631500e-01
9.87146020e-01
9.86651242e-01
9.86147106e-01
9.85633731e-01
9.85110998e-01
9.84579086e-01
9.84037817e-01
9.83487308e-01
9.82927501e-01
9.82358456e-01
9.81780171e-01
9.81192648e-01
9.80595827e-01
9.79989827e-01
9.79374588e-01
9.78750110e-01
9.78116333e-01
9.77473438e-01
9.76821303e-01
9.76159990e-01
9.75489438e-01
9.74809766e-01
9.74120855e-01
9.73422766e-01
9.72715497e-01
9.71999109e-01
9.71273482e-01
9.70538795e-01
9.69794929e-01
9.69041884e-01
9.68279719e-01
9.67508435e-01
9.66728091e-01
9.65938568e-01
9.65139985e-01
9.64332342e-01
9.63515580e-01
9.62689698e-01
9.61854815e-01
9.61010814e-01
9.60157812e-01
9.59295690e-01
9.58424628e-01
9.57544506e-01
9.56655383e-01
9.55757201e-01
9.54849958e-01
9.53933775e-01
9.53008592e-01
9.52074468e-01
9.51131344e-01
9.50179219e-01
9.49218154e-01
9.48248208e-01
9.47269261e-01
9.46281493e-01
9.45284724e-01
9.44279015e-01
9.43264484e-01
9.42241073e-01
9.41208720e-01
9.40167546e-01
9.39117551e-01
9.38058615e-01
9.36990917e-01
9.35914338e-01
9.34828997e-01
9.33734834e-01
9.32631910e-01
9.31520104e-01
9.30399537e-01
9.29270208e-01
9.28132176e-01
9.26985383e-01
9.25829828e-01
9.24665630e-01
9.23492610e-01
9.22311008e-01
9.21120644e-01
9.19921577e-01
9.18713808e-01
9.17497456e-01
9.16272461e-01
9.15038824e-01
9.13796544e-01
9.12545681e-01
9.11286235e-01
9.10018146e-01
9.08741534e-01
9.07456338e-01
9.06162560e-01
9.04860318e-01
9.03549492e-01
9.02230144e-01
9.00902331e-01
8.99566054e-01
8.98221254e-01
8.96867990e-01
8.95506382e-01
8.94136250e-01
8.92757654e-01
8.91370654e-01
8.89975309e-01
8.88571560e-01
8.87159407e-01
8.85738969e-01
8.84310186e-01
8.82872999e-01
8.81427526e-01
8.79973710e-01
8.78511667e-01
8.77041340e-01
8.75562727e-01
8.74075830e-01
8.72580767e-01
8.71077478e-01
8.69565904e-01
8.68046165e-01
8.66518319e-01
8.64982247e-01
8.63438070e-01
8.61885726e-01
8.60325277e-01
8.58756721e-01
8.57179999e-01
8.55595231e-01
8.54002476e-01
8.52401614e-01
8.50792766e-01
8.49175870e-01
8.47550988e-01
8.45918119e-01
8.44277263e-01
8.42628479e-01
8.40971708e-01
8.39307010e-01
8.37634444e-01
8.35954010e-01
8.34265709e-01
8.32569540e-01
8.30865502e-01
8.29153657e-01
8.27433944e-01
8.25706482e-01
8.23971272e-01
8.22228253e-01
8.20477486e-01
8.18718970e-01
8.16952765e-01
8.15178812e-01
8.13397229e-01
8.11607957e-01
8.09811115e-01
8.08006585e-01
8.06194484e-01
8.04374695e-01
8.02547336e-01
8.00712526e-01
7.98870027e-01
7.97020137e-01
7.95162678e-01
7.93297768e-01
7.91425347e-01
7.89545417e-01
7.87658095e-01
7.85763383e-01
7.83861279e-01
7.81951725e-01
7.80034840e-01
7.78110623e-01
7.76179016e-01
7.74240136e-01
7.72293985e-01
7.70340502e-01
7.68379807e-01
7.66411841e-01
7.64436603e-01
7.62454212e-01
7.60464668e-01
7.58467972e-01
7.56464124e-01
7.54453123e-01
7.52435088e-01
7.50409901e-01
7.48377621e-01
7.46338367e-01
7.44292021e-01
7.42238641e-01
7.40178227e-01
7.38110840e-01
7.36036539e-01
7.33955324e-01
7.31867194e-01
7.29772210e-01
7.27670312e-01
7.25561619e-01
7.23446012e-01
7.21323609e-01
7.19194472e-01
7.17058480e-01
7.14915693e-01
7.12766171e-01
7.10609972e-01
7.08447099e-01
7.06277549e-01
7.04101324e-01
7.01918423e-01
6.99729025e-01
6.97532952e-01
6.95330381e-01
6.93121195e-01
6.90905511e-01
6.88683271e-01
6.86454535e-01
6.84219360e-01
6.81977808e-01
6.79729760e-01
6.77475333e-01
6.75214469e-01
6.72947288e-01
6.70673728e-01
6.68393910e-01
6.66107774e-01
6.63815379e-01
6.61516666e-01
6.59211755e-01
6.56900644e-01
6.54583395e-01
6.52259886e-01
6.49930298e-01
6.47594571e-01
6.45252705e-01
6.42904758e-01
6.40550792e-01
6.38190746e-01
6.35824680e-01
6.33452654e-01
6.31074667e-01
6.28690779e-01
6.26300931e-01
6.23905122e-01
6.21503532e-01
6.19096041e-01
6.16682768e-01
6.14263594e-01
6.11838639e-01
6.09407902e-01
6.06971443e-01
6.04529321e-01
6.02081537e-01
5.99627972e-01
5.97168863e-01
5.94704092e-01
5.92233717e-01
5.89757740e-01
5.87276161e-01
5.84789038e-01
5.82296491e-01
5.79798400e-01
5.77294886e-01
5.74785948e-01
5.72271585e-01
5.69751859e-01
5.67226708e-01
5.64696252e-01
5.62160432e-01
5.59619308e-01
5.57072937e-01
5.54521322e-01
5.51964521e-01
5.49402475e-01
5.46835244e-01
5.44262886e-01
5.41685402e-01
5.39102793e-01
5.36515117e-01
5.33922374e-01
5.31324625e-01
5.28721869e-01
5.26114106e-01
5.23501337e-01
5.20883739e-01
5.18261194e-01
5.15633762e-01
5.13001442e-01
5.10364294e-01
5.07722318e-01
5.05075574e-01
5.02424121e-01
4.99767959e-01
4.97107059e-01
4.94441450e-01
4.91771221e-01
4.89096344e-01
4.86416817e-01
4.83732730e-01
4.81044114e-01
4.78350908e-01
4.75653231e-01
4.72951055e-01
4.70244467e-01
4.67533410e-01
4.64817971e-01
4.62098151e-01
4.59373951e-01
4.56645429e-01
4.53912616e-01
4.51175511e-01
4.48434174e-01
4.45688605e-01
4.42938805e-01
4.40184891e-01
4.37426776e-01
4.34664577e-01
4.31898296e-01
4.29127932e-01
4.26353514e-01
4.23575073e-01
4.20792639e-01
4.18006271e-01
4.15215969e-01
4.12421733e-01
4.09623593e-01
4.06821579e-01
4.04015750e-01
4.01206136e-01
3.98392737e-01
3.95575583e-01
3.92754704e-01
3.89930129e-01
3.87101889e-01
3.84269983e-01
3.81434441e-01
3.78595293e-01
3.75752628e-01
3.72906387e-01
3.70056659e-01
3.67203444e-01
3.64346743e-01
3.61486614e-01
3.58623087e-01
3.55756193e-01
3.52885932e-01
3.50012332e-01
3.47135484e-01
3.44255328e-01
3.41371953e-01
3.38485330e-01
3.35595548e-01
3.32702577e-01
3.29806477e-01
3.26907277e-01
3.24005008e-01
3.21099669e-01
3.18191290e-01
3.15279931e-01
3.12365621e-01
3.09448361e-01
3.06528181e-01
3.03605109e-01
3.00679177e-01
2.97750384e-01
2.94818819e-01
2.91884452e-01
2.88947374e-01
2.86007524e-01
2.83065051e-01
2.80119866e-01
2.77172029e-01
2.74221629e-01
2.71268576e-01
2.68313020e-01
2.65354902e-01
2.62394309e-01
2.59431243e-01
2.56465733e-01
2.53497809e-01
2.50527501e-01
2.47554794e-01
2.44579792e-01
2.41602466e-01
2.38622874e-01
2.35641018e-01
2.32656941e-01
2.29670674e-01
2.26682261e-01
2.23691702e-01
2.20699057e-01
2.17704326e-01
2.14707538e-01
2.11708724e-01
2.08707899e-01
2.05705121e-01
2.02700406e-01
1.99693769e-01
1.96685269e-01
1.93674892e-01
1.90662727e-01
1.87648743e-01
1.84633002e-01
1.81615517e-01
1.78596318e-01
1.75575435e-01
1.72552899e-01
1.69528738e-01
1.66502982e-01
1.63475648e-01
1.60446778e-01
1.57416388e-01
1.54384524e-01
1.51351228e-01
1.48316473e-01
1.45280346e-01
1.42242819e-01
1.39203981e-01
1.36163801e-01
1.33122355e-01
1.30079657e-01
1.27035737e-01
1.23990618e-01
1.20944336e-01
1.17896914e-01
1.14848375e-01
1.11798756e-01
1.08748078e-01
1.05696373e-01
1.02643684e-01
9.95900258e-02
9.65354294e-02
9.34799165e-02
9.04235318e-02
8.73662829e-02
8.43082219e-02
8.12493563e-02
7.81897232e-02
7.51293674e-02
7.20682964e-02
6.90065473e-02
6.59441501e-02
6.28811345e-02
5.98175153e-02
5.67533411e-02
5.36886267e-02
5.06234095e-02
4.75577153e-02
4.44915742e-02
4.14250158e-02
3.83580662e-02
3.52907553e-02
3.22231092e-02
2.91551594e-02
2.60869339e-02
2.30184644e-02
1.99497789e-02
1.68809053e-02
1.38118723e-02
1.07427081e-02
7.67344376e-03
4.60410677e-03
1.53472705e-03
-1.53466756e-03
-4.60404763e-03
-7.67338462e-03
-1.07426494e-02
-1.38118118e-02
-1.68808457e-02
-1.99497193e-02
-2.30184048e-02
-2.60868762e-02
-2.91550998e-02
-3.22230496e-02
-3.52906957e-02
-3.83580066e-02
-4.14249562e-02
-4.44915146e-02
-4.75576557e-02
-5.06233536e-02
-5.36885709e-02
-5.67532778e-02
-5.98174557e-02
-6.28810674e-02
-6.59440905e-02
-6.90064952e-02
-7.20682442e-02
-7.51293078e-02
-7.81896710e-02
-8.12492967e-02
-8.43081549e-02
-8.73662233e-02
-9.04234648e-02
-9.34798568e-02
-9.65353623e-02
-9.95899662e-02
-1.02643624e-01
-1.05696321e-01
-1.08748019e-01
-1.11798689e-01
-1.14848308e-01
-1.17896847e-01
-1.20944276e-01
-1.23990566e-01
-1.27035677e-01
-1.30079612e-01
-1.33122310e-01
-1.36163756e-01
-1.39203921e-01
-1.42242759e-01
-1.45280272e-01
-1.48316413e-01
-1.51351154e-01
-1.54384464e-01
-1.57416344e-01
-1.60446718e-01
-1.63475588e-01
-1.66502923e-01
-1.69528678e-01
-1.72552839e-01
-1.75575376e-01
-1.78596258e-01
-1.81615457e-01
-1.84632942e-01
-1.87648684e-01
-1.90662667e-01
-1.93674847e-01
-1.96685210e-01
-1.99693710e-01
-2.02700347e-01
-2.05705047e-01
-2.08707839e-01
-2.11708650e-01
-2.14707464e-01
-2.17704251e-01
-2.20698982e-01
-2.23691642e-01
-2.26682201e-01
-2.29670629e-01
-2.32656881e-01
-2.35640958e-01
-2.38622800e-01
-2.41602406e-01
-2.44579703e-01
-2.47554719e-01
-2.50527412e-01
-2.53497720e-01
-2.56465673e-01
-2.59431183e-01
-2.62394249e-01
-2.65354842e-01
-2.68312961e-01
-2.71268547e-01
-2.74221569e-01
-2.77171969e-01
-2.80119807e-01
-2.83064991e-01
-2.86007524e-01
-2.88947344e-01
-2.91884452e-01
-2.94818789e-01
-2.97750384e-01
-3.00679117e-01
-3.03605050e-01
-3.06528121e-01
-3.09448302e-01
-3.12365562e-01
-3.15279901e-01
-3.18191260e-01
-3.21099639e-01
-3.24004948e-01
-3.26907247e-01
-3.29806447e-01
-3.32702547e-01
-3.35595489e-01
-3.38485301e-01
-3.41371894e-01
-3.44255269e-01
-3.47135425e-01
-3.50012302e-01
-3.52885872e-01
-3.55756134e-01
-3.58623058e-01
-3.61486554e-01
-3.64346683e-01
-3.67203355e-01
-3.70056599e-01
-3.72906327e-01
-3.75752568e-01
-3.78595233e-01
-3.81434381e-01
-3.84269893e-01
-3.87101799e-01
-3.89930040e-01
-3.92754614e-01
-3.95575523e-01
-3.98392677e-01
-4.01206076e-01
-4.04015720e-01
-4.06821519e-01
-4.09623533e-01
-4.12421644e-01
-4.15215880e-01
-4.18006182e-01
-4.20792580e-01
-4.23575014e-01
-4.26353455e-01
-4.29127842e-01
-4.31898236e-01
-4.34664547e-01
-4.37426746e-01
-4.40184861e-01
-4.42938775e-01
-4.45688546e-01
-4.48434114e-01
-4.51175451e-01
-4.53912526e-01
-4.56645340e-01
-4.59373862e-01
-4.62098062e-01
-4.64817911e-01
-4.67533350e-01
-4.70244408e-01
-4.72950995e-01
-4.75653172e-01
-4.78350848e-01
-4.81044024e-01
-4.83732700e-01
-4.86416757e-01
-4.89096284e-01
-4.91771162e-01
-4.94441390e-01
-4.97106999e-01
-4.99767900e-01
-5.02424121e-01
-5.05075634e-01
-5.07722318e-01
-5.10364234e-01
-5.13001382e-01
-5.15633702e-01
-5.18261075e-01
-5.20883620e-01
-5.23501217e-01
-5.26113987e-01
-5.28721690e-01
-5.31324506e-01
-5.33922255e-01
-5.36514997e-01
-5.39102733e-01
-5.41685343e-01
-5.44262826e-01
-5.46835184e-01
-5.49402356e-01
-5.51964462e-01
-5.54521263e-01
-5.57072878e-01
-5.59619248e-01
-5.62160373e-01
-5.64696193e-01
-5.67226708e-01
-5.69751799e-01
-5.72271526e-01
-5.74785948e-01
-5.77294886e-01
-5.79798400e-01
-5.82296491e-01
-5.84789038e-01
-5.87276101e-01
-5.89757681e-01
-5.92233658e-01
-5.94704032e-01
-5.97168863e-01
-5.99627972e-01
-6.02081478e-01
-6.04529262e-01
-6.06971383e-01
-6.09407842e-01
-6.11838579e-01
-6.14263535e-01
-6.16682708e-01
-6.19096041e-01
-6.21503472e-01
-6.23905122e-01
-6.26300871e-01
-6.28690779e-01
-6.31074667e-01
-6.33452654e-01
-6.35824621e-01
-6.38190687e-01
-6.40550673e-01
-6.42904699e-01
-6.45252585e-01
-6.47594452e-01
-6.49930179e-01
-6.52259767e-01
-6.54583275e-01
-6.56900585e-01
-6.59211695e-01
-6.61516607e-01
-6.63815320e-01
-6.66107774e-01
-6.68393910e-01
-6.70673728e-01
-6.72947288e-01
-6.75214469e-01
-6.77475274e-01
-6.79729700e-01
-6.81977689e-01
-6.84219301e-01
-6.86454475e-01
-6.88683212e-01
-6.90905452e-01
-6.93121195e-01
-6.95330381e-01
-6.97533011e-01
-6.99729025e-01
-7.01918483e-01
-7.04101324e-01
-7.06277490e-01
-7.08447039e-01
-7.10609913e-01
-7.12766111e-01
-7.14915633e-01
-7.17058420e-01
-7.19194412e-01
-7.21323609e-01
-7.23446012e-01
-7.25561559e-01
-7.27670372e-01
-7.29772210e-01
-7.31867194e-01
-7.33955324e-01
-7.36036539e-01
-7.38110840e-01
-7.40178168e-01
-7.42238581e-01
-7.44291961e-01
-7.46338308e-01
-7.48377562e-01
-7.50409842e-01
-7.52435029e-01
-7.54453182e-01
-7.56464124e-01
-7.58467972e-01
-7.60464668e-01
-7.62454212e-01
-7.64436603e-01
-7.66411841e-01
-7.68379748e-01
-7.70340443e-01
-7.72293866e-01
-7.74240077e-01
-7.76179016e-01
-7.78110564e-01
-7.80034840e-01
-7.81951725e-01
-7.83861220e-01
-7.85763323e-01
-7.87658036e-01
-7.89545357e-01
-7.91425288e-01
-7.93297768e-01
-7.95162737e-01
-7.97020137e-01
-7.98870087e-01
-8.00712526e-01
-8.02547395e-01
-8.04374695e-01
-8.06194365e-01
-8.08006465e-01
-8.09810996e-01
-8.11607838e-01
-8.13397110e-01
-8.15178752e-01
-8.16952705e-01
-8.18718970e-01
-8.20477486e-01
-8.22228253e-01
-8.23971272e-01
-8.25706601e-01
-8.27434003e-01
-8.29153597e-01
-8.30865443e-01
-8.32569480e-01
-8.34265649e-01
-8.35954010e-01
-8.37634444e-01
-8.39307010e-01
-8.40971708e-01
-8.42628419e-01
-8.44277263e-01
-8.45918059e-01
-8.47550929e-01
-8.49175811e-01
-8.50792766e-01
-8.52401674e-01
-8.54002476e-01
-8.55595291e-01
-8.57179999e-01
-8.58756661e-01
-8.60325277e-01
-8.61885726e-01
-8.63438070e-01
-8.64982247e-01
-8.66518319e-01
-8.68046224e-01
-8.69565904e-01
-8.71077418e-01
-8.72580767e-01
-8.74075830e-01
-8.75562668e-01
-8.77041280e-01
-8.78511608e-01
-8.79973650e-01
-8.81427526e-01
-8.82872939e-01
-8.84310067e-01
-8.85738909e-01
-8.87159467e-01
-8.88571560e-01
-8.89975309e-01
-8.91370654e-01
-8.92757595e-01
-8.94136190e-01
-8.95506322e-01
-8.96867990e-01
-8.98221254e-01
-8.99566054e-01
-9.00902390e-01
-9.02230144e-01
-9.03549492e-01
-9.04860258e-01
-9.06162560e-01
-9.07456338e-01
-9.08741474e-01
-9.10018146e-01
-9.11286235e-01
-9.12545681e-01
-9.13796544e-01
-9.15038824e-01
-9.16272461e-01
-9.17497456e-01
-9.18713808e-01
-9.19921517e-01
-9.21120524e-01
-9.22310889e-01
-9.23492610e-01
-9.24665630e-01
-9.25829828e-01
-9.26985383e-01
-9.28132176e-01
-9.29270208e-01
-9.30399537e-01
-9.31520045e-01
-9.32631850e-01
-9.33734834e-01
-9.34829056e-01
-9.35914397e-01
-9.36990976e-01
-9.38058674e-01
-9.39117551e-01
-9.40167546e-01
-9.41208720e-01
-9.42241013e-01
-9.43264425e-01
-9.44278955e-01
-9.45284665e-01
-9.46281493e-01
-9.47269380e-01
-9.48248267e-01
-9.49218214e-01
-9.50179279e-01
-9.51131344e-01
-9.52074468e-01
-9.53008533e-01
-9.53933716e-01
-9.54849899e-01
-9.55757082e-01
-9.56655324e-01
-9.57544446e-01
-9.58424628e-01
-9.59295690e-01
-9.60157752e-01
-9.61010754e-01
-9.61854756e-01
-9.62689698e-01
-9.63515520e-01
-9.64332283e-01
-9.65139985e-01
-9.65938568e-01
-9.66728091e-01
-9.67508495e-01
-9.68279719e-01
-9.69041884e-01
-9.69794929e-01
-9.70538795e-01
-9.71273541e-01
-9.71999109e-01
-9.72715497e-01
-9.73422766e-01
-9.74120855e-01
-9.74809766e-01
-9.75489438e-01
-9.76159930e-01
-9.76821303e-01
-9.77473438e-01
-9.78116333e-01
-9.78750050e-01
-9.79374528e-01
-9.79989767e-01
-9.80595827e-01
-9.81192589e-01
-9.81780171e-01
-9.82358515e-01
-9.82927561e-01
-9.83487308e-01
-9.84037817e-01
-9.84579086e-01
-9.85110998e-01
-9.85633731e-01
-9.86147106e-01
-9.86651242e-01
-9.87146080e-01
-9.87631559e-01
-9.88107800e-01
-9.88574684e-01
-9.89032209e-01
-9.89480495e-01
-9.89919424e-01
-9.90349054e-01
-9.90769327e-01
-9.91180241e-01
-9.91581857e-01
-9.91974115e-01
-9.92357075e-01
-9.92730677e-01
-9.93094862e-01
-9.93449688e-01
-9.93795216e-01
-9.94131327e-01
-9.94458079e-01
-9.94775534e-01
-9.95083570e-01
-9.95382249e-01
-9.95671511e-01
-9.95951355e-01
-9.96221900e-01
-9.96483028e-01
-9.96734738e-01
-9.96977091e-01
-9.97210085e-01
-9.97433603e-01
-9.97647762e-01
-9.97852504e-01
-9.98047948e-01
-9.98233914e-01
-9.98410463e-01
-9.98577595e-01
-9.98735368e-01
-9.98883665e-01
-9.99022603e-01
-9.99152064e-01
-9.99272168e-01
-9.99382854e-01
-9.99484122e-01
-9.99575973e-01
-9.99658406e-01
-9.99731362e-01
-9.99794960e-01
-9.99849141e-01
-9.99893904e-01
-9.99929249e-01
-9.99955118e-01
-9.99971628e-01
-9.99978662e-01
-9.99976337e-01
-9.99964535e-01
-9.99943316e-01
-9.99912679e-01
-9.99872684e-01
-9.99823213e-01
-9.99764323e-01
-9.99696016e-01
-9.99618292e-01
-9.99531150e-01
-9.99434650e-01
-9.99328673e-01
-9.99213338e-01
-9.99088466e-01
-9.98954237e-01
-9.98810649e-01
-9.98657644e-01
-9.98495221e-01
-9.98323321e-01
-9.98142123e-01
-9.97951448e-01
-9.97751355e-01
-9.97541845e-01
-9.97323036e-01
-9.97094750e-01
-9.96857107e-01
-9.96610105e-01
-9.96353686e-01
-9.96087849e-01
-9.95812595e-01
-9.95528042e-01
-9.95234072e-01
-9.94930744e-01
-9.94617999e-01
-9.94295895e-01
-9.93964434e-01
-9.93623614e-01
-9.93273437e-01
-9.92913902e-01
-9.92544949e-01
-9.92166698e-01
-9.91779089e-01
-9.91382182e-01
-9.90975916e-01
-9.90560293e-01
-9.90135372e-01
-9.89701092e-01
-9.89257514e-01
-9.88804579e-01
-9.88342345e-01
-9.87870753e-01
-9.87389922e-01
-9.86899793e-01
-9.86400366e-01
-9.85891581e-01
-9.85373616e-01
-9.84846234e-01
-9.84309614e-01
-9.83763754e-01
-9.83208597e-01
-9.82644141e-01
-9.82070506e-01
-9.81487572e-01
-9.80895400e-01
-9.80293989e-01
-9.79683340e-01
-9.79063451e-01
-9.78434324e-01
-9.77796018e-01
-9.77148533e-01
-9.76491809e-01
-9.75825906e-01
-9.75150764e-01
-9.74466503e-01
-9.73773003e-01
-9.73070323e-01
-9.72358465e-01
-9.71637487e-01
-9.70907331e-01
-9.70167994e-01
-9.69419539e-01
-9.68661964e-01
-9.67895269e-01
-9.67119455e-01
-9.66334522e-01
-9.65540469e-01
-9.64737356e-01
-9.63925064e-01
-9.63103771e-01
-9.62273419e-01
-9.61434007e-01
-9.60585475e-01
-9.59727943e-01
-9.58861291e-01
-9.57985699e-01
-9.57101047e-01
-9.56207395e-01
-9.55304742e-01
-9.54393029e-01
-9.53472316e-01
-9.52542663e-01
-9.51604009e-01
-9.50656414e-01
-9.49699879e-01
-9.48734343e-01
-9.47759926e-01
-9.46776569e-01
-9.45784330e-01
-9.44783092e-01
-9.43772972e-01
-9.42753971e-01
-9.41726089e-01
-9.40689385e-01
-9.39643741e-01
-9.38589275e-01
-9.37525928e-01
-9.36453819e-01
-9.35372829e-01
-9.34283078e-01
-9.33184445e-01
-9.32077110e-01
-9.30961013e-01
-9.29836035e-01
-9.28702354e-01
-9.27559853e-01
-9.26408708e-01
-9.25248802e-01
-9.24080253e-01
-9.22902942e-01
-9.21716928e-01
-9.20522213e-01
-9.19318855e-01
-9.18106735e-01
-9.16886032e-01
-9.15656686e-01
-9.14418757e-01
-9.13172185e-01
-9.11917031e-01
-9.10653293e-01
-9.09380913e-01
-9.08100009e-01
-9.06810522e-01
-9.05512512e-01
-9.04205918e-01
-9.02890861e-01
-9.01567280e-01
-9.00235236e-01
-8.98894727e-01
-8.97545695e-01
-8.96188259e-01
-8.94822359e-01
-8.93447995e-01
-8.92065227e-01
-8.90674055e-01
-8.89274478e-01
-8.87866557e-01
-8.86450231e-01
-8.85025620e-01
-8.83592606e-01
-8.82151306e-01
-8.80701661e-01
-8.79243791e-01
-8.77777576e-01
-8.76303017e-01
-8.74820232e-01
-8.73329282e-01
-8.71830046e-01
-8.70322645e-01
-8.68807018e-01
-8.67283225e-01
-8.65751326e-01
-8.64211202e-01
-8.62662911e-01
-8.61106515e-01
-8.59542012e-01
-8.57969403e-01
-8.56388688e-01
-8.54799926e-01
-8.53203118e-01
-8.51598263e-01
-8.49985361e-01
-8.48364472e-01
-8.46735597e-01
-8.45098734e-01
-8.43453884e-01
-8.41801107e-01
-8.40140462e-01
-8.38471830e-01
-8.36795330e-01
-8.35110962e-01
-8.33418667e-01
-8.31718564e-01
-8.30010533e-01
-8.28294814e-01
-8.26571167e-01
-8.24839830e-01
-8.23100686e-01
-8.21353793e-01
-8.19599211e-01
-8.17836821e-01
-8.16066742e-01
-8.14288974e-01
-8.12503517e-01
-8.10710371e-01
-8.08909655e-01
-8.07101369e-01
-8.05285454e-01
-8.03461969e-01
-8.01630914e-01
-7.99792230e-01
-7.97946036e-01
-7.96092391e-01
-7.94231176e-01
-7.92362511e-01
-7.90486336e-01
-7.88602710e-01
-7.86711693e-01
-7.84813225e-01
-7.82907426e-01
-7.80994236e-01
-7.79073596e-01
-7.77145743e-01
-7.75210559e-01
-7.73267984e-01
-7.71318197e-01
-7.69361138e-01
-7.67396808e-01
-7.65425205e-01
-7.63446391e-01
-7.61460423e-01
-7.59467244e-01
-7.57466972e-01
-7.55459547e-01
-7.53444970e-01
-7.51423359e-01
-7.49394596e-01
-7.47358859e-01
-7.45316029e-01
-7.43266225e-01
-7.41209328e-01
-7.39145398e-01
-7.37074554e-01
-7.34996796e-01
-7.32912183e-01
-7.30820596e-01
-7.28722155e-01
-7.26616859e-01
-7.24504709e-01
-7.22385764e-01
-7.20259905e-01
-7.18127251e-01
-7.15987921e-01
-7.13841796e-01
-7.11688876e-01
-7.09529340e-01
-7.07363188e-01
-7.05190301e-01
-7.03010738e-01
-7.00824618e-01
-6.98631823e-01
-6.96432531e-01
-6.94226682e-01
-6.92014217e-01
-6.89795256e-01
-6.87569737e-01
-6.85337782e-01
-6.83099389e-01
-6.80854619e-01
-6.78603351e-01
-6.76345706e-01
-6.74081743e-01
-6.71811342e-01
-6.69534683e-01
-6.67251706e-01
-6.64962411e-01
-6.62666798e-01
-6.60364985e-01
-6.58056974e-01
-6.55742764e-01
-6.53422356e-01
-6.51095808e-01
-6.48763120e-01
-6.46424353e-01
-6.44079447e-01
-6.41728520e-01
-6.39371514e-01
-6.37008488e-01
-6.34639442e-01
-6.32264435e-01
-6.29883528e-01
-6.27496660e-01
-6.25103891e-01
-6.22705162e-01
-6.20300651e-01
-6.17890179e-01
-6.15473926e-01
-6.13051832e-01
-6.10624015e-01
-6.08190417e-01
-6.05751097e-01
-6.03306115e-01
-6.00855470e-01
-5.98399103e-01
-5.95937133e-01
-5.93469560e-01
-5.90996385e-01
-5.88517666e-01
-5.86033344e-01
-5.83543539e-01
-5.81048191e-01
-5.78547418e-01
-5.76041162e-01
-5.73529482e-01
-5.71012437e-01
-5.68489969e-01
-5.65962195e-01
-5.63428998e-01
-5.60890555e-01
-5.58346808e-01
-5.55797815e-01
-5.53243577e-01
-5.50684154e-01
-5.48119545e-01
-5.45549750e-01
-5.42974830e-01
-5.40394783e-01
-5.37809610e-01
-5.35219371e-01
-5.32624125e-01
-5.30023873e-01
-5.27418554e-01
-5.24808347e-01
-5.22193134e-01
-5.19573092e-01
-5.16948104e-01
-5.14318228e-01
-5.11683464e-01
-5.09043932e-01
-5.06399572e-01
-5.03750443e-01
-5.01096666e-01
-4.98438090e-01
-4.95774865e-01
-4.93106961e-01
-4.90434378e-01
-4.87757206e-01
-4.85075355e-01
-4.82389003e-01
-4.79698062e-01
-4.77002650e-01
-4.74302709e-01
-4.71598297e-01
-4.68889475e-01
-4.66176212e-01
-4.63458598e-01
-4.60736603e-01
-4.58010256e-01
-4.55279589e-01
-4.52544659e-01
-4.49805439e-01
-4.47061956e-01
-4.44314241e-01
-4.41562414e-01
-4.38806385e-01
-4.36046243e-01
-4.33281958e-01
-4.30513620e-01
-4.27741230e-01
-4.24964815e-01
-4.22184378e-01
-4.19399977e-01
-4.16611612e-01
-4.13819343e-01
-4.11023170e-01
-4.08223093e-01
-4.05419171e-01
-4.02611464e-01
-3.99799943e-01
-3.96984667e-01
-3.94165635e-01
-3.91342908e-01
-3.88516456e-01
-3.85686398e-01
-3.82852674e-01
-3.80015343e-01
-3.77174437e-01
-3.74329954e-01
-3.71481985e-01
-3.68630499e-01
-3.65775555e-01
-3.62917155e-01
-3.60055327e-01
-3.57190073e-01
-3.54321480e-01
-3.51449579e-01
-3.48574370e-01
-3.45695853e-01
-3.42814088e-01
-3.39929074e-01
-3.37040871e-01
-3.34149480e-01
-3.31254959e-01
-3.28357309e-01
-3.25456560e-01
-3.22552741e-01
-3.19645882e-01
-3.16736013e-01
-3.13823193e-01
-3.10907423e-01
-3.07988673e-01
-3.05067003e-01
-3.02142501e-01
-2.99215168e-01
-2.96285003e-01
-2.93352038e-01
-2.90416330e-01
-2.87477851e-01
-2.84536690e-01
-2.81592846e-01
-2.78646320e-01
-2.75697201e-01
-2.72745460e-01
-2.69791156e-01
-2.66834289e-01
-2.63874948e-01
-2.60913104e-01
-2.57948816e-01
-2.54982084e-01
-2.52012938e-01
-2.49041438e-01
-2.46067584e-01
-2.43091419e-01
-2.40112960e-01
-2.37132251e-01
-2.34149292e-01
-2.31164128e-01
-2.28176773e-01
-2.25187287e-01
-2.22195670e-01
-2.19201982e-01
-2.16206208e-01
-2.13208407e-01
-2.10208595e-01
-2.07206801e-01
-2.04203039e-01
-2.01197356e-01
-1.98189780e-01
-1.95180357e-01
-1.92169085e-01
-1.89155996e-01
-1.86141133e-01
-1.83124498e-01
-1.80106148e-01
-1.77086100e-01
-1.74064398e-01
-1.71041042e-01
-1.68016076e-01
-1.64989516e-01
-1.61961421e-01
-1.58931792e-01
-1.55900672e-01
-1.52868077e-01
-1.49834052e-01
-1.46798596e-01
-1.43761769e-01
-1.40723601e-01
-1.37684092e-01
-1.34643286e-01
-1.31601214e-01
-1.28557891e-01
-1.25513360e-01
-1.22467652e-01
-1.19420789e-01
-1.16372809e-01
-1.13323733e-01
-1.10273577e-01
-1.07222386e-01
-1.04170181e-01
-1.01116993e-01
-9.80628580e-02
-9.50077921e-02
-9.19518396e-02
-8.88950229e-02
-8.58373716e-02
-8.27789083e-02
-7.97196627e-02
-7.66596645e-02
-7.35989437e-02
-7.05375373e-02
-6.74754605e-02
-6.44127429e-02
-6.13494292e-02
-5.82855269e-02
-5.52210771e-02
-5.21561094e-02
-4.90906499e-02
-4.60247286e-02
-4.29583751e-02
-3.98916155e-02
-3.68244760e-02
-3.37570049e-02
-3.06891873e-02
-2.76210681e-02
-2.45523658e-02
-2.14852020e-02
-1.84212886e-02
-1.53816519e-02
-1.23520680e-02
-9.44702607e-03
-6.36087963e-03
-4.19326173e-03
-2.02429108e-03
0.00000000e+00
0.00000000e+00
