1.77906442e-03
3.68584343e-03
5.60175907e-03
7.51828076e-03
9.43477917e-03
1.13511942e-02
1.32675031e-02
1.51836891e-02
1.70997325e-02
1.90156195e-02
2.09313277e-02
2.28468422e-02
2.47621424e-02
2.66772136e-02
2.85920370e-02
3.05065922e-02
3.24208662e-02
3.43348347e-02
3.62484865e-02
3.81617993e-02
4.00747582e-02
4.19873446e-02
4.38995436e-02
4.58113290e-02
4.77226898e-02
4.96336073e-02
5.15440628e-02
5.34540415e-02
5.53635210e-02
5.72724864e-02
5.91809191e-02
6.10888004e-02
6.29961118e-02
6.49028420e-02
6.68089613e-02
6.87144548e-02
7.06193149e-02
7.25235194e-02
7.44270533e-02
7.63298869e-02
7.82320127e-02
8.01334158e-02
8.20340589e-02
8.39339495e-02
8.58330578e-02
8.77313763e-02
8.96288753e-02
9.15255472e-02
9.34213549e-02
9.53162983e-02
9.72103551e-02
9.91035029e-02
1.00995734e-01
1.02887020e-01
1.04777351e-01
1.06666714e-01
1.08555079e-01
1.10442437e-01
1.12328768e-01
1.14214048e-01
1.16098262e-01
1.17981412e-01
1.19863451e-01
1.21744387e-01
1.23624191e-01
1.25502840e-01
1.27380326e-01
1.29256636e-01
1.31131724e-01
1.33005604e-01
1.34878233e-01
1.36749610e-01
1.38619736e-01
1.40488550e-01
1.42356083e-01
1.44222260e-01
1.46087110e-01
1.47950605e-01
1.49812728e-01
1.51673466e-01
1.53532773e-01
1.55390665e-01
1.57247096e-01
1.59102082e-01
1.60955563e-01
1.62807569e-01
1.64658055e-01
1.66507006e-01
1.68354422e-01
1.70200258e-01
1.72044501e-01
1.73887163e-01
1.75728202e-01
1.77567616e-01
1.79405361e-01
1.81241453e-01
1.83075860e-01
1.84908554e-01
1.86739534e-01
1.88568756e-01
1.90396234e-01
1.92221940e-01
1.94045857e-01
1.95867956e-01
1.97688252e-01
1.99506700e-01
2.01323301e-01
2.03138024e-01
2.04950869e-01
2.06761792e-01
2.08570793e-01
2.10377842e-01
2.12182924e-01
2.13986039e-01
2.15787187e-01
2.17586309e-01
2.19383419e-01
2.21178472e-01
2.22971469e-01
2.24762410e-01
2.26551235e-01
2.28337973e-01
2.30122566e-01
2.31905028e-01
2.33685330e-01
2.35463455e-01
2.37239391e-01
2.39013121e-01
2.40784630e-01
2.42553890e-01
2.44320884e-01
2.46085614e-01
2.47848049e-01
2.49608174e-01
2.51365989e-01
2.53121436e-01
2.54874557e-01
2.56625354e-01
2.58373737e-01
2.60119706e-01
2.61863232e-01
2.63604343e-01
2.65342981e-01
2.67079175e-01
2.68812895e-01
2.70544082e-01
2.72272766e-01
2.73998916e-01
2.75722504e-01
2.77443558e-01
2.79161990e-01
2.80877858e-01
2.82591075e-01
2.84301698e-01
2.86009640e-01
2.87714928e-01
2.89417535e-01
2.91117430e-01
2.92814612e-01
2.94509113e-01
2.96200842e-01
2.97889829e-01
2.99576044e-01
3.01259488e-01
3.02940100e-01
3.04617882e-01
3.06292862e-01
3.07964981e-01
3.09634238e-01
3.11300635e-01
3.12964141e-01
3.14624727e-01
3.16282332e-01
3.17937016e-01
3.19588721e-01
3.21237445e-01
3.22883219e-01
3.24525982e-01
3.26165706e-01
3.27802390e-01
3.29436034e-01
3.31066608e-01
3.32694083e-01
3.34318489e-01
3.35939765e-01
3.37557912e-01
3.39172900e-01
3.40784699e-01
3.42393368e-01
3.43998820e-01
3.45601082e-01
3.47200125e-01
3.48795950e-01
3.50388527e-01
3.51977795e-01
3.53563815e-01
3.55146527e-01
3.56725931e-01
3.58302057e-01
3.59874815e-01
3.61444235e-01
3.63010287e-01
3.64572942e-01
3.66132170e-01
3.67688030e-01
3.69240463e-01
3.70789438e-01
3.72334957e-01
3.73877019e-01
3.75415623e-01
3.76950711e-01
3.78482282e-01
3.80010337e-01
3.81534845e-01
3.83055806e-01
3.84573191e-01
3.86087030e-01
3.87597263e-01
3.89103860e-01
3.90606850e-01
3.92106146e-01
3.93601835e-01
3.95093828e-01
3.96582156e-01
3.98066819e-01
3.99547756e-01
4.01024967e-01
4.02498424e-01
4.03968155e-01
4.05434132e-01
4.06896323e-01
4.08354729e-01
4.09809291e-01
4.11260098e-01
4.12707090e-01
4.14150238e-01
4.15589541e-01
4.17024910e-01
4.18456376e-01
4.19883937e-01
4.21307564e-01
4.22727287e-01
4.24143046e-01
4.25554872e-01
4.26962703e-01
4.28366542e-01
4.29766446e-01
4.31162328e-01
4.32554185e-01
4.33941990e-01
4.35325772e-01
4.36705500e-01
4.38081175e-01
4.39452738e-01
4.40820217e-01
4.42183554e-01
4.43542778e-01
4.44897890e-01
4.46248829e-01
4.47595656e-01
4.48938280e-01
4.50276703e-01
4.51610923e-01
4.52940971e-01
4.54266787e-01
4.55588371e-01
4.56905663e-01
4.58218724e-01
4.59527522e-01
4.60832030e-01
4.62132215e-01
4.63428110e-01
4.64719683e-01
4.66006935e-01
4.67289865e-01
4.68568385e-01
4.69842553e-01
4.71112341e-01
4.72377717e-01
4.73638684e-01
4.74895239e-01
4.76147354e-01
4.77395058e-01
4.78638291e-01
4.79877055e-01
4.81111377e-01
4.82341200e-01
4.83566552e-01
4.84787375e-01
4.86003667e-01
4.87215400e-01
4.88422632e-01
4.89625245e-01
4.90823358e-01
4.92016822e-01
4.93205756e-01
4.94390041e-01
4.95569706e-01
4.96744812e-01
4.97915268e-01
4.99081075e-01
5.00242233e-01
5.01398683e-01
5.02550483e-01
5.03697634e-01
5.04840016e-01
5.05977750e-01
5.07110715e-01
5.08239031e-01
5.09362638e-01
5.10481477e-01
5.11595607e-01
5.12705028e-01
5.13809681e-01
5.14909565e-01
5.16004682e-01
5.17094910e-01
5.18180311e-01
5.19260824e-01
5.20336390e-01
5.21407127e-01
5.22472918e-01
5.23533881e-01
5.24589896e-01
5.25641084e-01
5.26687324e-01
5.27728677e-01
5.28765142e-01
5.29796600e-01
5.30823171e-01
5.31844795e-01
5.32861471e-01
5.33873141e-01
5.34879863e-01
5.35881579e-01
5.36878288e-01
5.37869990e-01
5.38856745e-01
5.39838493e-01
5.40815175e-01
5.41786790e-01
5.42753339e-01
5.43714821e-01
5.44671237e-01
5.45622647e-01
5.46568871e-01
5.47510028e-01
5.48446059e-01
5.49376965e-01
5.50302804e-01
5.51223457e-01
5.52138925e-01
5.53049266e-01
5.53954422e-01
5.54854453e-01
5.55749178e-01
5.56638777e-01
5.57523191e-01
5.58402419e-01
5.59276402e-01
5.60145199e-01
5.61008751e-01
5.61867118e-01
5.62720180e-01
5.63567996e-01
5.64410567e-01
5.65247893e-01
5.66079974e-01
5.66906810e-01
5.67728281e-01
5.68544388e-01
5.69355130e-01
5.70160508e-01
5.70960522e-01
5.71755171e-01
5.72544396e-01
5.73328316e-01
5.74106872e-01
5.74880004e-01
5.75647831e-01
5.76410234e-01
5.77167332e-01
5.77919006e-01
5.78665316e-01
5.79406142e-01
5.80141604e-01
5.80871582e-01
5.81596255e-01
5.82315385e-01
5.83029091e-01
5.83737433e-01
5.84440231e-01
5.85137606e-01
5.85829556e-01
5.86516023e-01
5.87196946e-01
5.87872446e-01
5.88542461e-01
5.89206994e-01
5.89866042e-01
5.90519607e-01
5.91167688e-01
5.91810286e-01
5.92447340e-01
5.93078792e-01
5.93704700e-01
5.94325006e-01
5.94939828e-01
5.95549047e-01
5.96152663e-01
5.96750617e-01
5.97343028e-01
5.97929895e-01
5.98511100e-01
5.99086702e-01
5.99656701e-01
6.00221157e-01
6.00779951e-01
6.01333141e-01
6.01880729e-01
6.02422655e-01
6.02959037e-01
6.03489697e-01
6.04014695e-01
6.04534090e-01
6.05047822e-01
6.05555892e-01
6.06058300e-01
6.06555045e-01
6.07046127e-01
6.07531548e-01
6.08011305e-01
6.08485401e-01
6.08953834e-01
6.09416544e-01
6.09873593e-01
6.10324979e-01
6.10770643e-01
6.11210704e-01
6.11645103e-01
6.12073779e-01
6.12496734e-01
6.12914085e-01
6.13325655e-01
6.13731623e-01
6.14131868e-01
6.14526510e-01
6.14915431e-01
6.15298629e-01
6.15676105e-01
6.16047740e-01
6.16413534e-01
6.16773546e-01
6.17127717e-01
6.17476046e-01
6.17818475e-01
6.18155062e-01
6.18485749e-01
6.18810594e-01
6.19129539e-01
6.19442642e-01
6.19749904e-01
6.20051324e-01
6.20346963e-01
6.20636642e-01
6.20920539e-01
6.21198595e-01
6.21470749e-01
6.21737003e-01
6.21997416e-01
6.22252047e-01
6.22500837e-01
6.22743785e-01
6.22980833e-01
6.23212039e-01
6.23437345e-01
6.23656750e-01
6.23870373e-01
6.24078095e-01
6.24280035e-01
6.24476075e-01
6.24666274e-01
6.24850631e-01
6.25029027e-01
6.25201643e-01
6.25368416e-01
6.25529349e-01
6.25684381e-01
6.25833511e-01
6.25976741e-01
6.26114190e-01
6.26245737e-01
6.26371443e-01
6.26491189e-01
6.26605153e-01
6.26713216e-01
6.26815438e-01
6.26911759e-01
6.27002239e-01
6.27086818e-01
6.27165616e-01
6.27238452e-01
6.27305388e-01
6.27366424e-01
6.27421677e-01
6.27471030e-01
6.27514482e-01
6.27552092e-01
6.27583802e-01
6.27609730e-01
6.27629757e-01
6.27643824e-01
6.27652109e-01
6.27654493e-01
6.27650976e-01
6.27641559e-01
6.27626240e-01
6.27605140e-01
6.27578139e-01
6.27545178e-01
6.27506435e-01
6.27461731e-01
6.27411246e-01
6.27354801e-01
6.27292514e-01
6.27224386e-01
6.27150357e-01
6.27070427e-01
6.26984656e-01
6.26892984e-01
6.26795471e-01
6.26692057e-01
6.26582801e-01
6.26467645e-01
6.26346648e-01
6.26219749e-01
6.26087010e-01
6.25948370e-01
6.25803828e-01
6.25653446e-01
6.25497222e-01
6.25335217e-01
6.25167251e-01
6.24993443e-01
6.24813676e-01
6.24628127e-01
6.24436677e-01
6.24239445e-01
6.24036312e-01
6.23827338e-01
6.23612463e-01
6.23391747e-01
6.23165131e-01
6.22932732e-01
6.22694433e-01
6.22450292e-01
6.22200310e-01
6.21944427e-01
6.21682703e-01
6.21415198e-01
6.21141791e-01
6.20862544e-01
6.20577395e-01
6.20286405e-01
6.19989514e-01
6.19686782e-01
6.19378269e-01
6.19063854e-01
6.18743598e-01
6.18417442e-01
6.18085504e-01
6.17747724e-01
6.17404044e-01
6.17054522e-01
6.16699159e-01
6.16337895e-01
6.15970790e-01
6.15597904e-01
6.15219116e-01
6.14834547e-01
6.14444137e-01
6.14047945e-01
6.13646030e-01
6.13238335e-01
6.12824917e-01
6.12405777e-01
6.11980915e-01
6.11550331e-01
6.11114085e-01
6.10672176e-01
6.10224605e-01
6.09771371e-01
6.09312415e-01
6.08847797e-01
6.08377457e-01
6.07901573e-01
6.07419908e-01
6.06932640e-01
6.06439710e-01
6.05941176e-01
6.05436862e-01
6.04926944e-01
6.04411304e-01
6.03890061e-01
6.03363156e-01
6.02830529e-01
6.02292299e-01
6.01748407e-01
6.01198852e-01
6.00643635e-01
6.00082874e-01
5.99516392e-01
5.98944366e-01
5.98366678e-01
5.97783327e-01
5.97194433e-01
5.96599936e-01
5.95999777e-01
5.95394135e-01
5.94782770e-01
5.94165921e-01
5.93543410e-01
5.92915356e-01
5.92281640e-01
5.91642439e-01
5.90997577e-01
5.90347230e-01
5.89691281e-01
5.89029849e-01
5.88362873e-01
5.87690413e-01
5.87012470e-01
5.86328983e-01
5.85640013e-01
5.84945560e-01
5.84245682e-01
5.83540261e-01
5.82829475e-01
5.82113147e-01
5.81391394e-01
5.80664217e-01
5.79931498e-01
5.79193413e-01
5.78449905e-01
5.77700973e-01
5.76946676e-01
5.76186836e-01
5.75421691e-01
5.74651122e-01
5.73875129e-01
5.73093712e-01
5.72306991e-01
5.71514845e-01
5.70717394e-01
5.69914579e-01
5.69106340e-01
5.68292797e-01
5.67473829e-01
5.66649556e-01
5.65819919e-01
5.64984977e-01
5.64144611e-01
5.63299000e-01
5.62448025e-01
5.61591804e-01
5.60730338e-01
5.59863627e-01
5.58991611e-01
5.58114409e-01
5.57231963e-01
5.56344271e-01
5.55451393e-01
5.54553270e-01
5.53649902e-01
5.52741408e-01
5.51827788e-01
5.50908923e-01
5.49984813e-01
5.49055576e-01
5.48121214e-01
5.47181666e-01
5.46236932e-01
5.45287132e-01
5.44332206e-01
5.43372095e-01
5.42406976e-01
5.41436672e-01
5.40461361e-01
5.39480925e-01
5.38495421e-01
5.37504852e-01
5.36509275e-01
5.35508692e-01
5.34503043e-01
5.33492446e-01
5.32476783e-01
5.31456172e-01
5.30430615e-01
5.29400110e-01
5.28364599e-01
5.27324140e-01
5.26278734e-01
5.25228322e-01
5.24173081e-01
5.23112893e-01
5.22047818e-01
5.20977795e-01
5.19902885e-01
5.18823147e-01
5.17738461e-01
5.16648948e-01
5.15554488e-01
5.14455140e-01
5.13350904e-01
5.12241840e-01
5.11127949e-01
5.10009289e-01
5.08885801e-01
5.07757604e-01
5.06624699e-01
5.05487084e-01
5.04344821e-01
5.03197789e-01
5.02046049e-01
5.00889540e-01
4.99728382e-01
4.98562545e-01
4.97391969e-01
4.96216744e-01
4.95036840e-01
4.93852317e-01
4.92663115e-01
4.91469324e-01
4.90270913e-01
4.89067882e-01
4.87860292e-01
4.86648083e-01
4.85431314e-01
4.84209985e-01
4.82984126e-01
4.81753707e-01
4.80518758e-01
4.79279280e-01
4.78035331e-01
4.76786852e-01
4.75533903e-01
4.74276453e-01
4.73014593e-01
4.71748292e-01
4.70477551e-01
4.69202399e-01
4.67922866e-01
4.66638893e-01
4.65350538e-01
4.64057863e-01
4.62760776e-01
4.61459339e-01
4.60153580e-01
4.58843499e-01
4.57529098e-01
4.56210375e-01
4.54887390e-01
4.53560144e-01
4.52228665e-01
4.50892866e-01
4.49552864e-01
4.48208630e-01
4.46860164e-01
4.45507526e-01
4.44150716e-01
4.42789704e-01
4.41424549e-01
4.40055251e-01
4.38681781e-01
4.37304199e-01
4.35922503e-01
4.34536755e-01
4.33146894e-01
4.31752950e-01
4.30354953e-01
4.28952903e-01
4.27546859e-01
4.26136762e-01
4.24722672e-01
4.23304588e-01
4.21882510e-01
4.20456469e-01
4.19026494e-01
4.17592615e-01
4.16154802e-01
4.14713085e-01
4.13267463e-01
4.11817908e-01
4.10364449e-01
4.08907056e-01
4.07445878e-01
4.05980885e-01
4.04512107e-01
4.03039604e-01
4.01563257e-01
4.00083184e-01
3.98599327e-01
3.97111714e-01
3.95620376e-01
3.94125313e-01
3.92626524e-01
3.91124099e-01
3.89617980e-01
3.88108194e-01
3.86594772e-01
3.85077715e-01
3.83557022e-01
3.82032722e-01
3.80504817e-01
3.78973365e-01
3.77438307e-01
3.75899732e-01
3.74357611e-01
3.72811973e-01
3.71262819e-01
3.69710147e-01
3.68154049e-01
3.66594493e-01
3.65031451e-01
3.63465041e-01
3.61895174e-01
3.60321939e-01
3.58745277e-01
3.57165217e-01
3.55581820e-01
3.53995115e-01
3.52405071e-01
3.50811750e-01
3.49215090e-01
3.47615153e-01
3.46011966e-01
3.44405502e-01
3.42795819e-01
3.41182917e-01
3.39566767e-01
3.37947458e-01
3.36324960e-01
3.34699333e-01
3.33070517e-01
3.31438571e-01
3.29803526e-01
3.28165352e-01
3.26524109e-01
3.24879795e-01
3.23232442e-01
3.21582049e-01
3.19928616e-01
3.18272173e-01
3.16612750e-01
3.14950347e-01
3.13284963e-01
3.11616659e-01
3.09945434e-01
3.08271259e-01
3.06594163e-01
3.04914176e-01
3.03231359e-01
3.01545709e-01
2.99857229e-01
2.98165947e-01
2.96471834e-01
2.94774950e-01
2.93075293e-01
2.91372865e-01
2.89667726e-01
2.87959814e-01
2.86249220e-01
2.84535944e-01
2.82819986e-01
2.81101346e-01
2.79380083e-01
2.77656198e-01
2.75929719e-01
2.74200618e-01
2.72468954e-01
2.70734727e-01
2.68997937e-01
2.67258614e-01
2.65516788e-01
2.63772488e-01
2.62025684e-01
2.60276437e-01
2.58524716e-01
2.56770581e-01
2.55014002e-01
2.53255069e-01
2.51493722e-01
2.49730036e-01
2.47963980e-01
2.46195614e-01
2.44424924e-01
2.42651954e-01
2.40876690e-01
2.39099160e-01
2.37319365e-01
2.35537365e-01
2.33753145e-01
2.31966719e-01
2.30178133e-01
2.28387371e-01
2.26594448e-01
2.24799410e-01
2.23002240e-01
2.21202984e-01
2.19401643e-01
2.17598230e-01
2.15792775e-01
2.13985309e-01
2.12175816e-01
2.10364342e-01
2.08550885e-01
2.06735447e-01
2.04918072e-01
2.03098759e-01
2.01277554e-01
1.99454471e-01
1.97629496e-01
1.95802659e-01
1.93974003e-01
1.92143500e-01
1.90311193e-01
1.88477099e-01
1.86641246e-01
1.84803620e-01
1.82964280e-01
1.81123197e-01
1.79280430e-01
1.77435964e-01
1.75589830e-01
1.73742056e-01
1.71892643e-01
1.70041621e-01
1.68188989e-01
1.66334778e-01
1.64478987e-01
1.62621662e-01
1.60762802e-01
1.58902422e-01
1.57040551e-01
1.55177221e-01
1.53312430e-01
1.51446193e-01
1.49578542e-01
1.47709474e-01
1.45839006e-01
1.43967181e-01
1.42094001e-01
1.40219480e-01
1.38343662e-01
1.36466533e-01
1.34588137e-01
1.32708445e-01
1.30827516e-01
1.28945366e-01
1.27061993e-01
1.25177428e-01
1.23291686e-01
1.21404789e-01
1.19516753e-01
1.17627591e-01
1.15737319e-01
1.13845959e-01
1.11953534e-01
1.10060059e-01
1.08165532e-01
1.06270000e-01
1.04373462e-01
1.02475949e-01
1.00577466e-01
9.86780450e-02
9.67776999e-02
9.48764384e-02
9.29742828e-02
9.10712630e-02
8.91673788e-02
8.72626603e-02
8.53571147e-02
8.34507793e-02
8.15436542e-02
7.96357691e-02
7.77271315e-02
7.58177638e-02
7.39076883e-02
7.19969124e-02
7.00854585e-02
6.81733564e-02
6.62606135e-02
6.43472448e-02
6.24332689e-02
6.05187081e-02
5.86035773e-02
5.66878989e-02
5.47716916e-02
5.28549701e-02
5.09377494e-02
4.90200557e-02
4.71018963e-02
4.51832972e-02
4.32642736e-02
4.13448438e-02
3.94250229e-02
3.75048332e-02
3.55842970e-02
3.36634219e-02
3.17422338e-02
2.98207495e-02
2.78989859e-02
2.59769615e-02
2.40546931e-02
2.21321993e-02
2.02095006e-02
1.82866119e-02
1.63635518e-02
1.44403381e-02
1.25169903e-02
1.05935261e-02
8.66996404e-03
6.74632099e-03
4.82261600e-03
2.89886724e-03
9.75092466e-04
-9.48689994e-04
-2.87246215e-03
-4.79620602e-03
-6.71990309e-03
-8.64353590e-03
-1.05670849e-02
-1.24905342e-02
-1.44138634e-02
-1.63370557e-02
-1.82600934e-02
-2.01829579e-02
-2.21056305e-02
-2.40280945e-02
-2.59503312e-02
-2.78723221e-02
-2.97940485e-02
-3.17154936e-02
-3.36366408e-02
-3.55574675e-02
-3.74779552e-02
-3.93980928e-02
-4.13178615e-02
-4.32372391e-02
-4.51562032e-02
-4.70747463e-02
-4.89928424e-02
-5.09104729e-02
-5.28276265e-02
-5.47442771e-02
-5.66604100e-02
-5.85760102e-02
-6.04910590e-02
-6.24055341e-02
-6.43194243e-02
-6.62327036e-02
-6.81453571e-02
-7.00573698e-02
-7.19687268e-02
-7.38793984e-02
-7.57893696e-02
-7.76986256e-02
-7.96071514e-02
-8.15149248e-02
-8.34219307e-02
-8.53281543e-02
-8.72335732e-02
-8.91381651e-02
-9.10419226e-02
-9.29448158e-02
-9.48468298e-02
-9.67479497e-02
-9.86481607e-02
-1.00547440e-01
-1.02445774e-01
-1.04343139e-01
-1.06239520e-01
-1.08134896e-01
-1.10029258e-01
-1.11922577e-01
-1.13814846e-01
-1.15706041e-01
-1.17596149e-01
-1.19485147e-01
-1.21373020e-01
-1.23259753e-01
-1.25145316e-01
-1.27029702e-01
-1.28912896e-01
-1.30794868e-01
-1.32675618e-01
-1.34555116e-01
-1.36433348e-01
-1.38310283e-01
-1.40185907e-01
-1.42060220e-01
-1.43933192e-01
-1.45804822e-01
-1.47675067e-01
-1.49543926e-01
-1.51411369e-01
-1.53277382e-01
-1.55141950e-01
-1.57005057e-01
-1.58866704e-01
-1.60726830e-01
-1.62585467e-01
-1.64442554e-01
-1.66298077e-01
-1.68152034e-01
-1.70004413e-01
-1.71855196e-01
-1.73704371e-01
-1.75551891e-01
-1.77397773e-01
-1.79241985e-01
-1.81084499e-01
-1.82925299e-01
-1.84764370e-01
-1.86601713e-01
-1.88437298e-01
-1.90271109e-01
-1.92103133e-01
-1.93933338e-01
-1.95761710e-01
-1.97588250e-01
-1.99412927e-01
-2.01235712e-01
-2.03056604e-01
-2.04875588e-01
-2.06692651e-01
-2.08507746e-01
-2.10320875e-01
-2.12132022e-01
-2.13941172e-01
-2.15748310e-01
-2.17553422e-01
-2.19356477e-01
-2.21157461e-01
-2.22956374e-01
-2.24753186e-01
-2.26547882e-01
-2.28340447e-01
-2.30130851e-01
-2.31919080e-01
-2.33705133e-01
-2.35488981e-01
-2.37270609e-01
-2.39050001e-01
-2.40827143e-01
-2.42602021e-01
-2.44374588e-01
-2.46144876e-01
-2.47912809e-01
-2.49678433e-01
-2.51441687e-01
-2.53202617e-01
-2.54961163e-01
-2.56717294e-01
-2.58471012e-01
-2.60222286e-01
-2.61971116e-01
-2.63717473e-01
-2.65461326e-01
-2.67202675e-01
-2.68941522e-01
-2.70677865e-01
-2.72411644e-01
-2.74142861e-01
-2.75871515e-01
-2.77597547e-01
-2.79320955e-01
-2.81041741e-01
-2.82759905e-01
-2.84475356e-01
-2.86188155e-01
-2.87898242e-01
-2.89605618e-01
-2.91310251e-01
-2.93012172e-01
-2.94711351e-01
-2.96407729e-01
-2.98101276e-01
-2.99792051e-01
-3.01479995e-01
-3.03165138e-01
-3.04847389e-01
-3.06526780e-01
-3.08203310e-01
-3.09876889e-01
-3.11547577e-01
-3.13215286e-01
-3.14880073e-01
-3.16541910e-01
-3.18200737e-01
-3.19856584e-01
-3.21509421e-01
-3.23159218e-01
-3.24805975e-01
-3.26449662e-01
-3.28090250e-01
-3.29727799e-01
-3.31362218e-01
-3.32993537e-01
-3.34621698e-01
-3.36246729e-01
-3.37868571e-01
-3.39487195e-01
-3.41102660e-01
-3.42714906e-01
-3.44323933e-01
-3.45929712e-01
-3.47532213e-01
-3.49131435e-01
-3.50727379e-01
-3.52320015e-01
-3.53909343e-01
-3.55495334e-01
-3.57078016e-01
-3.58657300e-01
-3.60233247e-01
-3.61805737e-01
-3.63374829e-01
-3.64940494e-01
-3.66502702e-01
-3.68061483e-01
-3.69616807e-01
-3.71168643e-01
-3.72716993e-01
-3.74261796e-01
-3.75803113e-01
-3.77340853e-01
-3.78875077e-01
-3.80405724e-01
-3.81932795e-01
-3.83456290e-01
-3.84976149e-01
-3.86492342e-01
-3.88004929e-01
-3.89513850e-01
-3.91019076e-01
-3.92520666e-01
-3.94018531e-01
-3.95512730e-01
-3.97003174e-01
-3.98489863e-01
-3.99972826e-01
-4.01451975e-01
-4.02927369e-01
-4.04398978e-01
-4.05866802e-01
-4.07330781e-01
-4.08790946e-01
-4.10247266e-01
-4.11699742e-01
-4.13148314e-01
-4.14592981e-01
-4.16033715e-01
-4.17470545e-01
-4.18903410e-01
-4.20332342e-01
-4.21757311e-01
-4.23178315e-01
-4.24595326e-01
-4.26008344e-01
-4.27417338e-01
-4.28822339e-01
-4.30223256e-01
-4.31620151e-01
-4.33012992e-01
-4.34401721e-01
-4.35786396e-01
-4.37166929e-01
-4.38543409e-01
-4.39915717e-01
-4.41283882e-01
-4.42647874e-01
-4.44007695e-01
-4.45363373e-01
-4.46714818e-01
-4.48062032e-01
-4.49405074e-01
-4.50743854e-01
-4.52078402e-01
-4.53408659e-01
-4.54734683e-01
-4.56056416e-01
-4.57373828e-01
-4.58686978e-01
-4.59995776e-01
-4.61300224e-01
-4.62600350e-01
-4.63896096e-01
-4.65187460e-01
-4.66474444e-01
-4.67757076e-01
-4.69035268e-01
-4.70309079e-01
-4.71578419e-01
-4.72843319e-01
-4.74103808e-01
-4.75359797e-01
-4.76611316e-01
-4.77858365e-01
-4.79100853e-01
-4.80338842e-01
-4.81572360e-01
-4.82801288e-01
-4.84025687e-01
-4.85245526e-01
-4.86460805e-01
-4.87671494e-01
-4.88877565e-01
-4.90079075e-01
-4.91275936e-01
-4.92468178e-01
-4.93655801e-01
-4.94838744e-01
-4.96017039e-01
-4.97190684e-01
-4.98359650e-01
-4.99523908e-01
-5.00683486e-01
-5.01838326e-01
-5.02988458e-01
-5.04133880e-01
-5.05274594e-01
-5.06410539e-01
-5.07541716e-01
-5.08668184e-01
-5.09789944e-01
-5.10906875e-01
-5.12018979e-01
-5.13126194e-01
-5.14228582e-01
-5.15326083e-01
-5.16418695e-01
-5.17506421e-01
-5.18589258e-01
-5.19667208e-01
-5.20740271e-01
-5.21808386e-01
-5.22871673e-01
-5.23929954e-01
-5.24983406e-01
-5.26031852e-01
-5.27075350e-01
-5.28113902e-01
-5.29147446e-01
-5.30176044e-01
-5.31199634e-01
-5.32218277e-01
-5.33231914e-01
-5.34240544e-01
-5.35244167e-01
-5.36242783e-01
-5.37236333e-01
-5.38224816e-01
-5.39208233e-01
-5.40186524e-01
-5.41159749e-01
-5.42127907e-01
-5.43090880e-01
-5.44048846e-01
-5.45001566e-01
-5.45949221e-01
-5.46891689e-01
-5.47829092e-01
-5.48761189e-01
-5.49688160e-01
-5.50610006e-01
-5.51526606e-01
-5.52438080e-01
-5.53344369e-01
-5.54245412e-01
-5.55141211e-01
-5.56031823e-01
-5.56917191e-01
-5.57797313e-01
-5.58672190e-01
-5.59541821e-01
-5.60406208e-01
-5.61265349e-01
-5.62119246e-01
-5.62967777e-01
-5.63810945e-01
-5.64648747e-01
-5.65481186e-01
-5.66308260e-01
-5.67129970e-01
-5.67946434e-01
-5.68757415e-01
-5.69563150e-01
-5.70363462e-01
-5.71158469e-01
-5.71948051e-01
-5.72732210e-01
-5.73510945e-01
-5.74284315e-01
-5.75052261e-01
-5.75814784e-01
-5.76571882e-01
-5.77323556e-01
-5.78069866e-01
-5.78810692e-01
-5.79546034e-01
-5.80275953e-01
-5.81000447e-01
-5.81719458e-01
-5.82432985e-01
-5.83141029e-01
-5.83843589e-01
-5.84540665e-01
-5.85232258e-01
-5.85918367e-01
-5.86598992e-01
-5.87274134e-01
-5.87943733e-01
-5.88607788e-01
-5.89266241e-01
-5.89919090e-01
-5.90566397e-01
-5.91208160e-01
-5.91844320e-01
-5.92474878e-01
-5.93099833e-01
-5.93719184e-01
-5.94332933e-01
-5.94941080e-01
-5.95543623e-01
-5.96140563e-01
-5.96731901e-01
-5.97317576e-01
-5.97897708e-01
-5.98472118e-01
-5.99040985e-01
-5.99604130e-01
-6.00161672e-01
-6.00713491e-01
-6.01259768e-01
-6.01800323e-01
-6.02335274e-01
-6.02864504e-01
-6.03388071e-01
-6.03905916e-01
-6.04418159e-01
-6.04924679e-01
-6.05425596e-01
-6.05920732e-01
-6.06410265e-01
-6.06894076e-01
-6.07372284e-01
-6.07844830e-01
-6.08311713e-01
-6.08772874e-01
-6.09228373e-01
-6.09678149e-01
-6.10122263e-01
-6.10560715e-01
-6.10993505e-01
-6.11420512e-01
-6.11841738e-01
-6.12257123e-01
-6.12666667e-01
-6.13070309e-01
-6.13468111e-01
-6.13860011e-01
-6.14246070e-01
-6.14626288e-01
-6.15000665e-01
-6.15369201e-01
-6.15731895e-01
-6.16088748e-01
-6.16439760e-01
-6.16784871e-01
-6.17124081e-01
-6.17457449e-01
-6.17785037e-01
-6.18106723e-01
-6.18422568e-01
-6.18732512e-01
-6.19036615e-01
-6.19334817e-01
-6.19627178e-01
-6.19913697e-01
-6.20194376e-01
-6.20469153e-01
-6.20738149e-01
-6.21001244e-01
-6.21258497e-01
-6.21509850e-01
-6.21755362e-01
-6.21995091e-01
-6.22228920e-01
-6.22456849e-01
-6.22678876e-01
-6.22895062e-01
-6.23105347e-01
-6.23309851e-01
-6.23508394e-01
-6.23701155e-01
-6.23887956e-01
-6.24068856e-01
-6.24243855e-01
-6.24413013e-01
-6.24576271e-01
-6.24733686e-01
-6.24885142e-01
-6.25030756e-01
-6.25170410e-01
-6.25304222e-01
-6.25432193e-01
-6.25554144e-01
-6.25670254e-01
-6.25780463e-01
-6.25884771e-01
-6.25983179e-01
-6.26075685e-01
-6.26162350e-01
-6.26243055e-01
-6.26317859e-01
-6.26386762e-01
-6.26449764e-01
-6.26506865e-01
-6.26558065e-01
-6.26603305e-01
-6.26642704e-01
-6.26676202e-01
-6.26703739e-01
-6.26725376e-01
-6.26741171e-01
-6.26751006e-01
-6.26754999e-01
-6.26753032e-01
-6.26745164e-01
-6.26731455e-01
-6.26711726e-01
-6.26686156e-01
-6.26654685e-01
-6.26617312e-01
-6.26574039e-01
-6.26524806e-01
-6.26469731e-01
-6.26408756e-01
-6.26341879e-01
-6.26269042e-01
-6.26190364e-01
-6.26105785e-01
-6.26015246e-01
-6.25918865e-01
-6.25816584e-01
-6.25708342e-01
-6.25594258e-01
-6.25474274e-01
-6.25348330e-01
-6.25216603e-01
-6.25078917e-01
-6.24935269e-01
-6.24785781e-01
-6.24630392e-01
-6.24469161e-01
-6.24301970e-01
-6.24128938e-01
-6.23949945e-01
-6.23765111e-01
-6.23574376e-01
-6.23377800e-01
-6.23175323e-01
-6.22967064e-01
-6.22752845e-01
-6.22532785e-01
-6.22306824e-01
-6.22075021e-01
-6.21837318e-01
-6.21593833e-01
-6.21344447e-01
-6.21089220e-01
-6.20828152e-01
-6.20561123e-01
-6.20288253e-01
-6.20009482e-01
-6.19724929e-01
-6.19434476e-01
-6.19138181e-01
-6.18835986e-01
-6.18528008e-01
-6.18214130e-01
-6.17894411e-01
-6.17568791e-01
-6.17237389e-01
-6.16900027e-01
-6.16556883e-01
-6.16207898e-01
-6.15853012e-01
-6.15492284e-01
-6.15125716e-01
-6.14753306e-01
-6.14375055e-01
-6.13990903e-01
-6.13600910e-01
-6.13205135e-01
-6.12803519e-01
-6.12396061e-01
-6.11982763e-01
-6.11563563e-01
-6.11138582e-01
-6.10707760e-01
-6.10271215e-01
-6.09829009e-01
-6.09381139e-01
-6.08927548e-01
-6.08468294e-01
-6.08003378e-01
-6.07532799e-01
-6.07056558e-01
-6.06574595e-01
-6.06087029e-01
-6.05593681e-01
-6.05094731e-01
-6.04590058e-01
-6.04079723e-01
-6.03563666e-01
-6.03042006e-01
-6.02514625e-01
-6.01981640e-01
-6.01442933e-01
-6.00898623e-01
-6.00348592e-01
-5.99792957e-01
-5.99231601e-01
-5.98664641e-01
-5.98092079e-01
-5.97513855e-01
-5.96929967e-01
-5.96340477e-01
-5.95745385e-01
-5.95144689e-01
-5.94538391e-01
-5.93926489e-01
-5.93308985e-01
-5.92685878e-01
-5.92057168e-01
-5.91422856e-01
-5.90782940e-01
-5.90137482e-01
-5.89486420e-01
-5.88829756e-01
-5.88167608e-01
-5.87499857e-01
-5.86826563e-01
-5.86147785e-01
-5.85463524e-01
-5.84773719e-01
-5.84078491e-01
-5.83377779e-01
-5.82671583e-01
-5.81959844e-01
-5.81242681e-01
-5.80520034e-01
-5.79791903e-01
-5.79058349e-01
-5.78319371e-01
-5.77574909e-01
-5.76825023e-01
-5.76069713e-01
-5.75309038e-01
-5.74542820e-01
-5.73771238e-01
-5.72994232e-01
-5.72211862e-01
-5.71424067e-01
-5.70630968e-01
-5.69832504e-01
-5.69028556e-01
-5.68219304e-01
-5.67404747e-01
-5.66584826e-01
-5.65759540e-01
-5.64928889e-01
-5.64092875e-01
-5.63251495e-01
-5.62404752e-01
-5.61552644e-01
-5.60695291e-01
-5.59832633e-01
-5.58964729e-01
-5.58091640e-01
-5.57213247e-01
-5.56329668e-01
-5.55440784e-01
-5.54546714e-01
-5.53647399e-01
-5.52742839e-01
-5.51833093e-01
-5.50918102e-01
-5.49997985e-01
-5.49072683e-01
-5.48142254e-01
-5.47206640e-01
-5.46265841e-01
-5.45319915e-01
-5.44368863e-01
-5.43412626e-01
-5.42451322e-01
-5.41484892e-01
-5.40513396e-01
-5.39536774e-01
-5.38555086e-01
-5.37568331e-01
-5.36576450e-01
-5.35579503e-01
-5.34577549e-01
-5.33570588e-01
-5.32558620e-01
-5.31541705e-01
-5.30519724e-01
-5.29492795e-01
-5.28460801e-01
-5.27423918e-01
-5.26382089e-01
-5.25335312e-01
-5.24283588e-01
-5.23226917e-01
-5.22165298e-01
-5.21098733e-01
-5.20027339e-01
-5.18950999e-01
-5.17869830e-01
-5.16783714e-01
-5.15692770e-01
-5.14596879e-01
-5.13496161e-01
-5.12390554e-01
-5.11280060e-01
-5.10164738e-01
-5.09044588e-01
-5.07919669e-01
-5.06790102e-01
-5.05655766e-01
-5.04516721e-01
-5.03372908e-01
-5.02224445e-01
-5.01071155e-01
-4.99913186e-01
-4.98750448e-01
-4.97583091e-01
-4.96411026e-01
-4.95234340e-01
-4.94052976e-01
-4.92866933e-01
-4.91676241e-01
-4.90480930e-01
-4.89281029e-01
-4.88076478e-01
-4.86867368e-01
-4.85653639e-01
-4.84435350e-01
-4.83212501e-01
-4.81985122e-01
-4.80753183e-01
-4.79516745e-01
-4.78275776e-01
-4.77030247e-01
-4.75780278e-01
-4.74525809e-01
-4.73266870e-01
-4.72003520e-01
-4.70735699e-01
-4.69463438e-01
-4.68186796e-01
-4.66905743e-01
-4.65620279e-01
-4.64330405e-01
-4.63036180e-01
-4.61737573e-01
-4.60434616e-01
-4.59127337e-01
-4.57815737e-01
-4.56499815e-01
-4.55179632e-01
-4.53855127e-01
-4.52526391e-01
-4.51193362e-01
-4.49856102e-01
-4.48514581e-01
-4.47168857e-01
-4.45818901e-01
-4.44464803e-01
-4.43106472e-01
-4.41743970e-01
-4.40377325e-01
-4.39006537e-01
-4.37631577e-01
-4.36252564e-01
-4.34869438e-01
-4.33482170e-01
-4.32090878e-01
-4.30695504e-01
-4.29296046e-01
-4.27892566e-01
-4.26485062e-01
-4.25073534e-01
-4.23658043e-01
-4.22238529e-01
-4.20815051e-01
-4.19387609e-01
-4.17956203e-01
-4.16520894e-01
-4.15081650e-01
-4.13638502e-01
-4.12191451e-01
-4.10740495e-01
-4.09285665e-01
-4.07826960e-01
-4.06364381e-01
-4.04898047e-01
-4.03427899e-01
-4.01953995e-01
-4.00476277e-01
-3.98994833e-01
-3.97509605e-01
-3.96020621e-01
-3.94527942e-01
-3.93031508e-01
-3.91531438e-01
-3.90027672e-01
-3.88520271e-01
-3.87009144e-01
-3.85494411e-01
-3.83976042e-01
-3.82454038e-01
-3.80928457e-01
-3.79399329e-01
-3.77866596e-01
-3.76330316e-01
-3.74790519e-01
-3.73247176e-01
-3.71700317e-01
-3.70149940e-01
-3.68596077e-01
-3.67038786e-01
-3.65478009e-01
-3.63913834e-01
-3.62346232e-01
-3.60775232e-01
-3.59200805e-01
-3.57622981e-01
-3.56041819e-01
-3.54457319e-01
-3.52869511e-01
-3.51278365e-01
-3.49683881e-01
-3.48086149e-01
-3.46485108e-01
-3.44880819e-01
-3.43273282e-01
-3.41662526e-01
-3.40048581e-01
-3.38431448e-01
-3.36811095e-01
-3.35187614e-01
-3.33560944e-01
-3.31931114e-01
-3.30298215e-01
-3.28662187e-01
-3.27023089e-01
-3.25380921e-01
-3.23735654e-01
-3.22087377e-01
-3.20436031e-01
-3.18781704e-01
-3.17124397e-01
-3.15464079e-01
-3.13800842e-01
-3.12134624e-01
-3.10465515e-01
-3.08793426e-01
-3.07118416e-01
-3.05440515e-01
-3.03759754e-01
-3.02076191e-01
-3.00389767e-01
-2.98700571e-01
-2.97008514e-01
-2.95313656e-01
-2.93616027e-01
-2.91915685e-01
-2.90212572e-01
-2.88506746e-01
-2.86798209e-01
-2.85086989e-01
-2.83373088e-01
-2.81656504e-01
-2.79937267e-01
-2.78215438e-01
-2.76490957e-01
-2.74763912e-01
-2.73034245e-01
-2.71302044e-01
-2.69567251e-01
-2.67829984e-01
-2.66090155e-01
-2.64347851e-01
-2.62603074e-01
-2.60855824e-01
-2.59106159e-01
-2.57354021e-01
-2.55599469e-01
-2.53842533e-01
-2.52083212e-01
-2.50321537e-01
-2.48557493e-01
-2.46791124e-01
-2.45022461e-01
-2.43251488e-01
-2.41478235e-01
-2.39702716e-01
-2.37924948e-01
-2.36144945e-01
-2.34362721e-01
-2.32578292e-01
-2.30791703e-01
-2.29002953e-01
-2.27212042e-01
-2.25419015e-01
-2.23623857e-01
-2.21826598e-01
-2.20027283e-01
-2.18225896e-01
-2.16422454e-01
-2.14616984e-01
-2.12809503e-01
-2.11000025e-01
-2.09188581e-01
-2.07375184e-01
-2.05559835e-01
-2.03742549e-01
-2.01923370e-01
-2.00102285e-01
-1.98279336e-01
-1.96454540e-01
-1.94627881e-01
-1.92799419e-01
-1.90969139e-01
-1.89137086e-01
-1.87303245e-01
-1.85467660e-01
-1.83630332e-01
-1.81791306e-01
-1.79950565e-01
-1.78108141e-01
-1.76264063e-01
-1.74418315e-01
-1.72570944e-01
-1.70721948e-01
-1.68871373e-01
-1.67019218e-01
-1.65165499e-01
-1.63310245e-01
-1.61453471e-01
-1.59595177e-01
-1.57735378e-01
-1.55874118e-01
-1.54011399e-01
-1.52147233e-01
-1.50281668e-01
-1.48414686e-01
-1.46546334e-01
-1.44676596e-01
-1.42805517e-01
-1.40933111e-01
-1.39059395e-01
-1.37184367e-01
-1.35308057e-01
-1.33430496e-01
-1.31551683e-01
-1.29671648e-01
-1.27790406e-01
-1.25907972e-01
-1.24024376e-01
-1.22139625e-01
-1.20253727e-01
-1.18366718e-01
-1.16478607e-01
-1.14589415e-01
-1.12699151e-01
-1.10807844e-01
-1.08915500e-01
-1.07022151e-01
-1.05127804e-01
-1.03232488e-01
-1.01336218e-01
-9.94389951e-02
-9.75408629e-02
-9.56418216e-02
-9.37418938e-02
-9.18410942e-02
-8.99394527e-02
-8.80369768e-02
-8.61336812e-02
-8.42295960e-02
-8.23247358e-02
-8.04191083e-02
-7.85127431e-02
-7.66056553e-02
-7.46978596e-02
-7.27893710e-02
-7.08802193e-02
-6.89704120e-02
-6.70599714e-02
-6.51489198e-02
-6.32372722e-02
-6.13250397e-02
-5.94122447e-02
-5.74989133e-02
-5.55850491e-02
-5.36706820e-02
-5.17558269e-02
-4.98404987e-02
-4.79247160e-02
-4.60085049e-02
-4.40918729e-02
-4.21748459e-02
-4.02574353e-02
-3.83396633e-02
-3.64215486e-02
-3.45031098e-02
-3.25843617e-02
-3.06653250e-02
-2.87460145e-02
-2.68264525e-02
-2.49066539e-02
-2.29866374e-02
-2.10664365e-02
-1.91460010e-02
-1.72255784e-02
-1.53044583e-02
-1.33849634e-02
-1.14598069e-02
-9.55218822e-03
-7.58858072e-03
-5.80295036e-03
-3.46220005e-03
-3.06951511e-03
-5.96046448e-08
5.96046448e-08
3.06951511e-03
