8.88006412e-04
1.83976046e-03
2.79607461e-03
3.75269121e-03
4.70929639e-03
5.66585921e-03
6.62236894e-03
7.57881673e-03
8.53519328e-03
9.49149113e-03
1.04476996e-02
1.14038102e-02
1.23598138e-02
1.33157019e-02
1.42714642e-02
1.52270952e-02
1.61825828e-02
1.71379186e-02
1.80930924e-02
1.90481003e-02
2.00029276e-02
2.09575687e-02
2.19120141e-02
2.28662528e-02
2.38202773e-02
2.47740801e-02
2.57276502e-02
2.66809799e-02
2.76340600e-02
2.85868831e-02
2.95394398e-02
3.04917190e-02
3.14437114e-02
3.23954113e-02
3.33468020e-02
3.42978872e-02
3.52486484e-02
3.61990817e-02
3.71491797e-02
3.80989239e-02
3.90483141e-02
3.99973392e-02
4.09459919e-02
4.18942608e-02
4.28421348e-02
4.37896103e-02
4.47366722e-02
4.56833206e-02
4.66295369e-02
4.75753210e-02
4.85206619e-02
4.94655445e-02
5.04099652e-02
5.13539091e-02
5.22973724e-02
5.32403514e-02
5.41828312e-02
5.51248007e-02
5.60662597e-02
5.70071861e-02
5.79475835e-02
5.88874370e-02
5.98267391e-02
6.07654862e-02
6.17036596e-02
6.26412556e-02
6.35782778e-02
6.45146966e-02
6.54505119e-02
6.63857087e-02
6.73202947e-02
6.82542473e-02
6.91875666e-02
7.01202303e-02
7.10522458e-02
7.19835907e-02
7.29142651e-02
7.38442540e-02
7.47735500e-02
7.57021531e-02
7.66300410e-02
7.75572211e-02
7.84836709e-02
7.94093832e-02
8.03343579e-02
8.12585801e-02
8.21820349e-02
8.31047222e-02
8.40266347e-02
8.49477649e-02
8.58680904e-02
8.67876112e-02
8.77063200e-02
8.86242166e-02
8.95412788e-02
9.04575065e-02
9.13728848e-02
9.22874138e-02
9.32010710e-02
9.41138566e-02
9.50257629e-02
9.59367752e-02
9.68468934e-02
9.77561027e-02
9.86644030e-02
9.95717794e-02
1.00478232e-01
1.01383731e-01
1.02288291e-01
1.03191890e-01
1.04094520e-01
1.04996175e-01
1.05896853e-01
1.06796540e-01
1.07695222e-01
1.08592905e-01
1.09489568e-01
1.10385209e-01
1.11279808e-01
1.12173364e-01
1.13065884e-01
1.13957331e-01
1.14847720e-01
1.15737028e-01
1.16625257e-01
1.17512397e-01
1.18398443e-01
1.19283378e-01
1.20167196e-01
1.21049881e-01
1.21931434e-01
1.22811846e-01
1.23691104e-01
1.24569207e-01
1.25446156e-01
1.26321927e-01
1.27196521e-01
1.28069907e-01
1.28942117e-01
1.29813120e-01
1.30682901e-01
1.31551474e-01
1.32418796e-01
1.33284897e-01
1.34149745e-01
1.35013342e-01
1.35875687e-01
1.36736751e-01
1.37596518e-01
1.38455018e-01
1.39312193e-01
1.40168086e-01
1.41022682e-01
1.41875952e-01
1.42727882e-01
1.43578470e-01
1.44427717e-01
1.45275608e-01
1.46122143e-01
1.46967322e-01
1.47811130e-01
1.48653552e-01
1.49494573e-01
1.50334194e-01
1.51172400e-01
1.52009204e-01
1.52844578e-01
1.53678551e-01
1.54511109e-01
1.55342191e-01
1.56171799e-01
1.56999946e-01
1.57826617e-01
1.58651814e-01
1.59475535e-01
1.60297766e-01
1.61118492e-01
1.61937714e-01
1.62755415e-01
1.63571596e-01
1.64386258e-01
1.65199384e-01
1.66010946e-01
1.66820958e-01
1.67629421e-01
1.68436304e-01
1.69241607e-01
1.70045331e-01
1.70847461e-01
1.71647996e-01
1.72446921e-01
1.73244238e-01
1.74039930e-01
1.74833998e-01
1.75626427e-01
1.76417217e-01
1.77206352e-01
1.77993834e-01
1.78779647e-01
1.79563791e-01
1.80346251e-01
1.81127027e-01
1.81906119e-01
1.82683483e-01
1.83459148e-01
1.84233084e-01
1.85005322e-01
1.85775802e-01
1.86544567e-01
1.87311575e-01
1.88076824e-01
1.88840315e-01
1.89602032e-01
1.90361977e-01
1.91120148e-01
1.91876516e-01
1.92631111e-01
1.93383887e-01
1.94134861e-01
1.94884002e-01
1.95631325e-01
1.96376830e-01
1.97120488e-01
1.97862297e-01
1.98602274e-01
1.99340403e-01
2.00076640e-01
2.00811014e-01
2.01543510e-01
2.02274114e-01
2.03002840e-01
2.03729674e-01
2.04454601e-01
2.05177620e-01
2.05898732e-01
2.06617907e-01
2.07335144e-01
2.08050430e-01
2.08763778e-01
2.09475145e-01
2.10184559e-01
2.10892022e-01
2.11597502e-01
2.12300986e-01
2.13002503e-01
2.13702008e-01
2.14399517e-01
2.15095028e-01
2.15788528e-01
2.16480002e-01
2.17169449e-01
2.17856869e-01
2.18542233e-01
2.19225571e-01
2.19906837e-01
2.20586061e-01
2.21263230e-01
2.21938312e-01
2.22611338e-01
2.23282278e-01
2.23951131e-01
2.24617884e-01
2.25282520e-01
2.25945070e-01
2.26605490e-01
2.27263793e-01
2.27919966e-01
2.28574008e-01
2.29225904e-01
2.29875654e-01
2.30523258e-01
2.31168717e-01
2.31812015e-01
2.32453123e-01
2.33092070e-01
2.33728811e-01
2.34363377e-01
2.34995738e-01
2.35625908e-01
2.36253873e-01
2.36879632e-01
2.37503186e-01
2.38124520e-01
2.38743618e-01
2.39360482e-01
2.39975110e-01
2.40587473e-01
2.41197586e-01
2.41805464e-01
2.42411062e-01
2.43014395e-01
2.43615463e-01
2.44214222e-01
2.44810715e-01
2.45404914e-01
2.45996818e-01
2.46586412e-01
2.47173712e-01
2.47758701e-01
2.48341367e-01
2.48921707e-01
2.49499723e-01
2.50075370e-01
2.50648737e-01
2.51219720e-01
2.51788378e-01
2.52354652e-01
2.52918601e-01
2.53480166e-01
2.54039377e-01
2.54596233e-01
2.55150735e-01
2.55702853e-01
2.56252587e-01
2.56799936e-01
2.57344902e-01
2.57887423e-01
2.58427501e-01
2.58965164e-01
2.59500384e-01
2.60033160e-01
2.60563493e-01
2.61091381e-01
2.61616856e-01
2.62139857e-01
2.62660414e-01
2.63178527e-01
2.63694137e-01
2.64207304e-01
2.64717966e-01
2.65226215e-01
2.65731961e-01
2.66235203e-01
2.66736001e-01
2.67234296e-01
2.67730087e-01
2.68223375e-01
2.68714160e-01
2.69202441e-01
2.69688219e-01
2.70171463e-01
2.70652175e-01
2.71130383e-01
2.71606028e-01
2.72079140e-01
2.72549689e-01
2.73017675e-01
2.73483127e-01
2.73946017e-01
2.74406344e-01
2.74864107e-01
2.75319308e-01
2.75771916e-01
2.76221931e-01
2.76669383e-01
2.77114213e-01
2.77556449e-01
2.77996063e-01
2.78433114e-01
2.78867573e-01
2.79299438e-01
2.79728681e-01
2.80155271e-01
2.80579269e-01
2.81000644e-01
2.81419396e-01
2.81835526e-01
2.82249033e-01
2.82659888e-01
2.83068120e-01
2.83473670e-01
2.83876538e-01
2.84276724e-01
2.84674227e-01
2.85069048e-01
2.85461187e-01
2.85850644e-01
2.86237419e-01
2.86621511e-01
2.87002921e-01
2.87381619e-01
2.87757665e-01
2.88131028e-01
2.88501680e-01
2.88869619e-01
2.89234906e-01
2.89597452e-01
2.89957285e-01
2.90314376e-01
2.90668756e-01
2.91020423e-01
2.91369408e-01
2.91715622e-01
2.92059124e-01
2.92399913e-01
2.92737991e-01
2.93073297e-01
2.93405890e-01
2.93735713e-01
2.94062793e-01
2.94387132e-01
2.94708729e-01
2.95027584e-01
2.95343697e-01
2.95657039e-01
2.95967609e-01
2.96275407e-01
2.96580464e-01
2.96882719e-01
2.97182173e-01
2.97478825e-01
2.97772706e-01
2.98063785e-01
2.98352063e-01
2.98637539e-01
2.98920214e-01
2.99200118e-01
2.99477160e-01
2.99751431e-01
3.00022870e-01
3.00291538e-01
3.00557375e-01
3.00820440e-01
3.01080644e-01
3.01338077e-01
3.01592648e-01
3.01844448e-01
3.02093387e-01
3.02339524e-01
3.02582800e-01
3.02823275e-01
3.03060889e-01
3.03295702e-01
3.03527653e-01
3.03756803e-01
3.03983092e-01
3.04206550e-01
3.04427177e-01
3.04644972e-01
3.04859936e-01
3.05072039e-01
3.05281281e-01
3.05487722e-01
3.05691302e-01
3.05892080e-01
3.06090027e-01
3.06285083e-01
3.06477308e-01
3.06666702e-01
3.06853265e-01
3.07036996e-01
3.07217866e-01
3.07395905e-01
3.07571113e-01
3.07743460e-01
3.07912916e-01
3.08079422e-01
3.08243006e-01
3.08403701e-01
3.08561474e-01
3.08716327e-01
3.08868229e-01
3.09017211e-01
3.09163243e-01
3.09306353e-01
3.09446514e-01
3.09583753e-01
3.09718072e-01
3.09849471e-01
3.09977978e-01
3.10103565e-01
3.10226232e-01
3.10345948e-01
3.10462743e-01
3.10576588e-01
3.10687512e-01
3.10795486e-01
3.10900539e-01
3.11002672e-01
3.11101884e-01
3.11198205e-01
3.11291605e-01
3.11382085e-01
3.11469615e-01
3.11554223e-01
3.11635882e-01
3.11714619e-01
3.11790407e-01
3.11863273e-01
3.11933219e-01
3.12000245e-01
3.12064379e-01
3.12125593e-01
3.12183887e-01
3.12239230e-01
3.12291652e-01
3.12341124e-01
3.12387675e-01
3.12431276e-01
3.12471956e-01
3.12509716e-01
3.12544554e-01
3.12576503e-01
3.12605530e-01
3.12631637e-01
3.12654793e-01
3.12675029e-01
3.12692314e-01
3.12706679e-01
3.12718093e-01
3.12726587e-01
3.12732160e-01
3.12734812e-01
3.12734574e-01
3.12731385e-01
3.12725276e-01
3.12716216e-01
3.12704235e-01
3.12689304e-01
3.12671453e-01
3.12650710e-01
3.12627017e-01
3.12600404e-01
3.12570840e-01
3.12538385e-01
3.12503010e-01
3.12464684e-01
3.12423438e-01
3.12379271e-01
3.12332153e-01
3.12282115e-01
3.12229186e-01
3.12173307e-01
3.12114507e-01
3.12052757e-01
3.11988086e-01
3.11920464e-01
3.11849922e-01
3.11776489e-01
3.11700106e-01
3.11620802e-01
3.11538547e-01
3.11453402e-01
3.11365336e-01
3.11274320e-01
3.11180383e-01
3.11083525e-01
3.10983717e-01
3.10880989e-01
3.10775369e-01
3.10666800e-01
3.10555309e-01
3.10440868e-01
3.10323536e-01
3.10203284e-01
3.10080081e-01
3.09953958e-01
3.09824914e-01
3.09692919e-01
3.09558004e-01
3.09420198e-01
3.09279442e-01
3.09135765e-01
3.08989137e-01
3.08839619e-01
3.08687180e-01
3.08531791e-01
3.08373481e-01
3.08212250e-01
3.08048069e-01
3.07880968e-01
3.07710946e-01
3.07538062e-01
3.07362318e-01
3.07183743e-01
3.07002306e-01
3.06818038e-01
3.06630939e-01
3.06440979e-01
3.06248188e-01
3.06052566e-01
3.05854142e-01
3.05652857e-01
3.05448741e-01
3.05241764e-01
3.05031955e-01
3.04819286e-01
3.04603815e-01
3.04385453e-01
3.04164320e-01
3.03940326e-01
3.03713500e-01
3.03483844e-01
3.03251356e-01
3.03016007e-01
3.02777857e-01
3.02536845e-01
3.02293032e-01
3.02046359e-01
3.01796883e-01
3.01544547e-01
3.01289439e-01
3.01031470e-01
3.00770700e-01
3.00507098e-01
3.00240725e-01
2.99971521e-01
2.99699545e-01
2.99424738e-01
2.99147129e-01
2.98866749e-01
2.98583537e-01
2.98297495e-01
2.98008710e-01
2.97717094e-01
2.97422647e-01
2.97125459e-01
2.96825469e-01
2.96522677e-01
2.96217114e-01
2.95908779e-01
2.95597672e-01
2.95283794e-01
2.94967145e-01
2.94647753e-01
2.94325620e-01
2.94000745e-01
2.93673128e-01
2.93342769e-01
2.93009639e-01
2.92673826e-01
2.92335242e-01
2.91993916e-01
2.91649878e-01
2.91303128e-01
2.90953636e-01
2.90601462e-01
2.90246516e-01
2.89888859e-01
2.89528519e-01
2.89165437e-01
2.88799673e-01
2.88431197e-01
2.88060009e-01
2.87686169e-01
2.87309587e-01
2.86930352e-01
2.86548436e-01
2.86163807e-01
2.85776526e-01
2.85386533e-01
2.84993857e-01
2.84598529e-01
2.84200519e-01
2.83799797e-01
2.83396423e-01
2.82990396e-01
2.82581687e-01
2.82170296e-01
2.81756282e-01
2.81339616e-01
2.80920357e-01
2.80498475e-01
2.80073941e-01
2.79646814e-01
2.79217035e-01
2.78784692e-01
2.78349727e-01
2.77912170e-01
2.77472019e-01
2.77029276e-01
2.76583910e-01
2.76135981e-01
2.75685430e-01
2.75232315e-01
2.74776608e-01
2.74318367e-01
2.73857534e-01
2.73394138e-01
2.72928178e-01
2.72459656e-01
2.71988571e-01
2.71514982e-01
2.71038800e-01
2.70560116e-01
2.70078868e-01
2.69595087e-01
2.69108802e-01
2.68620014e-01
2.68128723e-01
2.67634958e-01
2.67138660e-01
2.66639858e-01
2.66138583e-01
2.65634835e-01
2.65128613e-01
2.64619887e-01
2.64108688e-01
2.63595045e-01
2.63078868e-01
2.62560278e-01
2.62039244e-01
2.61515737e-01
2.60989815e-01
2.60461420e-01
2.59930611e-01
2.59397328e-01
2.58861631e-01
2.58323461e-01
2.57782847e-01
2.57239819e-01
2.56694347e-01
2.56146491e-01
2.55596280e-01
2.55043715e-01
2.54488766e-01
2.53931463e-01
2.53371775e-01
2.52809733e-01
2.52245337e-01
2.51678556e-01
2.51109451e-01
2.50537962e-01
2.49964163e-01
2.49388009e-01
2.48809531e-01
2.48228714e-01
2.47645587e-01
2.47060135e-01
2.46472374e-01
2.45882317e-01
2.45289952e-01
2.44695291e-01
2.44098350e-01
2.43499115e-01
2.42897615e-01
2.42293820e-01
2.41687775e-01
2.41079450e-01
2.40468875e-01
2.39856049e-01
2.39240989e-01
2.38623694e-01
2.38004163e-01
2.37382397e-01
2.36758426e-01
2.36132234e-01
2.35503837e-01
2.34873235e-01
2.34240443e-01
2.33605444e-01
2.32968256e-01
2.32328892e-01
2.31687352e-01
2.31043622e-01
2.30397746e-01
2.29749724e-01
2.29099542e-01
2.28447214e-01
2.27792770e-01
2.27136180e-01
2.26477474e-01
2.25816637e-01
2.25153700e-01
2.24488646e-01
2.23821506e-01
2.23152250e-01
2.22480938e-01
2.21807525e-01
2.21132040e-01
2.20454484e-01
2.19774872e-01
2.19093189e-01
2.18409479e-01
2.17723712e-01
2.17035905e-01
2.16346085e-01
2.15654224e-01
2.14960352e-01
2.14264467e-01
2.13566586e-01
2.12866679e-01
2.12164804e-01
2.11460918e-01
2.10755065e-01
2.10047245e-01
2.09337488e-01
2.08625749e-01
2.07912058e-01
2.07196414e-01
2.06478834e-01
2.05759302e-01
2.05037847e-01
2.04314485e-01
2.03589201e-01
2.02862039e-01
2.02132970e-01
2.01402023e-01
2.00669199e-01
1.99934483e-01
1.99197903e-01
1.98459446e-01
1.97719157e-01
1.96977019e-01
1.96233034e-01
1.95487216e-01
1.94739565e-01
1.93990111e-01
1.93238840e-01
1.92485750e-01
1.91730872e-01
1.90974206e-01
1.90215737e-01
1.89455509e-01
1.88693494e-01
1.87929720e-01
1.87164187e-01
1.86396912e-01
1.85627878e-01
1.84857130e-01
1.84084654e-01
1.83310449e-01
1.82534531e-01
1.81756899e-01
1.80977583e-01
1.80196553e-01
1.79413840e-01
1.78629458e-01
1.77843407e-01
1.77055702e-01
1.76266328e-01
1.75475314e-01
1.74682662e-01
1.73888370e-01
1.73092440e-01
1.72294900e-01
1.71495765e-01
1.70695022e-01
1.69892684e-01
1.69088736e-01
1.68283224e-01
1.67476147e-01
1.66667491e-01
1.65857285e-01
1.65045515e-01
1.64232224e-01
1.63417384e-01
1.62601024e-01
1.61783144e-01
1.60963744e-01
1.60142839e-01
1.59320444e-01
1.58496559e-01
1.57671198e-01
1.56844363e-01
1.56016067e-01
1.55186296e-01
1.54355079e-01
1.53522402e-01
1.52688310e-01
1.51852801e-01
1.51015878e-01
1.50177538e-01
1.49337798e-01
1.48496658e-01
1.47654131e-01
1.46810234e-01
1.45964980e-01
1.45118341e-01
1.44270360e-01
1.43421024e-01
1.42570347e-01
1.41718328e-01
1.40864983e-01
1.40010327e-01
1.39154375e-01
1.38297111e-01
1.37438565e-01
1.36578739e-01
1.35717615e-01
1.34855255e-01
1.33991614e-01
1.33126721e-01
1.32260606e-01
1.31393239e-01
1.30524665e-01
1.29654855e-01
1.28783822e-01
1.27911597e-01
1.27038181e-01
1.26163587e-01
1.25287816e-01
1.24410883e-01
1.23532780e-01
1.22653529e-01
1.21773131e-01
1.20891593e-01
1.20008931e-01
1.19125143e-01
1.18240245e-01
1.17354251e-01
1.16467163e-01
1.15578994e-01
1.14689738e-01
1.13799408e-01
1.12908028e-01
1.12015590e-01
1.11122102e-01
1.10227585e-01
1.09332033e-01
1.08435467e-01
1.07537895e-01
1.06639311e-01
1.05739735e-01
1.04839176e-01
1.03937633e-01
1.03035115e-01
1.02131650e-01
1.01227231e-01
1.00321867e-01
9.94155630e-02
9.85083356e-02
9.76001918e-02
9.66911390e-02
9.57811922e-02
9.48703438e-02
9.39586163e-02
9.30460170e-02
9.21325460e-02
9.12182182e-02
9.03030410e-02
8.93870220e-02
8.84701759e-02
8.75525028e-02
8.66340175e-02
8.57147202e-02
8.47946331e-02
8.38737488e-02
8.29520896e-02
8.20296556e-02
8.11064616e-02
8.01825076e-02
7.92578086e-02
7.83323795e-02
7.74062127e-02
7.64793381e-02
7.55517483e-02
7.46234655e-02
7.36944750e-02
7.27648064e-02
7.18344599e-02
7.09034428e-02
6.99717700e-02
6.90394565e-02
6.81064874e-02
6.71728924e-02
6.62386790e-02
6.53038397e-02
6.43684044e-02
6.34323582e-02
6.24957383e-02
6.15585297e-02
6.06207550e-02
5.96824177e-02
5.87435290e-02
5.78040928e-02
5.68641238e-02
5.59236258e-02
5.49826100e-02
5.40410876e-02
5.30990586e-02
5.21565415e-02
5.12135439e-02
5.02700694e-02
4.93261330e-02
4.83817384e-02
4.74369042e-02
4.64916267e-02
4.55459207e-02
4.45997939e-02
4.36532609e-02
4.27063182e-02
4.17589881e-02
4.08112668e-02
3.98631729e-02
3.89147103e-02
3.79658937e-02
3.70167270e-02
3.60672213e-02
3.51173803e-02
3.41672190e-02
3.32167447e-02
3.22659612e-02
3.13148834e-02
3.03635206e-02
2.94118784e-02
2.84599680e-02
2.75077969e-02
2.65553761e-02
2.56027132e-02
2.46498175e-02
2.36966982e-02
2.27433629e-02
2.17898209e-02
2.08360832e-02
1.98821556e-02
1.89280491e-02
1.79737750e-02
1.70193370e-02
1.60647482e-02
1.51100140e-02
1.41551457e-02
1.32001517e-02
1.22450422e-02
1.12898247e-02
1.03345085e-02
9.37910285e-03
8.42361711e-03
7.46805966e-03
6.51243934e-03
5.55676501e-03
4.60104598e-03
3.64529178e-03
2.68951082e-03
1.73371227e-03
7.77904876e-04
-1.77902300e-04
-1.13370025e-03
-2.08948017e-03
-3.04523273e-03
-4.00094921e-03
-4.95661981e-03
-5.91223687e-03
-6.86779059e-03
-7.82327261e-03
-8.77867360e-03
-9.73398518e-03
-1.06891971e-02
-1.16443010e-02
-1.25992894e-02
-1.35541502e-02
-1.45088779e-02
-1.54634621e-02
-1.64178926e-02
-1.73721611e-02
-1.83262601e-02
-1.92801785e-02
-2.02339068e-02
-2.11874396e-02
-2.21407656e-02
-2.30938736e-02
-2.40467619e-02
-2.49994136e-02
-2.59518251e-02
-2.69039832e-02
-2.78558824e-02
-2.88075116e-02
-2.97588632e-02
-3.07099279e-02
-3.16606946e-02
-3.26111577e-02
-3.35613117e-02
-3.45111378e-02
-3.54606323e-02
-3.64097878e-02
-3.73585932e-02
-3.83070409e-02
-3.92551199e-02
-4.02028225e-02
-4.11501378e-02
-4.20970619e-02
-4.30435799e-02
-4.39896919e-02
-4.49353829e-02
-4.58806381e-02
-4.68254611e-02
-4.77698334e-02
-4.87137511e-02
-4.96571995e-02
-5.06001785e-02
-5.15426733e-02
-5.24846762e-02
-5.34261800e-02
-5.43671735e-02
-5.53076454e-02
-5.62475920e-02
-5.71870059e-02
-5.81258684e-02
-5.90641834e-02
-6.00019358e-02
-6.09391145e-02
-6.18757121e-02
-6.28117174e-02
-6.37471378e-02
-6.46819472e-02
-6.56161383e-02
-6.65497109e-02
-6.74826428e-02
-6.84149340e-02
-6.93465844e-02
-7.02775642e-02
-7.12078884e-02
-7.21375272e-02
-7.30664879e-02
-7.39947483e-02
-7.49223083e-02
-7.58491606e-02
-7.67752901e-02
-7.77006969e-02
-7.86253586e-02
-7.95492753e-02
-8.04724321e-02
-8.13948289e-02
-8.23164582e-02
-8.32373053e-02
-8.41573626e-02
-8.50766227e-02
-8.59950706e-02
-8.69127065e-02
-8.78295228e-02
-8.87455046e-02
-8.96606445e-02
-9.05749276e-02
-9.14883539e-02
-9.24009159e-02
-9.33125988e-02
-9.42233950e-02
-9.51333046e-02
-9.60423127e-02
-9.69504043e-02
-9.78575870e-02
-9.87638384e-02
-9.96691585e-02
-1.00573532e-01
-1.01476960e-01
-1.02379426e-01
-1.03280909e-01
-1.04181416e-01
-1.05080947e-01
-1.05979480e-01
-1.06877014e-01
-1.07773528e-01
-1.08669020e-01
-1.09563485e-01
-1.10456906e-01
-1.11349285e-01
-1.12240613e-01
-1.13130875e-01
-1.14020072e-01
-1.14908196e-01
-1.15795232e-01
-1.16681166e-01
-1.17565997e-01
-1.18449725e-01
-1.19332328e-01
-1.20213799e-01
-1.21094137e-01
-1.21973321e-01
-1.22851357e-01
-1.23728231e-01
-1.24603942e-01
-1.25478461e-01
-1.26351804e-01
-1.27223969e-01
-1.28094926e-01
-1.28964648e-01
-1.29833162e-01
-1.30700439e-01
-1.31566495e-01
-1.32431313e-01
-1.33294880e-01
-1.34157196e-01
-1.35018229e-01
-1.35877997e-01
-1.36736467e-01
-1.37593642e-01
-1.38449520e-01
-1.39304101e-01
-1.40157372e-01
-1.41009301e-01
-1.41859889e-01
-1.42709151e-01
-1.43557057e-01
-1.44403622e-01
-1.45248801e-01
-1.46092623e-01
-1.46935076e-01
-1.47776127e-01
-1.48615792e-01
-1.49454042e-01
-1.50290877e-01
-1.51126310e-01
-1.51960313e-01
-1.52792886e-01
-1.53624028e-01
-1.54453695e-01
-1.55281901e-01
-1.56108633e-01
-1.56933904e-01
-1.57757685e-01
-1.58579975e-01
-1.59400776e-01
-1.60220087e-01
-1.61037877e-01
-1.61854133e-01
-1.62668869e-01
-1.63482055e-01
-1.64293706e-01
-1.65103823e-01
-1.65912375e-01
-1.66719347e-01
-1.67524755e-01
-1.68328568e-01
-1.69130817e-01
-1.69931442e-01
-1.70730472e-01
-1.71527892e-01
-1.72323704e-01
-1.73117876e-01
-1.73910409e-01
-1.74701303e-01
-1.75490558e-01
-1.76278144e-01
-1.77064076e-01
-1.77848339e-01
-1.78630948e-01
-1.79411843e-01
-1.80191055e-01
-1.80968553e-01
-1.81744352e-01
-1.82518423e-01
-1.83290780e-01
-1.84061408e-01
-1.84830308e-01
-1.85597464e-01
-1.86362877e-01
-1.87126502e-01
-1.87888384e-01
-1.88648492e-01
-1.89406812e-01
-1.90163344e-01
-1.90918088e-01
-1.91671044e-01
-1.92422181e-01
-1.93171501e-01
-1.93918988e-01
-1.94664672e-01
-1.95408508e-01
-1.96150497e-01
-1.96890637e-01
-1.97628930e-01
-1.98365346e-01
-1.99099898e-01
-1.99832559e-01
-2.00563341e-01
-2.01292232e-01
-2.02019244e-01
-2.02744335e-01
-2.03467548e-01
-2.04188839e-01
-2.04908207e-01
-2.05625623e-01
-2.06341073e-01
-2.07054585e-01
-2.07766131e-01
-2.08475739e-01
-2.09183350e-01
-2.09889010e-01
-2.10592702e-01
-2.11294398e-01
-2.11994112e-01
-2.12691814e-01
-2.13387519e-01
-2.14081198e-01
-2.14772865e-01
-2.15462506e-01
-2.16150120e-01
-2.16835678e-01
-2.17519224e-01
-2.18200698e-01
-2.18880102e-01
-2.19557464e-01
-2.20232755e-01
-2.20905960e-01
-2.21577093e-01
-2.22246140e-01
-2.22913101e-01
-2.23577946e-01
-2.24240676e-01
-2.24901289e-01
-2.25559801e-01
-2.26216167e-01
-2.26870418e-01
-2.27522522e-01
-2.28172481e-01
-2.28820294e-01
-2.29465961e-01
-2.30109453e-01
-2.30750769e-01
-2.31389910e-01
-2.32026875e-01
-2.32661650e-01
-2.33294219e-01
-2.33924598e-01
-2.34552771e-01
-2.35178739e-01
-2.35802487e-01
-2.36424014e-01
-2.37043306e-01
-2.37660378e-01
-2.38275215e-01
-2.38887802e-01
-2.39498138e-01
-2.40106210e-01
-2.40712017e-01
-2.41315559e-01
-2.41916835e-01
-2.42515817e-01
-2.43112519e-01
-2.43706942e-01
-2.44299054e-01
-2.44888857e-01
-2.45476365e-01
-2.46061549e-01
-2.46644422e-01
-2.47224957e-01
-2.47803181e-01
-2.48379067e-01
-2.48952612e-01
-2.49523818e-01
-2.50092655e-01
-2.50659168e-01
-2.51223296e-01
-2.51785070e-01
-2.52344489e-01
-2.52901554e-01
-2.53456235e-01
-2.54008561e-01
-2.54558504e-01
-2.55106091e-01
-2.55651236e-01
-2.56193995e-01
-2.56734312e-01
-2.57272154e-01
-2.57807583e-01
-2.58340538e-01
-2.58871078e-01
-2.59399146e-01
-2.59924799e-01
-2.60447979e-01
-2.60968745e-01
-2.61487037e-01
-2.62002885e-01
-2.62516230e-01
-2.63027132e-01
-2.63535529e-01
-2.64041454e-01
-2.64544934e-01
-2.65045881e-01
-2.65544355e-01
-2.66040355e-01
-2.66533822e-01
-2.67024815e-01
-2.67513275e-01
-2.67999232e-01
-2.68482655e-01
-2.68963546e-01
-2.69441932e-01
-2.69917756e-01
-2.70391017e-01
-2.70861775e-01
-2.71329939e-01
-2.71795541e-01
-2.72258639e-01
-2.72719145e-01
-2.73177087e-01
-2.73632467e-01
-2.74085253e-01
-2.74535477e-01
-2.74983078e-01
-2.75428087e-01
-2.75870502e-01
-2.76310325e-01
-2.76747555e-01
-2.77182192e-01
-2.77614206e-01
-2.78043598e-01
-2.78470397e-01
-2.78894544e-01
-2.79316097e-01
-2.79735029e-01
-2.80151337e-01
-2.80564994e-01
-2.80976057e-01
-2.81384408e-01
-2.81790137e-01
-2.82193124e-01
-2.82593489e-01
-2.82991141e-01
-2.83386141e-01
-2.83778429e-01
-2.84168035e-01
-2.84554988e-01
-2.84939229e-01
-2.85320818e-01
-2.85699695e-01
-2.86075890e-01
-2.86449403e-01
-2.86820233e-01
-2.87188321e-01
-2.87553757e-01
-2.87916422e-01
-2.88276404e-01
-2.88633674e-01
-2.88988233e-01
-2.89340079e-01
-2.89689183e-01
-2.90035576e-01
-2.90379256e-01
-2.90720165e-01
-2.91058362e-01
-2.91393816e-01
-2.91726530e-01
-2.92056501e-01
-2.92383730e-01
-2.92708218e-01
-2.93029964e-01
-2.93348968e-01
-2.93665230e-01
-2.93978721e-01
-2.94289440e-01
-2.94597358e-01
-2.94902533e-01
-2.95204908e-01
-2.95504540e-01
-2.95801342e-01
-2.96095312e-01
-2.96386510e-01
-2.96674937e-01
-2.96960533e-01
-2.97243327e-01
-2.97523320e-01
-2.97800541e-01
-2.98074931e-01
-2.98346519e-01
-2.98615336e-01
-2.98881292e-01
-2.99144477e-01
-2.99404830e-01
-2.99662381e-01
-2.99917072e-01
-3.00168961e-01
-3.00418049e-01
-3.00664276e-01
-3.00907701e-01
-3.01148266e-01
-3.01385999e-01
-3.01620871e-01
-3.01852942e-01
-3.02082181e-01
-3.02308589e-01
-3.02532196e-01
-3.02752912e-01
-3.02970827e-01
-3.03185880e-01
-3.03398103e-01
-3.03607494e-01
-3.03813994e-01
-3.04017693e-01
-3.04218531e-01
-3.04416537e-01
-3.04611713e-01
-3.04804057e-01
-3.04993570e-01
-3.05180252e-01
-3.05364102e-01
-3.05545121e-01
-3.05723310e-01
-3.05898637e-01
-3.06071103e-01
-3.06240648e-01
-3.06407273e-01
-3.06570977e-01
-3.06731731e-01
-3.06889564e-01
-3.07044476e-01
-3.07196438e-01
-3.07345480e-01
-3.07491630e-01
-3.07634830e-01
-3.07775110e-01
-3.07912439e-01
-3.08046877e-01
-3.08178395e-01
-3.08306962e-01
-3.08432609e-01
-3.08555335e-01
-3.08675110e-01
-3.08791965e-01
-3.08905929e-01
-3.09016943e-01
-3.09125036e-01
-3.09230179e-01
-3.09332430e-01
-3.09431762e-01
-3.09528142e-01
-3.09621602e-01
-3.09712142e-01
-3.09799731e-01
-3.09884399e-01
-3.09966177e-01
-3.10045004e-01
-3.10120910e-01
-3.10193866e-01
-3.10263932e-01
-3.10331076e-01
-3.10395271e-01
-3.10456544e-01
-3.10514897e-01
-3.10570300e-01
-3.10622782e-01
-3.10672373e-01
-3.10719013e-01
-3.10762733e-01
-3.10803503e-01
-3.10841382e-01
-3.10876340e-01
-3.10908347e-01
-3.10937434e-01
-3.10963601e-01
-3.10986817e-01
-3.11007112e-01
-3.11024517e-01
-3.11038971e-01
-3.11050504e-01
-3.11059088e-01
-3.11064780e-01
-3.11067551e-01
-3.11067373e-01
-3.11064273e-01
-3.11058253e-01
-3.11049283e-01
-3.11037391e-01
-3.11022609e-01
-3.11004877e-01
-3.10984224e-01
-3.10960621e-01
-3.10934126e-01
-3.10904711e-01
-3.10872346e-01
-3.10837060e-01
-3.10798854e-01
-3.10757697e-01
-3.10713619e-01
-3.10666651e-01
-3.10616732e-01
-3.10563892e-01
-3.10508102e-01
-3.10449421e-01
-3.10387820e-01
-3.10323268e-01
-3.10255796e-01
-3.10185403e-01
-3.10112059e-01
-3.10035795e-01
-3.09956640e-01
-3.09874535e-01
-3.09789509e-01
-3.09701532e-01
-3.09610665e-01
-3.09516877e-01
-3.09420139e-01
-3.09320480e-01
-3.09217900e-01
-3.09112370e-01
-3.09003919e-01
-3.08892578e-01
-3.08778286e-01
-3.08661073e-01
-3.08540910e-01
-3.08417857e-01
-3.08291882e-01
-3.08162957e-01
-3.08031112e-01
-3.07896346e-01
-3.07758629e-01
-3.07617992e-01
-3.07474464e-01
-3.07327986e-01
-3.07178587e-01
-3.07026267e-01
-3.06871027e-01
-3.06712866e-01
-3.06551784e-01
-3.06387812e-01
-3.06220889e-01
-3.06051105e-01
-3.05878490e-01
-3.05703014e-01
-3.05524737e-01
-3.05343568e-01
-3.05159569e-01
-3.04972738e-01
-3.04783076e-01
-3.04590553e-01
-3.04395199e-01
-3.04196984e-01
-3.03995967e-01
-3.03792089e-01
-3.03585380e-01
-3.03375810e-01
-3.03163379e-01
-3.02948117e-01
-3.02730024e-01
-3.02509099e-01
-3.02285343e-01
-3.02058756e-01
-3.01829308e-01
-3.01597059e-01
-3.01361978e-01
-3.01124036e-01
-3.00883293e-01
-3.00639689e-01
-3.00393283e-01
-3.00144047e-01
-2.99892008e-01
-2.99637109e-01
-2.99379438e-01
-2.99118906e-01
-2.98855603e-01
-2.98589468e-01
-2.98320562e-01
-2.98048824e-01
-2.97774345e-01
-2.97497034e-01
-2.97216892e-01
-2.96933979e-01
-2.96648264e-01
-2.96359748e-01
-2.96068430e-01
-2.95774311e-01
-2.95477390e-01
-2.95177698e-01
-2.94875234e-01
-2.94569969e-01
-2.94261962e-01
-2.93951184e-01
-2.93637633e-01
-2.93321341e-01
-2.93002307e-01
-2.92680532e-01
-2.92356014e-01
-2.92028725e-01
-2.91698724e-01
-2.91365981e-01
-2.91030526e-01
-2.90692300e-01
-2.90351361e-01
-2.90007710e-01
-2.89661318e-01
-2.89312243e-01
-2.88960397e-01
-2.88605869e-01
-2.88248628e-01
-2.87888676e-01
-2.87526011e-01
-2.87160665e-01
-2.86792606e-01
-2.86421865e-01
-2.86048442e-01
-2.85672307e-01
-2.85293490e-01
-2.84912020e-01
-2.84527838e-01
-2.84141004e-01
-2.83751458e-01
-2.83359230e-01
-2.82964349e-01
-2.82566786e-01
-2.82166541e-01
-2.81763613e-01
-2.81358004e-01
-2.80949771e-01
-2.80538917e-01
-2.80125409e-01
-2.79709309e-01
-2.79290557e-01
-2.78869182e-01
-2.78445214e-01
-2.78018624e-01
-2.77589411e-01
-2.77157605e-01
-2.76723206e-01
-2.76286185e-01
-2.75846571e-01
-2.75404364e-01
-2.74959594e-01
-2.74512202e-01
-2.74062246e-01
-2.73609698e-01
-2.73154616e-01
-2.72696942e-01
-2.72236735e-01
-2.71773964e-01
-2.71308631e-01
-2.70840734e-01
-2.70370275e-01
-2.69897312e-01
-2.69421786e-01
-2.68943727e-01
-2.68463135e-01
-2.67980039e-01
-2.67494440e-01
-2.67006338e-01
-2.66515732e-01
-2.66022623e-01
-2.65527010e-01
-2.65028924e-01
-2.64528394e-01
-2.64025331e-01
-2.63519824e-01
-2.63011813e-01
-2.62501359e-01
-2.61988431e-01
-2.61473030e-01
-2.60955215e-01
-2.60434926e-01
-2.59912223e-01
-2.59387046e-01
-2.58859456e-01
-2.58329391e-01
-2.57796884e-01
-2.57261932e-01
-2.56724536e-01
-2.56184727e-01
-2.55642533e-01
-2.55097926e-01
-2.54550964e-01
-2.54001617e-01
-2.53449887e-01
-2.52895802e-01
-2.52339363e-01
-2.51780570e-01
-2.51219422e-01
-2.50655949e-01
-2.50090092e-01
-2.49521911e-01
-2.48951361e-01
-2.48378485e-01
-2.47803271e-01
-2.47225747e-01
-2.46645898e-01
-2.46063709e-01
-2.45479226e-01
-2.44892448e-01
-2.44303375e-01
-2.43711993e-01
-2.43118346e-01
-2.42522404e-01
-2.41924182e-01
-2.41323709e-01
-2.40720958e-01
-2.40115941e-01
-2.39508688e-01
-2.38899171e-01
-2.38287419e-01
-2.37673432e-01
-2.37057209e-01
-2.36438766e-01
-2.35818103e-01
-2.35195234e-01
-2.34570161e-01
-2.33942896e-01
-2.33313411e-01
-2.32681766e-01
-2.32047930e-01
-2.31411904e-01
-2.30773702e-01
-2.30133340e-01
-2.29490802e-01
-2.28846148e-01
-2.28199333e-01
-2.27550387e-01
-2.26899311e-01
-2.26246104e-01
-2.25590765e-01
-2.24933311e-01
-2.24273756e-01
-2.23612100e-01
-2.22948328e-01
-2.22282484e-01
-2.21614555e-01
-2.20944569e-01
-2.20272481e-01
-2.19598338e-01
-2.18922138e-01
-2.18243867e-01
-2.17563555e-01
-2.16881216e-01
-2.16196850e-01
-2.15510443e-01
-2.14822024e-01
-2.14131594e-01
-2.13439137e-01
-2.12744698e-01
-2.12048247e-01
-2.11349830e-01
-2.10649431e-01
-2.09947065e-01
-2.09242731e-01
-2.08536431e-01
-2.07828194e-01
-2.07117960e-01
-2.06405804e-01
-2.05691695e-01
-2.04975650e-01
-2.04257682e-01
-2.03537837e-01
-2.02816084e-01
-2.02092439e-01
-2.01366901e-01
-2.00639471e-01
-1.99910179e-01
-1.99178994e-01
-1.98445946e-01
-1.97711051e-01
-1.96974307e-01
-1.96235716e-01
-1.95495307e-01
-1.94753051e-01
-1.94008961e-01
-1.93263069e-01
-1.92515343e-01
-1.91765830e-01
-1.91014528e-01
-1.90261438e-01
-1.89506561e-01
-1.88749924e-01
-1.87991515e-01
-1.87231347e-01
-1.86469421e-01
-1.85705751e-01
-1.84940338e-01
-1.84173197e-01
-1.83404326e-01
-1.82633758e-01
-1.81861475e-01
-1.81087479e-01
-1.80311784e-01
-1.79534405e-01
-1.78755358e-01
-1.77974626e-01
-1.77192256e-01
-1.76408216e-01
-1.75622538e-01
-1.74835205e-01
-1.74046233e-01
-1.73255637e-01
-1.72463417e-01
-1.71669587e-01
-1.70874149e-01
-1.70077130e-01
-1.69278502e-01
-1.68478310e-01
-1.67676523e-01
-1.66873172e-01
-1.66068271e-01
-1.65261820e-01
-1.64453819e-01
-1.63644284e-01
-1.62833229e-01
-1.62020639e-01
-1.61206543e-01
-1.60390928e-01
-1.59573823e-01
-1.58755228e-01
-1.57935157e-01
-1.57113597e-01
-1.56290576e-01
-1.55466080e-01
-1.54640138e-01
-1.53812736e-01
-1.52983919e-01
-1.52153686e-01
-1.51322037e-01
-1.50488958e-01
-1.49654478e-01
-1.48818597e-01
-1.47981316e-01
-1.47142664e-01
-1.46302655e-01
-1.45461276e-01
-1.44618541e-01
-1.43774450e-01
-1.42929032e-01
-1.42082259e-01
-1.41234159e-01
-1.40384734e-01
-1.39534026e-01
-1.38681993e-01
-1.37828678e-01
-1.36974081e-01
-1.36118203e-01
-1.35261059e-01
-1.34402663e-01
-1.33543015e-01
-1.32682100e-01
-1.31819963e-01
-1.30956620e-01
-1.30092040e-01
-1.29226238e-01
-1.28359228e-01
-1.27491027e-01
-1.26621664e-01
-1.25751108e-01
-1.24879390e-01
-1.24006495e-01
-1.23132460e-01
-1.22257262e-01
-1.21380940e-01
-1.20503493e-01
-1.19624913e-01
-1.18745223e-01
-1.17864430e-01
-1.16982542e-01
-1.16099559e-01
-1.15215503e-01
-1.14330381e-01
-1.13444194e-01
-1.12556949e-01
-1.11668661e-01
-1.10779338e-01
-1.09888978e-01
-1.08997598e-01
-1.08105212e-01
-1.07211821e-01
-1.06317431e-01
-1.05422057e-01
-1.04525700e-01
-1.03628382e-01
-1.02730095e-01
-1.01830862e-01
-1.00930676e-01
-1.00029558e-01
-9.91275087e-02
-9.82245505e-02
-9.73206758e-02
-9.64158997e-02
-9.55102369e-02
-9.46036875e-02
-9.36962515e-02
-9.27879512e-02
-9.18787941e-02
-9.09687877e-02
-9.00579393e-02
-8.91462564e-02
-8.82337466e-02
-8.73204321e-02
-8.64063129e-02
-8.54913816e-02
-8.45756680e-02
-8.36591646e-02
-8.27419013e-02
-8.18238631e-02
-8.09050724e-02
-7.99855366e-02
-7.90652633e-02
-7.81442523e-02
-7.72225335e-02
-7.63000920e-02
-7.53769577e-02
-7.44531229e-02
-7.35286102e-02
-7.26034120e-02
-7.16775507e-02
-7.07510337e-02
-6.98238611e-02
-6.88960552e-02
-6.79676086e-02
-6.70385361e-02
-6.61088526e-02
-6.51785582e-02
-6.42476678e-02
-6.33161962e-02
-6.23841397e-02
-6.14515133e-02
-6.05183206e-02
-5.95845766e-02
-5.86502813e-02
-5.77154569e-02
-5.67800999e-02
-5.58442287e-02
-5.49078472e-02
-5.39709665e-02
-5.30335940e-02
-5.20957373e-02
-5.11574075e-02
-5.02186120e-02
-4.92793620e-02
-4.83396649e-02
-4.73995246e-02
-4.64589596e-02
-4.55179736e-02
-4.45765741e-02
-4.36347723e-02
-4.26925793e-02
-4.17499989e-02
-4.08070423e-02
-3.98637205e-02
-3.89200412e-02
-3.79760154e-02
-3.70316431e-02
-3.60869393e-02
-3.51419151e-02
-3.41965742e-02
-3.32509354e-02
-3.23049948e-02
-3.13587673e-02
-3.04122604e-02
-2.94654872e-02
-2.85184514e-02
-2.75711659e-02
-2.66236383e-02
-2.56758779e-02
-2.47278959e-02
-2.37796977e-02
-2.28312928e-02
-2.18826924e-02
-2.09339019e-02
-1.99849326e-02
-1.90357938e-02
-1.80864949e-02
-1.71370432e-02
-1.61874481e-02
-1.52377207e-02
-1.42878676e-02
-1.33378981e-02
-1.23878159e-02
-1.14376536e-02
-1.04873460e-02
-9.53713153e-03
-8.58629402e-03
-7.63714407e-03
-6.68238755e-03
-5.74521162e-03
-4.75205854e-03
-3.93657619e-03
-2.56134756e-03
-3.06951511e-03
-5.96046448e-08
5.96046448e-08
3.06951511e-03
