2.78334424e-04
5.76649734e-04
8.76394450e-04
1.17623399e-03
1.47606991e-03
1.77589257e-03
2.07569869e-03
2.37548538e-03
2.67524994e-03
2.97498936e-03
3.27470084e-03
3.57438205e-03
3.87402996e-03
4.17364156e-03
4.47321450e-03
4.77274507e-03
5.07223140e-03
5.37167024e-03
5.67105878e-03
5.97039424e-03
6.26967382e-03
6.56889519e-03
6.86805556e-03
7.16715073e-03
7.46617932e-03
7.76513806e-03
8.06402415e-03
8.36283341e-03
8.66156630e-03
8.96021724e-03
9.25878435e-03
9.55726486e-03
9.85565688e-03
1.01539558e-02
1.04521606e-02
1.07502667e-02
1.10482723e-02
1.13461744e-02
1.16439713e-02
1.19416583e-02
1.22392336e-02
1.25366952e-02
1.28340386e-02
1.31312627e-02
1.34283649e-02
1.37253404e-02
1.40221892e-02
1.43189048e-02
1.46154882e-02
1.49119347e-02
1.52082415e-02
1.55044058e-02
1.58004258e-02
1.60962977e-02
1.63920205e-02
1.66875869e-02
1.69829987e-02
1.72782503e-02
1.75733436e-02
1.78682692e-02
1.81630310e-02
1.84576213e-02
1.87520403e-02
1.90462824e-02
1.93403475e-02
1.96342319e-02
1.99279338e-02
2.02214476e-02
2.05147713e-02
2.08079051e-02
2.11008452e-02
2.13935878e-02
2.16861293e-02
2.19784677e-02
2.22705994e-02
2.25625262e-02
2.28542387e-02
2.31457390e-02
2.34370232e-02
2.37280875e-02
2.40189303e-02
2.43095495e-02
2.45999414e-02
2.48901024e-02
2.51800306e-02
2.54697222e-02
2.57591810e-02
2.60483958e-02
2.63373647e-02
2.66260877e-02
2.69145649e-02
2.72027887e-02
2.74907574e-02
2.77784709e-02
2.80659236e-02
2.83531137e-02
2.86400393e-02
2.89266948e-02
2.92130839e-02
2.94991974e-02
2.97850352e-02
3.00705954e-02
3.03558726e-02
3.06408666e-02
3.09255756e-02
3.12099941e-02
3.14941220e-02
3.17779556e-02
3.20614912e-02
3.23447287e-02
3.26276645e-02
3.29102948e-02
3.31926160e-02
3.34746316e-02
3.37563306e-02
3.40377167e-02
3.43187824e-02
3.45995240e-02
3.48799489e-02
3.51600423e-02
3.54398079e-02
3.57192419e-02
3.59983407e-02
3.62771042e-02
3.65555286e-02
3.68336104e-02
3.71113494e-02
3.73887420e-02
3.76657806e-02
3.79424691e-02
3.82188037e-02
3.84947807e-02
3.87704000e-02
3.90456580e-02
3.93205471e-02
3.95950712e-02
3.98692228e-02
4.01430055e-02
4.04164121e-02
4.06894386e-02
4.09620851e-02
4.12343517e-02
4.15062308e-02
4.17777225e-02
4.20488231e-02
4.23195288e-02
4.25898395e-02
4.28597517e-02
4.31292616e-02
4.33983728e-02
4.36670743e-02
4.39353660e-02
4.42032516e-02
4.44707200e-02
4.47377749e-02
4.50044125e-02
4.52706292e-02
4.55364175e-02
4.58017848e-02
4.60667200e-02
4.63312268e-02
4.65953015e-02
4.68589403e-02
4.71221395e-02
4.73848954e-02
4.76472117e-02
4.79090810e-02
4.81705070e-02
4.84314822e-02
4.86920029e-02
4.89520654e-02
4.92116697e-02
4.94708195e-02
4.97295037e-02
4.99877259e-02
5.02454787e-02
5.05027622e-02
5.07595725e-02
5.10159135e-02
5.12717739e-02
5.15271612e-02
5.17820641e-02
5.20364828e-02
5.22904098e-02
5.25438525e-02
5.27967997e-02
5.30492552e-02
5.33012152e-02
5.35526760e-02
5.38036376e-02
5.40540926e-02
5.43040447e-02
5.45534864e-02
5.48024178e-02
5.50508350e-02
5.52987419e-02
5.55461347e-02
5.57930022e-02
5.60393482e-02
5.62851727e-02
5.65304682e-02
5.67752346e-02
5.70194721e-02
5.72631769e-02
5.75063452e-02
5.77489771e-02
5.79910725e-02
5.82326241e-02
5.84736317e-02
5.87140918e-02
5.89540005e-02
5.91933616e-02
5.94321638e-02
5.96704185e-02
5.99081144e-02
6.01452515e-02
6.03818260e-02
6.06178306e-02
6.08532690e-02
6.10881411e-02
6.13224357e-02
6.15561642e-02
6.17893152e-02
6.20218925e-02
6.22538850e-02
6.24853000e-02
6.27161339e-02
6.29463717e-02
6.31760284e-02
6.34050965e-02
6.36335760e-02
6.38614595e-02
6.40887469e-02
6.43154383e-02
6.45415336e-02
6.47670180e-02
6.49918914e-02
6.52161539e-02
6.54398054e-02
6.56628460e-02
6.58852756e-02
6.61070943e-02
6.63282871e-02
6.65488690e-02
6.67688251e-02
6.69881627e-02
6.72068670e-02
6.74249455e-02
6.76423982e-02
6.78592175e-02
6.80754036e-02
6.82909489e-02
6.85058609e-02
6.87201321e-02
6.89337626e-02
6.91467449e-02
6.93590790e-02
6.95707649e-02
6.97818026e-02
6.99921846e-02
7.02019185e-02
7.04109892e-02
7.06194118e-02
7.08271712e-02
7.10342675e-02
7.12406933e-02
7.14464486e-02
7.16515407e-02
7.18559697e-02
7.20597133e-02
7.22627863e-02
7.24651888e-02
7.26669058e-02
7.28679448e-02
7.30683059e-02
7.32679814e-02
7.34669790e-02
7.36652911e-02
7.38629177e-02
7.40598515e-02
7.42560998e-02
7.44516477e-02
7.46464953e-02
7.48406425e-02
7.50340894e-02
7.52268285e-02
7.54188746e-02
7.56102130e-02
7.58008435e-02
7.59907663e-02
7.61799812e-02
7.63684809e-02
7.65562877e-02
7.67433718e-02
7.69297481e-02
7.71154165e-02
7.73003623e-02
7.74845853e-02
7.76680708e-02
7.78508261e-02
7.80328587e-02
7.82141536e-02
7.83947036e-02
7.85745308e-02
7.87536204e-02
7.89319798e-02
7.91095942e-02
7.92864710e-02
7.94626027e-02
7.96379969e-02
7.98126534e-02
7.99865574e-02
8.01597163e-02
8.03321302e-02
8.05037916e-02
8.06747079e-02
8.08448642e-02
8.10142532e-02
8.11828971e-02
8.13507736e-02
8.15178901e-02
8.16842392e-02
8.18498358e-02
8.20146576e-02
8.21787268e-02
8.23420137e-02
8.25045332e-02
8.26662853e-02
8.28272700e-02
8.29874724e-02
8.31468999e-02
8.33055526e-02
8.34634304e-02
8.36205333e-02
8.37768540e-02
8.39323848e-02
8.40871260e-02
8.42410848e-02
8.43942463e-02
8.45466182e-02
8.46982077e-02
8.48490000e-02
8.49990025e-02
8.51482078e-02
8.52966234e-02
8.54442343e-02
8.55910480e-02
8.57370570e-02
8.58822763e-02
8.60266834e-02
8.61702934e-02
8.63130987e-02
8.64550918e-02
8.65962878e-02
8.67366716e-02
8.68762508e-02
8.70150179e-02
8.71529654e-02
8.72900933e-02
8.74264017e-02
8.75618979e-02
8.76965672e-02
8.78304169e-02
8.79634470e-02
8.80956575e-02
8.82270411e-02
8.83575976e-02
8.84873345e-02
8.86162445e-02
8.87443274e-02
8.88715833e-02
8.89979973e-02
8.91235918e-02
8.92483443e-02
8.93722698e-02
8.94953609e-02
8.96176249e-02
8.97390619e-02
8.98596644e-02
8.99794251e-02
9.00983512e-02
9.02164280e-02
9.03336555e-02
9.04500335e-02
9.05655622e-02
9.06802416e-02
9.07940716e-02
9.09070522e-02
9.10191834e-02
9.11304653e-02
9.12408903e-02
9.13504660e-02
9.14591923e-02
9.15670544e-02
9.16740745e-02
9.17802304e-02
9.18855220e-02
9.19899642e-02
9.20935422e-02
9.21962708e-02
9.22981277e-02
9.23991278e-02
9.24992561e-02
9.25985277e-02
9.26969275e-02
9.27944705e-02
9.28911492e-02
9.29869637e-02
9.30819139e-02
9.31759998e-02
9.32692215e-02
9.33615714e-02
9.34530422e-02
9.35436338e-02
9.36333463e-02
9.37221795e-02
9.38101336e-02
9.38972086e-02
9.39834043e-02
9.40687209e-02
9.41531584e-02
9.42367092e-02
9.43193883e-02
9.44011807e-02
9.44820940e-02
9.45621282e-02
9.46412683e-02
9.47195292e-02
9.47969034e-02
9.48733911e-02
9.49489847e-02
9.50236991e-02
9.50975195e-02
9.51704457e-02
9.52424929e-02
9.53136459e-02
9.53839049e-02
9.54532772e-02
9.55217481e-02
9.55893323e-02
9.56560224e-02
9.57218185e-02
9.57867205e-02
9.58507285e-02
9.59138423e-02
9.59760621e-02
9.60373878e-02
9.60978195e-02
9.61573571e-02
9.62160006e-02
9.62737501e-02
9.63306054e-02
9.63865593e-02
9.64416191e-02
9.64957774e-02
9.65490267e-02
9.66013670e-02
9.66527984e-02
9.67033207e-02
9.67529342e-02
9.68016386e-02
9.68494341e-02
9.68963206e-02
9.69422981e-02
9.69873667e-02
9.70315263e-02
9.70747843e-02
9.71171334e-02
9.71585736e-02
9.71990973e-02
9.72387195e-02
9.72774252e-02
9.73152220e-02
9.73521098e-02
9.73880962e-02
9.74231660e-02
9.74573344e-02
9.74905789e-02
9.75229219e-02
9.75543484e-02
9.75848660e-02
9.76144820e-02
9.76431891e-02
9.76709798e-02
9.76978615e-02
9.77238417e-02
9.77489054e-02
9.77730602e-02
9.77962986e-02
9.78186205e-02
9.78400335e-02
9.78605226e-02
9.78800878e-02
9.78987515e-02
9.79164913e-02
9.79333147e-02
9.79492292e-02
9.79642272e-02
9.79783088e-02
9.79914740e-02
9.80037302e-02
9.80150700e-02
9.80254933e-02
9.80350077e-02
9.80435982e-02
9.80512723e-02
9.80580300e-02
9.80638638e-02
9.80687886e-02
9.80727971e-02
9.80758965e-02
9.80780721e-02
9.80793387e-02
9.80796888e-02
9.80791226e-02
9.80776399e-02
9.80752409e-02
9.80719253e-02
9.80676934e-02
9.80625376e-02
9.80564728e-02
9.80494991e-02
9.80416015e-02
9.80327874e-02
9.80230570e-02
9.80124101e-02
9.80008468e-02
9.79883671e-02
9.79749709e-02
9.79606584e-02
9.79454368e-02
9.79292989e-02
9.79122519e-02
9.78942886e-02
9.78754014e-02
9.78556126e-02
9.78349000e-02
9.78132784e-02
9.77907330e-02
9.77672860e-02
9.77429152e-02
9.77176428e-02
9.76914540e-02
9.76643637e-02
9.76363495e-02
9.76074338e-02
9.75776017e-02
9.75468680e-02
9.75152180e-02
9.74826664e-02
9.74491984e-02
9.74148288e-02
9.73795429e-02
9.73433554e-02
9.73062515e-02
9.72682461e-02
9.72293243e-02
9.71894935e-02
9.71487537e-02
9.71071050e-02
9.70645472e-02
9.70210880e-02
9.69767123e-02
9.69314352e-02
9.68852416e-02
9.68381464e-02
9.67901349e-02
9.67412144e-02
9.66913849e-02
9.66406465e-02
9.65889990e-02
9.65364426e-02
9.64829773e-02
9.64286178e-02
9.63733643e-02
9.63172168e-02
9.62601751e-02
9.62022394e-02
9.61434096e-02
9.60836858e-02
9.60230678e-02
9.59615558e-02
9.58991498e-02
9.58358571e-02
9.57716629e-02
9.57065821e-02
9.56406072e-02
9.55737308e-02
9.55059677e-02
9.54373106e-02
9.53677669e-02
9.52973217e-02
9.52259973e-02
9.51537788e-02
9.50806662e-02
9.50066745e-02
9.49317887e-02
9.48560238e-02
9.47793648e-02
9.47018266e-02
9.46233943e-02
9.45440903e-02
9.44638923e-02
9.43828225e-02
9.43008661e-02
9.42180306e-02
9.41343158e-02
9.40497220e-02
9.39642489e-02
9.38778967e-02
9.37906653e-02
9.37025547e-02
9.36135650e-02
9.35236961e-02
9.34329480e-02
9.33413282e-02
9.32488367e-02
9.31554809e-02
9.30612609e-02
9.29661840e-02
9.28702354e-02
9.27734226e-02
9.26757455e-02
9.25772041e-02
9.24778059e-02
9.23775509e-02
9.22764242e-02
9.21744406e-02
9.20716003e-02
9.19679031e-02
9.18633491e-02
9.17579308e-02
9.16516632e-02
9.15445387e-02
9.14365575e-02
9.13277343e-02
9.12180468e-02
9.11075175e-02
9.09961313e-02
9.08839032e-02
9.07708183e-02
9.06568840e-02
9.05421004e-02
9.04264748e-02
9.03099850e-02
9.01926532e-02
9.00744796e-02
8.99554789e-02
8.98356438e-02
8.97149667e-02
8.95934552e-02
8.94711167e-02
8.93479511e-02
8.92239437e-02
8.90991092e-02
8.89734477e-02
8.88469592e-02
8.87196437e-02
8.85914937e-02
8.84625241e-02
8.83327201e-02
8.82021040e-02
8.80706608e-02
8.79383907e-02
8.78053010e-02
8.76713991e-02
8.75366703e-02
8.74011293e-02
8.72647688e-02
8.71275887e-02
8.69895965e-02
8.68507922e-02
8.67111832e-02
8.65707695e-02
8.64295512e-02
8.62875283e-02
8.61447006e-02
8.60010684e-02
8.58566314e-02
8.57113972e-02
8.55653733e-02
8.54185447e-02
8.52709264e-02
8.51225108e-02
8.49733055e-02
8.48232955e-02
8.46724957e-02
8.45209137e-02
8.43685418e-02
8.42153803e-02
8.40614289e-02
8.39066878e-02
8.37511644e-02
8.35948586e-02
8.34377781e-02
8.32799226e-02
8.31212997e-02
8.29618946e-02
8.28017220e-02
8.26407745e-02
8.24790522e-02
8.23165700e-02
8.21533203e-02
8.19892958e-02
8.18245187e-02
8.16589743e-02
8.14926699e-02
8.13256055e-02
8.11577812e-02
8.09892043e-02
8.08198676e-02
8.06497708e-02
8.04789290e-02
8.03073347e-02
8.01349953e-02
7.99619183e-02
7.97880962e-02
7.96135291e-02
7.94382170e-02
7.92621747e-02
7.90853873e-02
7.89078549e-02
7.87295997e-02
7.85506144e-02
7.83708915e-02
7.81904310e-02
7.80092403e-02
7.78273195e-02
7.76446611e-02
7.74612725e-02
7.72771686e-02
7.70923570e-02
7.69068301e-02
7.67205879e-02
7.65336379e-02
7.63459802e-02
7.61576146e-02
7.59685412e-02
7.57787675e-02
7.55882710e-02
7.53970817e-02
7.52051920e-02
7.50125945e-02
7.48193040e-02
7.46253133e-02
7.44306222e-02
7.42352456e-02
7.40391761e-02
7.38424212e-02
7.36449733e-02
7.34468475e-02
7.32480437e-02
7.30485544e-02
7.28483871e-02
7.26475343e-02
7.24460110e-02
7.22438097e-02
7.20409453e-02
7.18374029e-02
7.16331974e-02
7.14283139e-02
7.12227672e-02
7.10165501e-02
7.08096772e-02
7.06021488e-02
7.03939572e-02
7.01851174e-02
6.99756220e-02
6.97654784e-02
6.95546791e-02
6.93432391e-02
6.91311508e-02
6.89184144e-02
6.87050447e-02
6.84910342e-02
6.82763830e-02
6.80610985e-02
6.78451806e-02
6.76286295e-02
6.74114600e-02
6.71936572e-02
6.69752359e-02
6.67561889e-02
6.65365160e-02
6.63162321e-02
6.60953298e-02
6.58738092e-02
6.56516850e-02
6.54289499e-02
6.52055964e-02
6.49816394e-02
6.47570714e-02
6.45319074e-02
6.43061399e-02
6.40797764e-02
6.38528243e-02
6.36252761e-02
6.33971393e-02
6.31684139e-02
6.29391000e-02
6.27092123e-02
6.24787360e-02
6.22476824e-02
6.20160513e-02
6.17838390e-02
6.15510568e-02
6.13177009e-02
6.10837750e-02
6.08492792e-02
6.06142208e-02
6.03786036e-02
6.01424240e-02
5.99056818e-02
5.96683845e-02
5.94305322e-02
5.91921285e-02
5.89531772e-02
5.87136783e-02
5.84736317e-02
5.82330413e-02
5.79919107e-02
5.77502400e-02
5.75080328e-02
5.72652966e-02
5.70220277e-02
5.67782298e-02
5.65339029e-02
5.62890507e-02
5.60436808e-02
5.57977855e-02
5.55513762e-02
5.53044491e-02
5.50570115e-02
5.48090599e-02
5.45606017e-02
5.43116331e-02
5.40621653e-02
5.38121946e-02
5.35617284e-02
5.33107594e-02
5.30592985e-02
5.28073423e-02
5.25549017e-02
5.23019694e-02
5.20485528e-02
5.17946556e-02
5.15402779e-02
5.12854159e-02
5.10300845e-02
5.07742763e-02
5.05179986e-02
5.02612591e-02
5.00040501e-02
4.97463793e-02
4.94882464e-02
4.92296591e-02
4.89706136e-02
4.87111136e-02
4.84511629e-02
4.81907576e-02
4.79299128e-02
4.76686209e-02
4.74068895e-02
4.71447185e-02
4.68821116e-02
4.66190726e-02
4.63555977e-02
4.60916944e-02
4.58273664e-02
4.55626138e-02
4.52974401e-02
4.50318456e-02
4.47658375e-02
4.44994122e-02
4.42325808e-02
4.39653359e-02
4.36976813e-02
4.34296280e-02
4.31611687e-02
4.28923145e-02
4.26230617e-02
4.23534140e-02
4.20833714e-02
4.18129414e-02
4.15421277e-02
4.12709303e-02
4.09993492e-02
4.07273918e-02
4.04550545e-02
4.01823446e-02
3.99092659e-02
3.96358147e-02
3.93619984e-02
3.90878171e-02
3.88132744e-02
3.85383777e-02
3.82631272e-02
3.79875191e-02
3.77115570e-02
3.74352522e-02
3.71586010e-02
3.68816070e-02
3.66042778e-02
3.63266058e-02
3.60486023e-02
3.57702635e-02
3.54915969e-02
3.52126025e-02
3.49332802e-02
3.46536376e-02
3.43736745e-02
3.40933949e-02
3.38128023e-02
3.35319005e-02
3.32506895e-02
3.29691730e-02
3.26873511e-02
3.24052274e-02
3.21228057e-02
3.18400897e-02
3.15570794e-02
3.12737823e-02
3.09901945e-02
3.07063200e-02
3.04221641e-02
3.01377270e-02
2.98530161e-02
2.95680296e-02
2.92827711e-02
2.89972443e-02
2.87114531e-02
2.84253936e-02
2.81390771e-02
2.78525017e-02
2.75656693e-02
2.72785854e-02
2.69912481e-02
2.67036669e-02
2.64158398e-02
2.61277705e-02
2.58394629e-02
2.55509187e-02
2.52621416e-02
2.49731336e-02
2.46838965e-02
2.43944321e-02
2.41047461e-02
2.38148384e-02
2.35247128e-02
2.32343748e-02
2.29438245e-02
2.26530638e-02
2.23620962e-02
2.20709257e-02
2.17795521e-02
2.14879811e-02
2.11962126e-02
2.09042523e-02
2.06121001e-02
2.03197617e-02
2.00272370e-02
1.97345316e-02
1.94416475e-02
1.91485845e-02
1.88553501e-02
1.85619425e-02
1.82683654e-02
1.79746244e-02
1.76807195e-02
1.73866581e-02
1.70924366e-02
1.67980604e-02
1.65035333e-02
1.62088573e-02
1.59140341e-02
1.56190665e-02
1.53239602e-02
1.50287142e-02
1.47333331e-02
1.44378189e-02
1.41421761e-02
1.38464058e-02
1.35505125e-02
1.32544963e-02
1.29583618e-02
1.26621118e-02
1.23657482e-02
1.20692737e-02
1.17726931e-02
1.14760082e-02
1.11792209e-02
1.08823339e-02
1.05853509e-02
1.02882748e-02
9.99110751e-03
9.69385169e-03
9.39651113e-03
9.09908861e-03
8.80158599e-03
8.50400608e-03
8.20635352e-03
7.90862925e-03
7.61083653e-03
7.31297769e-03
7.01505598e-03
6.71707373e-03
6.41903467e-03
6.12094067e-03
5.82279498e-03
5.52460039e-03
5.22635924e-03
4.92807524e-03
4.62975027e-03
4.33138711e-03
4.03298950e-03
3.73455905e-03
3.43609927e-03
3.13761272e-03
2.83910264e-03
2.54057162e-03
2.24202219e-03
1.94345717e-03
1.64487970e-03
1.34629256e-03
1.04769832e-03
7.49099941e-04
4.50500112e-04
1.51901724e-04
-1.46692473e-04
-4.45279729e-04
-7.43857236e-04
-1.04242226e-03
-1.34097179e-03
-1.63950329e-03
-1.93801383e-03
-2.23650062e-03
-2.53496063e-03
-2.83339131e-03
-3.13178985e-03
-3.43015324e-03
-3.72847915e-03
-4.02676454e-03
-4.32500616e-03
-4.62320168e-03
-4.92134830e-03
-5.21944370e-03
-5.51748415e-03
-5.81546687e-03
-6.11338951e-03
-6.41124928e-03
-6.70904340e-03
-7.00676907e-03
-7.30442302e-03
-7.60200387e-03
-7.89950695e-03
-8.19693226e-03
-8.49427376e-03
-8.79153050e-03
-9.08869971e-03
-9.38577671e-03
-9.68276057e-03
-9.97964945e-03
-1.02764387e-02
-1.05731254e-02
-1.08697079e-02
-1.11661833e-02
-1.14625469e-02
-1.17587987e-02
-1.20549342e-02
-1.23509523e-02
-1.26468483e-02
-1.29426206e-02
-1.32382661e-02
-1.35337822e-02
-1.38291651e-02
-1.41244140e-02
-1.44195240e-02
-1.47144943e-02
-1.50093194e-02
-1.53039992e-02
-1.55985299e-02
-1.58929098e-02
-1.61871351e-02
-1.64812021e-02
-1.67751107e-02
-1.70688555e-02
-1.73624344e-02
-1.76558439e-02
-1.79490838e-02
-1.82421505e-02
-1.85350385e-02
-1.88277494e-02
-1.91202760e-02
-1.94126200e-02
-1.97047777e-02
-1.99967436e-02
-2.02885158e-02
-2.05800924e-02
-2.08714716e-02
-2.11626496e-02
-2.14536246e-02
-2.17443909e-02
-2.20349506e-02
-2.23252960e-02
-2.26154272e-02
-2.29053423e-02
-2.31950376e-02
-2.34845094e-02
-2.37737540e-02
-2.40627732e-02
-2.43515577e-02
-2.46401113e-02
-2.49284264e-02
-2.52165031e-02
-2.55043376e-02
-2.57919282e-02
-2.60792710e-02
-2.63663661e-02
-2.66532060e-02
-2.69397926e-02
-2.72261184e-02
-2.75121871e-02
-2.77979914e-02
-2.80835312e-02
-2.83688009e-02
-2.86537986e-02
-2.89385244e-02
-2.92229727e-02
-2.95071416e-02
-2.97910273e-02
-3.00746299e-02
-3.03579457e-02
-3.06409728e-02
-3.09237055e-02
-3.12061440e-02
-3.14882845e-02
-3.17701250e-02
-3.20516601e-02
-3.23328897e-02
-3.26138102e-02
-3.28944214e-02
-3.31747197e-02
-3.34547013e-02
-3.37343626e-02
-3.40136997e-02
-3.42927165e-02
-3.45714092e-02
-3.48497704e-02
-3.51277962e-02
-3.54054905e-02
-3.56828459e-02
-3.59598659e-02
-3.62365395e-02
-3.65128703e-02
-3.67888585e-02
-3.70644890e-02
-3.73397693e-02
-3.76146957e-02
-3.78892645e-02
-3.81634720e-02
-3.84373181e-02
-3.87107953e-02
-3.89839076e-02
-3.92566472e-02
-3.95290144e-02
-3.98010090e-02
-4.00726199e-02
-4.03438509e-02
-4.06147018e-02
-4.08851653e-02
-4.11552414e-02
-4.14249226e-02
-4.16942127e-02
-4.19631079e-02
-4.22316045e-02
-4.24996987e-02
-4.27673906e-02
-4.30346765e-02
-4.33015525e-02
-4.35680151e-02
-4.38340679e-02
-4.40997034e-02
-4.43649217e-02
-4.46297191e-02
-4.48940918e-02
-4.51580361e-02
-4.54215519e-02
-4.56846394e-02
-4.59472947e-02
-4.62095141e-02
-4.64712940e-02
-4.67326380e-02
-4.69935313e-02
-4.72539812e-02
-4.75139841e-02
-4.77735400e-02
-4.80326414e-02
-4.82912846e-02
-4.85494770e-02
-4.88072038e-02
-4.90644686e-02
-4.93212715e-02
-4.95776050e-02
-4.98334654e-02
-5.00888601e-02
-5.03437743e-02
-5.05982153e-02
-5.08521795e-02
-5.11056632e-02
-5.13586625e-02
-5.16111702e-02
-5.18631898e-02
-5.21147177e-02
-5.23657538e-02
-5.26162945e-02
-5.28663397e-02
-5.31158820e-02
-5.33649176e-02
-5.36134541e-02
-5.38614802e-02
-5.41089997e-02
-5.43560088e-02
-5.46024963e-02
-5.48484698e-02
-5.50939292e-02
-5.53388633e-02
-5.55832759e-02
-5.58271632e-02
-5.60705215e-02
-5.63133508e-02
-5.65556437e-02
-5.67974076e-02
-5.70386313e-02
-5.72793148e-02
-5.75194545e-02
-5.77590503e-02
-5.79981022e-02
-5.82366064e-02
-5.84745593e-02
-5.87119609e-02
-5.89488074e-02
-5.91850951e-02
-5.94208278e-02
-5.96559942e-02
-5.98905981e-02
-6.01246320e-02
-6.03581034e-02
-6.05910011e-02
-6.08233251e-02
-6.10550754e-02
-6.12862520e-02
-6.15168475e-02
-6.17468581e-02
-6.19762875e-02
-6.22051321e-02
-6.24333918e-02
-6.26610592e-02
-6.28881454e-02
-6.31146282e-02
-6.33405298e-02
-6.35658354e-02
-6.37905449e-02
-6.40146434e-02
-6.42381310e-02
-6.44610077e-02
-6.46832809e-02
-6.49049431e-02
-6.51259869e-02
-6.53464273e-02
-6.55662417e-02
-6.57854378e-02
-6.60040155e-02
-6.62219748e-02
-6.64393082e-02
-6.66560158e-02
-6.68720976e-02
-6.70875460e-02
-6.73023611e-02
-6.75165430e-02
-6.77300766e-02
-6.79429770e-02
-6.81552365e-02
-6.83668554e-02
-6.85778186e-02
-6.87881410e-02
-6.89978153e-02
-6.92068413e-02
-6.94152117e-02
-6.96229339e-02
-6.98300004e-02
-7.00364038e-02
-7.02421516e-02
-7.04472363e-02
-7.06516504e-02
-7.08553940e-02
-7.10584745e-02
-7.12608770e-02
-7.14626089e-02
-7.16636702e-02
-7.18640462e-02
-7.20637590e-02
-7.22627863e-02
-7.24611282e-02
-7.26587921e-02
-7.28557706e-02
-7.30520636e-02
-7.32476711e-02
-7.34425932e-02
-7.36368224e-02
-7.38303512e-02
-7.40231797e-02
-7.42153078e-02
-7.44067430e-02
-7.45974705e-02
-7.47874975e-02
-7.49768168e-02
-7.51654357e-02
-7.53533393e-02
-7.55405426e-02
-7.57270306e-02
-7.59128183e-02
-7.60978907e-02
-7.62822554e-02
-7.64659122e-02
-7.66488463e-02
-7.68310502e-02
-7.70125240e-02
-7.71932676e-02
-7.73732737e-02
-7.75525495e-02
-7.77310878e-02
-7.79089034e-02
-7.80859813e-02
-7.82623291e-02
-7.84379318e-02
-7.86127970e-02
-7.87869245e-02
-7.89603144e-02
-7.91329518e-02
-7.93048516e-02
-7.94760063e-02
-7.96464160e-02
-7.98160806e-02
-7.99849927e-02
-8.01531449e-02
-8.03205445e-02
-8.04871842e-02
-8.06530565e-02
-8.08181763e-02
-8.09825286e-02
-8.11461285e-02
-8.13089535e-02
-8.14710259e-02
-8.16323236e-02
-8.17928538e-02
-8.19526091e-02
-8.21115971e-02
-8.22698101e-02
-8.24272558e-02
-8.25839266e-02
-8.27398226e-02
-8.28949362e-02
-8.30492675e-02
-8.32028240e-02
-8.33555907e-02
-8.35075676e-02
-8.36587623e-02
-8.38091671e-02
-8.39587748e-02
-8.41076002e-02
-8.42556283e-02
-8.44028741e-02
-8.45493153e-02
-8.46949592e-02
-8.48398134e-02
-8.49838629e-02
-8.51271152e-02
-8.52695704e-02
-8.54112208e-02
-8.55520666e-02
-8.56921077e-02
-8.58313441e-02
-8.59697759e-02
-8.61074030e-02
-8.62442330e-02
-8.63802433e-02
-8.65154415e-02
-8.66498202e-02
-8.67833793e-02
-8.69161114e-02
-8.70480239e-02
-8.71791244e-02
-8.73094052e-02
-8.74388590e-02
-8.75675008e-02
-8.76953080e-02
-8.78222957e-02
-8.79484639e-02
-8.80738050e-02
-8.81983116e-02
-8.83219913e-02
-8.84448439e-02
-8.85668546e-02
-8.86880457e-02
-8.88084024e-02
-8.89279321e-02
-8.90466347e-02
-8.91644955e-02
-8.92815217e-02
-8.93977210e-02
-8.95130783e-02
-8.96275863e-02
-8.97412449e-02
-8.98540542e-02
-8.99660140e-02
-9.00771245e-02
-9.01873857e-02
-9.02968049e-02
-9.04053748e-02
-9.05130953e-02
-9.06199589e-02
-9.07259658e-02
-9.08311307e-02
-9.09354389e-02
-9.10388902e-02
-9.11414847e-02
-9.12432298e-02
-9.13441107e-02
-9.14441422e-02
-9.15433094e-02
-9.16416124e-02
-9.17390585e-02
-9.18356404e-02
-9.19313580e-02
-9.20262188e-02
-9.21202078e-02
-9.22133401e-02
-9.23056081e-02
-9.23970118e-02
-9.24875438e-02
-9.25772190e-02
-9.26660299e-02
-9.27539691e-02
-9.28410441e-02
-9.29272398e-02
-9.30125639e-02
-9.30970088e-02
-9.31805745e-02
-9.32632610e-02
-9.33450684e-02
-9.34259966e-02
-9.35060456e-02
-9.35852155e-02
-9.36635137e-02
-9.37409252e-02
-9.38174650e-02
-9.38931182e-02
-9.39678922e-02
-9.40417796e-02
-9.41147730e-02
-9.41868871e-02
-9.42581147e-02
-9.43284556e-02
-9.43979099e-02
-9.44664776e-02
-9.45341587e-02
-9.46009606e-02
-9.46668684e-02
-9.47318822e-02
-9.47960094e-02
-9.48592499e-02
-9.49215963e-02
-9.49830487e-02
-9.50436145e-02
-9.51032862e-02
-9.51620638e-02
-9.52199474e-02
-9.52769369e-02
-9.53330323e-02
-9.53882411e-02
-9.54425484e-02
-9.54959691e-02
-9.55484882e-02
-9.56001133e-02
-9.56508443e-02
-9.57006887e-02
-9.57496390e-02
-9.57976952e-02
-9.58448574e-02
-9.58911255e-02
-9.59364995e-02
-9.59809795e-02
-9.60245579e-02
-9.60672349e-02
-9.61090177e-02
-9.61498916e-02
-9.61898565e-02
-9.62289125e-02
-9.62670594e-02
-9.63042974e-02
-9.63406265e-02
-9.63760465e-02
-9.64105576e-02
-9.64441597e-02
-9.64768529e-02
-9.65086371e-02
-9.65395123e-02
-9.65694785e-02
-9.65985358e-02
-9.66266841e-02
-9.66539234e-02
-9.66802537e-02
-9.67056751e-02
-9.67301875e-02
-9.67537910e-02
-9.67764854e-02
-9.67982709e-02
-9.68191475e-02
-9.68391150e-02
-9.68581736e-02
-9.68763232e-02
-9.68935639e-02
-9.69098955e-02
-9.69253182e-02
-9.69398320e-02
-9.69534367e-02
-9.69661325e-02
-9.69779193e-02
-9.69887972e-02
-9.69987661e-02
-9.70078260e-02
-9.70159769e-02
-9.70232189e-02
-9.70295519e-02
-9.70349759e-02
-9.70394909e-02
-9.70430970e-02
-9.70457941e-02
-9.70475823e-02
-9.70484614e-02
-9.70484316e-02
-9.70474929e-02
-9.70456451e-02
-9.70428884e-02
-9.70392227e-02
-9.70346481e-02
-9.70291644e-02
-9.70227718e-02
-9.70154703e-02
-9.70072597e-02
-9.69981402e-02
-9.69881117e-02
-9.69771743e-02
-9.69653279e-02
-9.69525725e-02
-9.69389156e-02
-9.69243497e-02
-9.69088748e-02
-9.68924910e-02
-9.68751982e-02
-9.68569964e-02
-9.68378931e-02
-9.68178809e-02
-9.67969596e-02
-9.67751294e-02
-9.67523903e-02
-9.67287421e-02
-9.67041850e-02
-9.66787189e-02
-9.66523439e-02
-9.66250598e-02
-9.65968668e-02
-9.65677649e-02
-9.65377539e-02
-9.65068340e-02
-9.64750051e-02
-9.64422673e-02
-9.64086205e-02
-9.63740647e-02
-9.63385999e-02
-9.63022262e-02
-9.62649435e-02
-9.62267667e-02
-9.61876959e-02
-9.61477309e-02
-9.61068720e-02
-9.60651189e-02
-9.60224718e-02
-9.59789306e-02
-9.59344953e-02
-9.58891660e-02
-9.58429426e-02
-9.57958251e-02
-9.57478136e-02
-9.56989080e-02
-9.56491083e-02
-9.55984145e-02
-9.55468267e-02
-9.54943448e-02
-9.54409689e-02
-9.53867063e-02
-9.53315496e-02
-9.52754915e-02
-9.52185467e-02
-9.51607078e-02
-9.51019898e-02
-9.50423703e-02
-9.49818715e-02
-9.49204788e-02
-9.48581994e-02
-9.47950259e-02
-9.47309732e-02
-9.46660265e-02
-9.46001932e-02
-9.45334733e-02
-9.44658741e-02
-9.43973884e-02
-9.43280309e-02
-9.42577794e-02
-9.41866562e-02
-9.41146463e-02
-9.40417647e-02
-9.39680040e-02
-9.38933566e-02
-9.38178301e-02
-9.37414244e-02
-9.36641395e-02
-9.35859755e-02
-9.35069323e-02
-9.34270099e-02
-9.33462158e-02
-9.32645425e-02
-9.31819901e-02
-9.30985808e-02
-9.30142999e-02
-9.29291546e-02
-9.28431451e-02
-9.27562788e-02
-9.26685408e-02
-9.25799385e-02
-9.24904794e-02
-9.24001485e-02
-9.23089683e-02
-9.22169238e-02
-9.21240225e-02
-9.20302570e-02
-9.19356272e-02
-9.18401480e-02
-9.17438045e-02
-9.16466042e-02
-9.15485546e-02
-9.14496481e-02
-9.13498849e-02
-9.12492722e-02
-9.11478102e-02
-9.10454988e-02
-9.09423307e-02
-9.08383131e-02
-9.07334462e-02
-9.06277299e-02
-9.05211642e-02
-9.04137492e-02
-9.03054848e-02
-9.01963785e-02
-9.00864229e-02
-8.99756253e-02
-8.98640007e-02
-8.97515342e-02
-8.96382332e-02
-8.95241052e-02
-8.94091427e-02
-8.92933533e-02
-8.91767293e-02
-8.90592858e-02
-8.89410004e-02
-8.88218880e-02
-8.87019485e-02
-8.85811821e-02
-8.84595886e-02
-8.83371755e-02
-8.82139355e-02
-8.80898684e-02
-8.79649892e-02
-8.78392905e-02
-8.77127647e-02
-8.75854194e-02
-8.74572545e-02
-8.73282701e-02
-8.71984735e-02
-8.70678574e-02
-8.69364291e-02
-8.68041962e-02
-8.66711587e-02
-8.65373164e-02
-8.64026695e-02
-8.62672180e-02
-8.61309618e-02
-8.59938934e-02
-8.58560428e-02
-8.57173800e-02
-8.55779275e-02
-8.54376704e-02
-8.52966234e-02
-8.51547793e-02
-8.50121453e-02
-8.48687217e-02
-8.47245082e-02
-8.45794976e-02
-8.44337046e-02
-8.42871219e-02
-8.41397494e-02
-8.39915872e-02
-8.38426352e-02
-8.36929157e-02
-8.35424140e-02
-8.33911374e-02
-8.32390860e-02
-8.30862597e-02
-8.29326659e-02
-8.27782974e-02
-8.26231539e-02
-8.24672505e-02
-8.23105723e-02
-8.21531266e-02
-8.19949210e-02
-8.18359554e-02
-8.16762298e-02
-8.15157443e-02
-8.13544989e-02
-8.11924934e-02
-8.10297281e-02
-8.08662027e-02
-8.07019249e-02
-8.05369020e-02
-8.03711414e-02
-8.02046284e-02
-8.00373778e-02
-7.98693746e-02
-7.97006339e-02
-7.95311630e-02
-7.93609470e-02
-7.91899934e-02
-7.90183023e-02
-7.88458809e-02
-7.86727145e-02
-7.84988180e-02
-7.83241913e-02
-7.81488344e-02
-7.79727474e-02
-7.77959302e-02
-7.76183829e-02
-7.74401128e-02
-7.72611350e-02
-7.70814493e-02
-7.69010484e-02
-7.67199397e-02
-7.65381157e-02
-7.63555914e-02
-7.61723518e-02
-7.59884119e-02
-7.58037642e-02
-7.56184161e-02
-7.54323676e-02
-7.52456114e-02
-7.50581622e-02
-7.48700127e-02
-7.46811703e-02
-7.44916275e-02
-7.43013993e-02
-7.41104931e-02
-7.39188939e-02
-7.37266093e-02
-7.35336468e-02
-7.33399987e-02
-7.31456727e-02
-7.29506686e-02
-7.27549940e-02
-7.25586340e-02
-7.23616108e-02
-7.21639097e-02
-7.19655454e-02
-7.17665106e-02
-7.15668052e-02
-7.13664293e-02
-7.11653978e-02
-7.09637031e-02
-7.07613602e-02
-7.05583543e-02
-7.03547001e-02
-7.01504052e-02
-6.99454471e-02
-6.97398484e-02
-6.95336089e-02
-6.93267137e-02
-6.91191852e-02
-6.89110160e-02
-6.87022060e-02
-6.84927627e-02
-6.82826787e-02
-6.80719614e-02
-6.78606182e-02
-6.76486567e-02
-6.74360618e-02
-6.72228560e-02
-6.70090169e-02
-6.67945668e-02
-6.65794909e-02
-6.63638115e-02
-6.61475137e-02
-6.59306049e-02
-6.57130927e-02
-6.54949620e-02
-6.52762279e-02
-6.50568828e-02
-6.48369417e-02
-6.46163970e-02
-6.43952638e-02
-6.41735420e-02
-6.39512315e-02
-6.37283325e-02
-6.35048449e-02
-6.32807687e-02
-6.30561188e-02
-6.28308803e-02
-6.26050606e-02
-6.23786598e-02
-6.21516854e-02
-6.19241372e-02
-6.16960190e-02
-6.14673346e-02
-6.12380803e-02
-6.10082634e-02
-6.07778877e-02
-6.05469495e-02
-6.03154488e-02
-6.00833967e-02
-5.98507896e-02
-5.96176386e-02
-5.93839325e-02
-5.91496825e-02
-5.89148849e-02
-5.86795472e-02
-5.84436655e-02
-5.82072511e-02
-5.79702966e-02
-5.77328168e-02
-5.74948005e-02
-5.72562590e-02
-5.70171885e-02
-5.67775965e-02
-5.65374829e-02
-5.62968515e-02
-5.60556985e-02
-5.58140315e-02
-5.55718578e-02
-5.53291701e-02
-5.50859757e-02
-5.48422746e-02
-5.45980670e-02
-5.43533638e-02
-5.41081540e-02
-5.38624562e-02
-5.36162592e-02
-5.33695668e-02
-5.31223901e-02
-5.28747253e-02
-5.26265763e-02
-5.23779429e-02
-5.21288328e-02
-5.18792458e-02
-5.16291857e-02
-5.13786562e-02
-5.11276536e-02
-5.08761816e-02
-5.06242439e-02
-5.03718443e-02
-5.01189865e-02
-4.98656668e-02
-4.96118963e-02
-4.93576676e-02
-4.91029881e-02
-4.88478616e-02
-4.85922918e-02
-4.83362749e-02
-4.80798185e-02
-4.78229225e-02
-4.75655869e-02
-4.73078229e-02
-4.70496267e-02
-4.67910022e-02
-4.65319455e-02
-4.62724678e-02
-4.60125655e-02
-4.57522459e-02
-4.54915091e-02
-4.52303626e-02
-4.49688025e-02
-4.47068326e-02
-4.44444567e-02
-4.41816747e-02
-4.39184979e-02
-4.36549149e-02
-4.33909409e-02
-4.31265682e-02
-4.28618006e-02
-4.25966457e-02
-4.23311070e-02
-4.20651846e-02
-4.17988822e-02
-4.15321961e-02
-4.12651338e-02
-4.09976989e-02
-4.07298915e-02
-4.04617153e-02
-4.01931740e-02
-3.99242677e-02
-3.96550000e-02
-3.93853784e-02
-3.91153991e-02
-3.88450660e-02
-3.85743827e-02
-3.83033492e-02
-3.80319692e-02
-3.77602503e-02
-3.74881923e-02
-3.72157954e-02
-3.69430594e-02
-3.66699919e-02
-3.63965929e-02
-3.61228734e-02
-3.58488224e-02
-3.55744511e-02
-3.52997594e-02
-3.50247510e-02
-3.47494297e-02
-3.44737917e-02
-3.41978483e-02
-3.39215957e-02
-3.36450413e-02
-3.33681852e-02
-3.30910310e-02
-3.28135826e-02
-3.25358436e-02
-3.22578102e-02
-3.19794863e-02
-3.17008793e-02
-3.14219929e-02
-3.11428234e-02
-3.08633763e-02
-3.05836555e-02
-3.03036608e-02
-3.00233997e-02
-2.97428705e-02
-2.94620749e-02
-2.91810203e-02
-2.88997069e-02
-2.86181364e-02
-2.83363145e-02
-2.80542392e-02
-2.77719162e-02
-2.74893474e-02
-2.72065364e-02
-2.69234870e-02
-2.66401973e-02
-2.63566747e-02
-2.60729194e-02
-2.57889368e-02
-2.55047269e-02
-2.52202936e-02
-2.49356404e-02
-2.46507656e-02
-2.43656784e-02
-2.40803771e-02
-2.37948652e-02
-2.35091466e-02
-2.32232213e-02
-2.29370948e-02
-2.26507708e-02
-2.23642495e-02
-2.20775343e-02
-2.17906274e-02
-2.15035323e-02
-2.12162491e-02
-2.09287852e-02
-2.06411406e-02
-2.03533191e-02
-2.00653244e-02
-1.97771545e-02
-1.94888171e-02
-1.92003138e-02
-1.89116448e-02
-1.86228156e-02
-1.83338281e-02
-1.80446841e-02
-1.77553874e-02
-1.74659416e-02
-1.71763506e-02
-1.68866124e-02
-1.65967327e-02
-1.63067151e-02
-1.60165597e-02
-1.57262720e-02
-1.54358521e-02
-1.51453065e-02
-1.48546342e-02
-1.45638408e-02
-1.42729264e-02
-1.39818965e-02
-1.36907510e-02
-1.33994939e-02
-1.31081287e-02
-1.28166573e-02
-1.25250835e-02
-1.22334091e-02
-1.19416378e-02
-1.16497716e-02
-1.13578141e-02
-1.10657662e-02
-1.07736327e-02
-1.04814153e-02
-1.01891169e-02
-9.89674125e-03
-9.60429106e-03
-9.31176730e-03
-9.01917368e-03
-8.72651394e-03
-8.43378995e-03
-8.14100355e-03
-7.84815848e-03
-7.55525846e-03
-7.26230582e-03
-6.96930289e-03
-6.67625200e-03
-6.38315734e-03
-6.09002123e-03
-5.79684507e-03
-5.50363399e-03
-5.21038473e-03
-4.91712149e-03
-4.62377584e-03
-4.33057919e-03
-4.03680885e-03
-3.74476844e-03
-3.44715849e-03
-3.16715799e-03
-2.83118896e-03
-2.67268252e-03
-1.95129798e-03
-3.06951511e-03
-5.96046448e-08
5.96046448e-08
3.06951511e-03
