1.68587815e-03
3.52795352e-03
5.44810854e-03
7.46687362e-03
9.60430689e-03
1.18720271e-02
1.42728267e-02
1.68016963e-02
1.94475725e-02
2.21954007e-02
2.50282120e-02
2.79289149e-02
3.08816619e-02
3.38727050e-02
3.68907973e-02
3.99271958e-02
4.29754518e-02
4.60310057e-02
4.90907840e-02
5.21528013e-02
5.52158356e-02
5.82791492e-02
6.13423325e-02
6.44051284e-02
6.74674138e-02
7.05290884e-02
7.35901222e-02
7.66504705e-02
7.97100961e-02
8.27689692e-02
8.58270675e-02
8.88843611e-02
9.19408202e-02
9.49964151e-02
9.80511159e-02
1.01104885e-01
1.04157709e-01
1.07209541e-01
1.10260375e-01
1.13310158e-01
1.16358884e-01
1.19406506e-01
1.22453012e-01
1.25498354e-01
1.28542513e-01
1.31585464e-01
1.34627178e-01
1.37667626e-01
1.40706778e-01
1.43744588e-01
1.46781057e-01
1.49816141e-01
1.52849808e-01
1.55882031e-01
1.58912793e-01
1.61942050e-01
1.64969802e-01
1.67995974e-01
1.71020597e-01
1.74043581e-01
1.77064940e-01
1.80084631e-01
1.83102623e-01
1.86118886e-01
1.89133391e-01
1.92146122e-01
1.95157036e-01
1.98166132e-01
2.01173335e-01
2.04178646e-01
2.07182035e-01
2.10183471e-01
2.13182926e-01
2.16180384e-01
2.19175801e-01
2.22169146e-01
2.25160405e-01
2.28149533e-01
2.31136531e-01
2.34121338e-01
2.37103939e-01
2.40084305e-01
2.43062407e-01
2.46038198e-01
2.49011695e-01
2.51982838e-01
2.54951626e-01
2.57918000e-01
2.60881931e-01
2.63843447e-01
2.66802460e-01
2.69758940e-01
2.72712886e-01
2.75664270e-01
2.78613061e-01
2.81559229e-01
2.84502715e-01
2.87443548e-01
2.90381640e-01
2.93317020e-01
2.96249628e-01
2.99179435e-01
3.02106440e-01
3.05030584e-01
3.07951897e-01
3.10870290e-01
3.13785732e-01
3.16698223e-01
3.19607764e-01
3.22514266e-01
3.25417727e-01
3.28318089e-01
3.31215411e-01
3.34109604e-01
3.37000638e-01
3.39888483e-01
3.42773169e-01
3.45654607e-01
3.48532766e-01
3.51407647e-01
3.54279220e-01
3.57147485e-01
3.60012352e-01
3.62873852e-01
3.65731925e-01
3.68586540e-01
3.71437669e-01
3.74285340e-01
3.77129436e-01
3.79970014e-01
3.82807016e-01
3.85640413e-01
3.88470143e-01
3.91296178e-01
3.94118577e-01
3.96937281e-01
3.99752200e-01
4.02563363e-01
4.05370742e-01
4.08174336e-01
4.10974085e-01
4.13769960e-01
4.16561902e-01
4.19349939e-01
4.22134012e-01
4.24914122e-01
4.27690238e-01
4.30462301e-01
4.33230311e-01
4.35994238e-01
4.38754082e-01
4.41509724e-01
4.44261253e-01
4.47008610e-01
4.49751735e-01
4.52490658e-01
4.55225289e-01
4.57955629e-01
4.60681677e-01
4.63403374e-01
4.66120660e-01
4.68833596e-01
4.71542090e-01
4.74246174e-01
4.76945758e-01
4.79640901e-01
4.82331485e-01
4.85017508e-01
4.87698972e-01
4.90375817e-01
4.93048042e-01
4.95715678e-01
4.98378605e-01
5.01036823e-01
5.03690362e-01
5.06339133e-01
5.08983195e-01
5.11622429e-01
5.14256895e-01
5.16886413e-01
5.19511104e-01
5.22130847e-01
5.24745703e-01
5.27355611e-01
5.29960573e-01
5.32560527e-01
5.35155475e-01
5.37745416e-01
5.40330231e-01
5.42910039e-01
5.45484662e-01
5.48054099e-01
5.50618410e-01
5.53177595e-01
5.55731535e-01
5.58280230e-01
5.60823679e-01
5.63361883e-01
5.65894723e-01
5.68422258e-01
5.70944369e-01
5.73461175e-01
5.75972497e-01
5.78478456e-01
5.80978930e-01
5.83473921e-01
5.85963428e-01
5.88447392e-01
5.90925872e-01
5.93398750e-01
5.95866024e-01
5.98327637e-01
6.00783706e-01
6.03234053e-01
6.05678797e-01
6.08117819e-01
6.10551119e-01
6.12978697e-01
6.15400553e-01
6.17816508e-01
6.20226622e-01
6.22630835e-01
6.25029266e-01
6.27421737e-01
6.29808307e-01
6.32188976e-01
6.34563744e-01
6.36932492e-01
6.39295280e-01
6.41652048e-01
6.44002676e-01
6.46347284e-01
6.48685753e-01
6.51018143e-01
6.53344393e-01
6.55664504e-01
6.57978475e-01
6.60286248e-01
6.62587762e-01
6.64883077e-01
6.67172134e-01
6.69454873e-01
6.71731234e-01
6.74001336e-01
6.76265061e-01
6.78522408e-01
6.80773377e-01
6.83017969e-01
6.85256064e-01
6.87487721e-01
6.89712942e-01
6.91931665e-01
6.94143832e-01
6.96349502e-01
6.98548555e-01
7.00740993e-01
7.02926874e-01
7.05106080e-01
7.07278728e-01
7.09444761e-01
7.11604059e-01
7.13756680e-01
7.15902627e-01
7.18041718e-01
7.20174074e-01
7.22299635e-01
7.24418342e-01
7.26530254e-01
7.28635311e-01
7.30733514e-01
7.32824802e-01
7.34909236e-01
7.36986756e-01
7.39057302e-01
7.41120934e-01
7.43177593e-01
7.45227218e-01
7.47269750e-01
7.49305308e-01
7.51333773e-01
7.53355145e-01
7.55369484e-01
7.57376611e-01
7.59376705e-01
7.61369586e-01
7.63355374e-01
7.65333951e-01
7.67305315e-01
7.69269407e-01
7.71226287e-01
7.73175836e-01
7.75118113e-01
7.77053118e-01
7.78980732e-01
7.80901074e-01
7.82814085e-01
7.84719646e-01
7.86617875e-01
7.88508654e-01
7.90392101e-01
7.92268038e-01
7.94136524e-01
7.95997500e-01
7.97850966e-01
7.99696863e-01
8.01535249e-01
8.03366065e-01
8.05189312e-01
8.07004988e-01
8.08813095e-01
8.10613573e-01
8.12406421e-01
8.14191699e-01
8.15969408e-01
8.17739487e-01
8.19501817e-01
8.21256340e-01
8.23003054e-01
8.24741960e-01
8.26473057e-01
8.28196347e-01
8.29911828e-01
8.31619561e-01
8.33319485e-01
8.35011482e-01
8.36695611e-01
8.38371873e-01
8.40040267e-01
8.41700733e-01
8.43353331e-01
8.44997942e-01
8.46634686e-01
8.48263323e-01
8.49884093e-01
8.51496756e-01
8.53101432e-01
8.54698062e-01
8.56286645e-01
8.57867122e-01
8.59439611e-01
8.61003935e-01
8.62560153e-01
8.64108264e-01
8.65648210e-01
8.67179990e-01
8.68703604e-01
8.70218992e-01
8.71726215e-01
8.73225212e-01
8.74716043e-01
8.76198590e-01
8.77672911e-01
8.79138947e-01
8.80596757e-01
8.82046223e-01
8.83487403e-01
8.84920180e-01
8.86344671e-01
8.87760758e-01
8.89168501e-01
8.90567958e-01
8.91958952e-01
8.93341541e-01
8.94715726e-01
8.96081448e-01
8.97438765e-01
8.98787618e-01
9.00128007e-01
9.01459932e-01
9.02783334e-01
9.04098213e-01
9.05404568e-01
9.06702399e-01
9.07991648e-01
9.09272373e-01
9.10544515e-01
9.11808133e-01
9.13063109e-01
9.14309561e-01
9.15547371e-01
9.16776597e-01
9.17997241e-01
9.19209242e-01
9.20412600e-01
9.21607196e-01
9.22793090e-01
9.23970282e-01
9.25138712e-01
9.26298440e-01
9.27449465e-01
9.28591728e-01
9.29725230e-01
9.30849969e-01
9.31966007e-01
9.33073223e-01
9.34171677e-01
9.35261309e-01
9.36342120e-01
9.37414110e-01
9.38477337e-01
9.39531684e-01
9.40577209e-01
9.41613853e-01
9.42641616e-01
9.43660557e-01
9.44670558e-01
9.45671678e-01
9.46663916e-01
9.47647214e-01
9.48621511e-01
9.49586868e-01
9.50543284e-01
9.51490760e-01
9.52429295e-01
9.53358829e-01
9.54279423e-01
9.55190957e-01
9.56093490e-01
9.56987083e-01
9.57871616e-01
9.58747149e-01
9.59613562e-01
9.60470974e-01
9.61319327e-01
9.62158740e-01
9.62988973e-01
9.63810205e-01
9.64622378e-01
9.65425432e-01
9.66219366e-01
9.67004180e-01
9.67779934e-01
9.68546569e-01
9.69304085e-01
9.70052421e-01
9.70791638e-01
9.71521676e-01
9.72242594e-01
9.72954333e-01
9.73656893e-01
9.74350333e-01
9.75034595e-01
9.75709617e-01
9.76375461e-01
9.77032065e-01
9.77679491e-01
9.78317738e-01
9.78946805e-01
9.79566634e-01
9.80177224e-01
9.80778575e-01
9.81370687e-01
9.81953561e-01
9.82527137e-01
9.83091533e-01
9.83646631e-01
9.84192431e-01
9.84728992e-01
9.85256195e-01
9.85774159e-01
9.86282825e-01
9.86782253e-01
9.87272382e-01
9.87753153e-01
9.88224566e-01
9.88686800e-01
9.89139616e-01
9.89583254e-01
9.90017474e-01
9.90442336e-01
9.90857840e-01
9.91264045e-01
9.91660953e-01
9.92048502e-01
9.92426693e-01
9.92795527e-01
9.93155062e-01
9.93505239e-01
9.93845940e-01
9.94177341e-01
9.94499385e-01
9.94812071e-01
9.95115399e-01
9.95409310e-01
9.95693862e-01
9.95968997e-01
9.96234834e-01
9.96491253e-01
9.96738255e-01
9.96975839e-01
9.97204125e-01
9.97422993e-01
9.97632444e-01
9.97832477e-01
9.98023152e-01
9.98204350e-01
9.98376250e-01
9.98538673e-01
9.98691678e-01
9.98835266e-01
9.98969436e-01
9.99094248e-01
9.99209583e-01
9.99315560e-01
9.99412119e-01
9.99499202e-01
9.99576926e-01
9.99645233e-01
9.99704123e-01
9.99753594e-01
9.99793589e-01
9.99824226e-01
9.99845445e-01
9.99857247e-01
9.99859571e-01
9.99852538e-01
9.99836087e-01
9.99810100e-01
9.99774814e-01
9.99730051e-01
9.99675870e-01
9.99612272e-01
9.99539256e-01
9.99456823e-01
9.99365032e-01
9.99263763e-01
9.99153137e-01
9.99033034e-01
9.98903513e-01
9.98764634e-01
9.98616278e-01
9.98458564e-01
9.98291433e-01
9.98114884e-01
9.97928917e-01
9.97733533e-01
9.97528791e-01
9.97314692e-01
9.97091115e-01
9.96858180e-01
9.96615827e-01
9.96364117e-01
9.96103048e-01
9.95832562e-01
9.95552719e-01
9.95263457e-01
9.94964838e-01
9.94656801e-01
9.94339406e-01
9.94012713e-01
9.93676662e-01
9.93331194e-01
9.92976367e-01
9.92612183e-01
9.92238700e-01
9.91855800e-01
9.91463602e-01
9.91062105e-01
9.90651190e-01
9.90230978e-01
9.89801407e-01
9.89362538e-01
9.88914311e-01
9.88456786e-01
9.87989962e-01
9.87513840e-01
9.87028420e-01
9.86533642e-01
9.86029625e-01
9.85516310e-01
9.84993637e-01
9.84461725e-01
9.83920515e-01
9.83370125e-01
9.82810438e-01
9.82241452e-01
9.81663227e-01
9.81075764e-01
9.80479002e-01
9.79873002e-01
9.79257822e-01
9.78633404e-01
9.77999806e-01
9.77356911e-01
9.76704895e-01
9.76043642e-01
9.75373149e-01
9.74693477e-01
9.74004686e-01
9.73306656e-01
9.72599566e-01
9.71883237e-01
9.71157730e-01
9.70423102e-01
9.69679296e-01
9.68926370e-01
9.68164325e-01
9.67393160e-01
9.66612875e-01
9.65823472e-01
9.65025008e-01
9.64217424e-01
9.63400781e-01
9.62575018e-01
9.61740196e-01
9.60896254e-01
9.60043430e-01
9.59181488e-01
9.58310485e-01
9.57430422e-01
9.56541359e-01
9.55643296e-01
9.54736173e-01
9.53820109e-01
9.52894986e-01
9.51960921e-01
9.51017797e-01
9.50065792e-01
9.49104905e-01
9.48135078e-01
9.47156250e-01
9.46168542e-01
9.45171952e-01
9.44166422e-01
9.43152010e-01
9.42128718e-01
9.41096485e-01
9.40055430e-01
9.39005554e-01
9.37946796e-01
9.36879218e-01
9.35802877e-01
9.34717715e-01
9.33623672e-01
9.32520807e-01
9.31409240e-01
9.30288792e-01
9.29159641e-01
9.28021729e-01
9.26875055e-01
9.25719678e-01
9.24555600e-01
9.23382819e-01
9.22201276e-01
9.21011031e-01
9.19812024e-01
9.18604374e-01
9.17388082e-01
9.16163146e-01
9.14929569e-01
9.13687468e-01
9.12436783e-01
9.11177456e-01
9.09909606e-01
9.08633173e-01
9.07348156e-01
9.06054616e-01
9.04752493e-01
9.03441846e-01
9.02122617e-01
9.00795043e-01
8.99458945e-01
8.98114324e-01
8.96761179e-01
8.95399690e-01
8.94029737e-01
8.92651320e-01
8.91264498e-01
8.89869332e-01
8.88465762e-01
8.87053788e-01
8.85633469e-01
8.84204805e-01
8.82767797e-01
8.81322503e-01
8.79868925e-01
8.78407001e-01
8.76936853e-01
8.75458419e-01
8.73971701e-01
8.72476757e-01
8.70973647e-01
8.69462311e-01
8.67942810e-01
8.66415083e-01
8.64879191e-01
8.63335192e-01
8.61783087e-01
8.60222757e-01
8.58654320e-01
8.57077837e-01
8.55493307e-01
8.53900671e-01
8.52299988e-01
8.50691378e-01
8.49074662e-01
8.47450018e-01
8.45817327e-01
8.44176650e-01
8.42528045e-01
8.40871513e-01
8.39207053e-01
8.37534726e-01
8.35854471e-01
8.34166408e-01
8.32470477e-01
8.30766737e-01
8.29055130e-01
8.27335715e-01
8.25608432e-01
8.23873401e-01
8.22130501e-01
8.20379913e-01
8.18621516e-01
8.16855371e-01
8.15081537e-01
8.13300073e-01
8.11510921e-01
8.09714198e-01
8.07909906e-01
8.06098044e-01
8.04278553e-01
8.02451551e-01
8.00616980e-01
7.98774838e-01
7.96925187e-01
7.95067966e-01
7.93203235e-01
7.91330993e-01
7.89451301e-01
7.87564158e-01
7.85669625e-01
7.83767760e-01
7.81858444e-01
7.79941857e-01
7.78017879e-01
7.76086509e-01
7.74147868e-01
7.72201955e-01
7.70248771e-01
7.68288314e-01
7.66320586e-01
7.64345586e-01
7.62363434e-01
7.60374069e-01
7.58377612e-01
7.56373942e-01
7.54363239e-01
7.52345383e-01
7.50320435e-01
7.48288453e-01
7.46249378e-01
7.44203329e-01
7.42150187e-01
7.40090013e-01
7.38022864e-01
7.35948861e-01
7.33867884e-01
7.31779993e-01
7.29685247e-01
7.27583647e-01
7.25475192e-01
7.23359823e-01
7.21237719e-01
7.19108760e-01
7.16973007e-01
7.14830518e-01
7.12681174e-01
7.10525215e-01
7.08362579e-01
7.06193328e-01
7.04017401e-01
7.01834798e-01
6.99645638e-01
6.97449863e-01
6.95247531e-01
6.93038642e-01
6.90823197e-01
6.88601196e-01
6.86372757e-01
6.84137881e-01
6.81896567e-01
6.79648757e-01
6.77394569e-01
6.75134063e-01
6.72867179e-01
6.70593917e-01
6.68314397e-01
6.66028500e-01
6.63736284e-01
6.61437869e-01
6.59133255e-01
6.56822443e-01
6.54505372e-01
6.52182162e-01
6.49852872e-01
6.47517383e-01
6.45175815e-01
6.42828166e-01
6.40474439e-01
6.38114691e-01
6.35748923e-01
6.33377194e-01
6.30999506e-01
6.28615856e-01
6.26226306e-01
6.23830795e-01
6.21429503e-01
6.19022250e-01
6.16609275e-01
6.14190400e-01
6.11765683e-01
6.09335244e-01
6.06899083e-01
6.04457259e-01
6.02009714e-01
5.99556506e-01
5.97097635e-01
5.94633162e-01
5.92163086e-01
5.89687407e-01
5.87206185e-01
5.84719360e-01
5.82227111e-01
5.79729378e-01
5.77226162e-01
5.74717462e-01
5.72203457e-01
5.69683969e-01
5.67159176e-01
5.64629018e-01
5.62093496e-01
5.59552670e-01
5.57006538e-01
5.54455221e-01
5.51898658e-01
5.49336970e-01
5.46770036e-01
5.44198036e-01
5.41620851e-01
5.39038539e-01
5.36451161e-01
5.33858716e-01
5.31261206e-01
5.28658748e-01
5.26051342e-01
5.23438931e-01
5.20821631e-01
5.18199444e-01
5.15572309e-01
5.12940288e-01
5.10303438e-01
5.07661760e-01
5.05015373e-01
5.02364218e-01
4.99708384e-01
4.97047782e-01
4.94382530e-01
4.91712570e-01
4.89038020e-01
4.86358851e-01
4.83675092e-01
4.80986774e-01
4.78293926e-01
4.75596577e-01
4.72894758e-01
4.70188439e-01
4.67477739e-01
4.64762598e-01
4.62043047e-01
4.59319174e-01
4.56590980e-01
4.53858495e-01
4.51121747e-01
4.48380738e-01
4.45635498e-01
4.42886055e-01
4.40132469e-01
4.37374711e-01
4.34612811e-01
4.31846857e-01
4.29076821e-01
4.26302761e-01
4.23524618e-01
4.20742542e-01
4.17956471e-01
4.15166438e-01
4.12372530e-01
4.09574747e-01
4.06773090e-01
4.03967589e-01
4.01158333e-01
3.98345292e-01
3.95528466e-01
3.92707914e-01
3.89883667e-01
3.87055755e-01
3.84224176e-01
3.81388962e-01
3.78550202e-01
3.75707835e-01
3.72861981e-01
3.70012581e-01
3.67159694e-01
3.64303321e-01
3.61443549e-01
3.58580351e-01
3.55713785e-01
3.52843881e-01
3.49970669e-01
3.47094148e-01
3.44214350e-01
3.41331273e-01
3.38445008e-01
3.35555553e-01
3.32662940e-01
3.29767197e-01
3.26868325e-01
3.23966384e-01
3.21061403e-01
3.18153381e-01
3.15242350e-01
3.12328398e-01
3.09411496e-01
3.06491643e-01
3.03568900e-01
3.00643325e-01
2.97714919e-01
2.94783711e-01
2.91849703e-01
2.88912952e-01
2.85973489e-01
2.83031315e-01
2.80086517e-01
2.77139038e-01
2.74188966e-01
2.71236300e-01
2.68281072e-01
2.65323311e-01
2.62363076e-01
2.59400338e-01
2.56435186e-01
2.53467590e-01
2.50497639e-01
2.47525305e-01
2.44550645e-01
2.41573691e-01
2.38594443e-01
2.35612959e-01
2.32629240e-01
2.29643330e-01
2.26655260e-01
2.23665044e-01
2.20672756e-01
2.17678383e-01
2.14681938e-01
2.11683482e-01
2.08683029e-01
2.05680609e-01
2.02676237e-01
1.99669957e-01
1.96661815e-01
1.93651810e-01
1.90639988e-01
1.87626377e-01
1.84610993e-01
1.81593865e-01
1.78575039e-01
1.75554529e-01
1.72532365e-01
1.69508561e-01
1.66483164e-01
1.63456202e-01
1.60427690e-01
1.57397673e-01
1.54366165e-01
1.51333198e-01
1.48298815e-01
1.45263031e-01
1.42225876e-01
1.39187381e-01
1.36147588e-01
1.33106500e-01
1.30064160e-01
1.27020597e-01
1.23975843e-01
1.20929927e-01
1.17882863e-01
1.14834689e-01
1.11785442e-01
1.08735137e-01
1.05683804e-01
1.02631472e-01
9.95781645e-02
9.65239331e-02
9.34687853e-02
9.04127583e-02
8.73558745e-02
8.42981786e-02
8.12396854e-02
7.81804174e-02
7.51204267e-02
7.20597133e-02
6.89983293e-02
6.59362897e-02
6.28736317e-02
5.98103851e-02
5.67465760e-02
5.36822304e-02
5.06173782e-02
4.75520492e-02
4.44862731e-02
4.14200798e-02
3.83534953e-02
3.52865495e-02
3.22192721e-02
2.91516874e-02
2.60838289e-02
2.30157245e-02
1.99474040e-02
1.68788936e-02
1.38102267e-02
1.07414285e-02
7.67252967e-03
4.60355869e-03
1.53454405e-03
-1.53448491e-03
-4.60349955e-03
-7.67247053e-03
-1.07413698e-02
-1.38101690e-02
-1.68788359e-02
-1.99473444e-02
-2.30156630e-02
-2.60837674e-02
-2.91516259e-02
-3.22192088e-02
-3.52864899e-02
-3.83534357e-02
-4.14200164e-02
-4.44862098e-02
-4.75519858e-02
-5.06173111e-02
-5.36821634e-02
-5.67465089e-02
-5.98103181e-02
-6.28735647e-02
-6.59362227e-02
-6.89982548e-02
-7.20596462e-02
-7.51203522e-02
-7.81803578e-02
-8.12396184e-02
-8.42981189e-02
-8.73558223e-02
-9.04127061e-02
-9.34687331e-02
-9.65238810e-02
-9.95781198e-02
-1.02631412e-01
-1.05683737e-01
-1.08735062e-01
-1.11785367e-01
-1.14834622e-01
-1.17882796e-01
-1.20929860e-01
-1.23975784e-01
-1.27020538e-01
-1.30064100e-01
-1.33106425e-01
-1.36147514e-01
-1.39187321e-01
-1.42225802e-01
-1.45262972e-01
-1.48298755e-01
-1.51333138e-01
-1.54366106e-01
-1.57397613e-01
-1.60427630e-01
-1.63456142e-01
-1.66483104e-01
-1.69508502e-01
-1.72532305e-01
-1.75554469e-01
-1.78574979e-01
-1.81593806e-01
-1.84610933e-01
-1.87626332e-01
-1.90639943e-01
-1.93651780e-01
-1.96661785e-01
-1.99669942e-01
-2.02676192e-01
-2.05680564e-01
-2.08682984e-01
-2.11683422e-01
-2.14681894e-01
-2.17678308e-01
-2.20672697e-01
-2.23664999e-01
-2.26655185e-01
-2.29643255e-01
-2.32629150e-01
-2.35612869e-01
-2.38594368e-01
-2.41573602e-01
-2.44550556e-01
-2.47525215e-01
-2.50497520e-01
-2.53467500e-01
-2.56435096e-01
-2.59400249e-01
-2.62362987e-01
-2.65323222e-01
-2.68280983e-01
-2.71236211e-01
-2.74188876e-01
-2.77138948e-01
-2.80086428e-01
-2.83031255e-01
-2.85973430e-01
-2.88912892e-01
-2.91849643e-01
-2.94783652e-01
-2.97714859e-01
-3.00643265e-01
-3.03568840e-01
-3.06491584e-01
-3.09411436e-01
-3.12328339e-01
-3.15242290e-01
-3.18153322e-01
-3.21061343e-01
-3.23966324e-01
-3.26868266e-01
-3.29767138e-01
-3.32662880e-01
-3.35555494e-01
-3.38444948e-01
-3.41331184e-01
-3.44214231e-01
-3.47094059e-01
-3.49970579e-01
-3.52843821e-01
-3.55713725e-01
-3.58580291e-01
-3.61443460e-01
-3.64303261e-01
-3.67159575e-01
-3.70012462e-01
-3.72861832e-01
-3.75707746e-01
-3.78550112e-01
-3.81388903e-01
-3.84224087e-01
-3.87055635e-01
-3.89883578e-01
-3.92707795e-01
-3.95528346e-01
-3.98345172e-01
-4.01158214e-01
-4.03967500e-01
-4.06772971e-01
-4.09574628e-01
-4.12372440e-01
-4.15166348e-01
-4.17956352e-01
-4.20742422e-01
-4.23524499e-01
-4.26302642e-01
-4.29076701e-01
-4.31846768e-01
-4.34612721e-01
-4.37374592e-01
-4.40132350e-01
-4.42885965e-01
-4.45635438e-01
-4.48380679e-01
-4.51121718e-01
-4.53858465e-01
-4.56590980e-01
-4.59319144e-01
-4.62043017e-01
-4.64762509e-01
-4.67477620e-01
-4.70188320e-01
-4.72894609e-01
-4.75596458e-01
-4.78293806e-01
-4.80986685e-01
-4.83675003e-01
-4.86358762e-01
-4.89037931e-01
-4.91712511e-01
-4.94382441e-01
-4.97047722e-01
-4.99708325e-01
-5.02364218e-01
-5.05015433e-01
-5.07661819e-01
-5.10303438e-01
-5.12940228e-01
-5.15572190e-01
-5.18199265e-01
-5.20821512e-01
-5.23438811e-01
-5.26051223e-01
-5.28658688e-01
-5.31261146e-01
-5.33858597e-01
-5.36451042e-01
-5.39038420e-01
-5.41620731e-01
-5.44197917e-01
-5.46769917e-01
-5.49336851e-01
-5.51898539e-01
-5.54455101e-01
-5.57006419e-01
-5.59552550e-01
-5.62093377e-01
-5.64628899e-01
-5.67159057e-01
-5.69683909e-01
-5.72203338e-01
-5.74717402e-01
-5.77226102e-01
-5.79729259e-01
-5.82227051e-01
-5.84719360e-01
-5.87206125e-01
-5.89687347e-01
-5.92163026e-01
-5.94633102e-01
-5.97097576e-01
-5.99556386e-01
-6.02009594e-01
-6.04457140e-01
-6.06899023e-01
-6.09335184e-01
-6.11765623e-01
-6.14190340e-01
-6.16609216e-01
-6.19022250e-01
-6.21429384e-01
-6.23830736e-01
-6.26226187e-01
-6.28615797e-01
-6.30999446e-01
-6.33377194e-01
-6.35748923e-01
-6.38114691e-01
-6.40474439e-01
-6.42828107e-01
-6.45175755e-01
-6.47517323e-01
-6.49852753e-01
-6.52182102e-01
-6.54505253e-01
-6.56822264e-01
-6.59133136e-01
-6.61437750e-01
-6.63736224e-01
-6.66028380e-01
-6.68314278e-01
-6.70593858e-01
-6.72867119e-01
-6.75134003e-01
-6.77394509e-01
-6.79648697e-01
-6.81896448e-01
-6.84137821e-01
-6.86372697e-01
-6.88601196e-01
-6.90823197e-01
-6.93038642e-01
-6.95247531e-01
-6.97449803e-01
-6.99645579e-01
-7.01834738e-01
-7.04017282e-01
-7.06193209e-01
-7.08362579e-01
-7.10525215e-01
-7.12681174e-01
-7.14830458e-01
-7.16973007e-01
-7.19108760e-01
-7.21237719e-01
-7.23359823e-01
-7.25475192e-01
-7.27583647e-01
-7.29685247e-01
-7.31779993e-01
-7.33867824e-01
-7.35948801e-01
-7.38022864e-01
-7.40090013e-01
-7.42150187e-01
-7.44203329e-01
-7.46249437e-01
-7.48288453e-01
-7.50320494e-01
-7.52345443e-01
-7.54363239e-01
-7.56374002e-01
-7.58377612e-01
-7.60374129e-01
-7.62363434e-01
-7.64345586e-01
-7.66320586e-01
-7.68288314e-01
-7.70248771e-01
-7.72202015e-01
-7.74147928e-01
-7.76086569e-01
-7.78017879e-01
-7.79941857e-01
-7.81858504e-01
-7.83767819e-01
-7.85669684e-01
-7.87564218e-01
-7.89451301e-01
-7.91330993e-01
-7.93203175e-01
-7.95067906e-01
-7.96925128e-01
-7.98774779e-01
-8.00616980e-01
-8.02451551e-01
-8.04278612e-01
-8.06098163e-01
-8.07909966e-01
-8.09714258e-01
-8.11510921e-01
-8.13300073e-01
-8.15081537e-01
-8.16855431e-01
-8.18621635e-01
-8.20380092e-01
-8.22130740e-01
-8.23873580e-01
-8.25608552e-01
-8.27335775e-01
-8.29055130e-01
-8.30766737e-01
-8.32470477e-01
-8.34166408e-01
-8.35854530e-01
-8.37534726e-01
-8.39207113e-01
-8.40871572e-01
-8.42528105e-01
-8.44176710e-01
-8.45817327e-01
-8.47450018e-01
-8.49074662e-01
-8.50691378e-01
-8.52300048e-01
-8.53900731e-01
-8.55493307e-01
-8.57077837e-01
-8.58654380e-01
-8.60222757e-01
-8.61783028e-01
-8.63335192e-01
-8.64879191e-01
-8.66415083e-01
-8.67942810e-01
-8.69462311e-01
-8.70973647e-01
-8.72476757e-01
-8.73971641e-01
-8.75458300e-01
-8.76936793e-01
-8.78407001e-01
-8.79868925e-01
-8.81322503e-01
-8.82767797e-01
-8.84204745e-01
-8.85633349e-01
-8.87053728e-01
-8.88465703e-01
-8.89869273e-01
-8.91264498e-01
-8.92651320e-01
-8.94029677e-01
-8.95399690e-01
-8.96761239e-01
-8.98114324e-01
-8.99458885e-01
-9.00795043e-01
-9.02122676e-01
-9.03441906e-01
-9.04752493e-01
-9.06054676e-01
-9.07348156e-01
-9.08633173e-01
-9.09909606e-01
-9.11177516e-01
-9.12436783e-01
-9.13687468e-01
-9.14929628e-01
-9.16163146e-01
-9.17388141e-01
-9.18604434e-01
-9.19812083e-01
-9.21011031e-01
-9.22201276e-01
-9.23382819e-01
-9.24555600e-01
-9.25719619e-01
-9.26874995e-01
-9.28021669e-01
-9.29159582e-01
-9.30288732e-01
-9.31409121e-01
-9.32520747e-01
-9.33623552e-01
-9.34717596e-01
-9.35802817e-01
-9.36879218e-01
-9.37946916e-01
-9.39005613e-01
-9.40055490e-01
-9.41096544e-01
-9.42128718e-01
-9.43152010e-01
-9.44166422e-01
-9.45171952e-01
-9.46168602e-01
-9.47156310e-01
-9.48135078e-01
-9.49104965e-01
-9.50065851e-01
-9.51017857e-01
-9.51960921e-01
-9.52895045e-01
-9.53820109e-01
-9.54736292e-01
-9.55643356e-01
-9.56541479e-01
-9.57430482e-01
-9.58310485e-01
-9.59181488e-01
-9.60043430e-01
-9.60896313e-01
-9.61740136e-01
-9.62574959e-01
-9.63400722e-01
-9.64217424e-01
-9.65025008e-01
-9.65823472e-01
-9.66612935e-01
-9.67393279e-01
-9.68164444e-01
-9.68926489e-01
-9.69679356e-01
-9.70423222e-01
-9.71157789e-01
-9.71883357e-01
-9.72599685e-01
-9.73306835e-01
-9.74004805e-01
-9.74693596e-01
-9.75373149e-01
-9.76043582e-01
-9.76704776e-01
-9.77356911e-01
-9.77999747e-01
-9.78633344e-01
-9.79257822e-01
-9.79873002e-01
-9.80479002e-01
-9.81075823e-01
-9.81663287e-01
-9.82241511e-01
-9.82810497e-01
-9.83370185e-01
-9.83920574e-01
-9.84461725e-01
-9.84993637e-01
-9.85516250e-01
-9.86029625e-01
-9.86533701e-01
-9.87028420e-01
-9.87513840e-01
-9.87989962e-01
-9.88456786e-01
-9.88914311e-01
-9.89362538e-01
-9.89801347e-01
-9.90230978e-01
-9.90651190e-01
-9.91062105e-01
-9.91463661e-01
-9.91855919e-01
-9.92238760e-01
-9.92612302e-01
-9.92976427e-01
-9.93331254e-01
-9.93676662e-01
-9.94012773e-01
-9.94339466e-01
-9.94656861e-01
-9.94964898e-01
-9.95263517e-01
-9.95552778e-01
-9.95832622e-01
-9.96103108e-01
-9.96364176e-01
-9.96615887e-01
-9.96858180e-01
-9.97091115e-01
-9.97314692e-01
-9.97528851e-01
-9.97733593e-01
-9.97928977e-01
-9.98114944e-01
-9.98291433e-01
-9.98458564e-01
-9.98616278e-01
-9.98764634e-01
-9.98903573e-01
-9.99033034e-01
-9.99153137e-01
-9.99263823e-01
-9.99365032e-01
-9.99456823e-01
-9.99539196e-01
-9.99612153e-01
-9.99675691e-01
-9.99729872e-01
-9.99774635e-01
-9.99809921e-01
-9.99835849e-01
-9.99852419e-01
-9.99859452e-01
-9.99857128e-01
-9.99845326e-01
-9.99824107e-01
-9.99793470e-01
-9.99753475e-01
-9.99704003e-01
-9.99645114e-01
-9.99576926e-01
-9.99499261e-01
-9.99412119e-01
-9.99315560e-01
-9.99209583e-01
-9.99094248e-01
-9.98969495e-01
-9.98835266e-01
-9.98691678e-01
-9.98538733e-01
-9.98376310e-01
-9.98204470e-01
-9.98023212e-01
-9.97832537e-01
-9.97632444e-01
-9.97422993e-01
-9.97204125e-01
-9.96975839e-01
-9.96738195e-01
-9.96491194e-01
-9.96234775e-01
-9.95968997e-01
-9.95693862e-01
-9.95409310e-01
-9.95115399e-01
-9.94812071e-01
-9.94499385e-01
-9.94177341e-01
-9.93845940e-01
-9.93505180e-01
-9.93155003e-01
-9.92795467e-01
-9.92426634e-01
-9.92048442e-01
-9.91660893e-01
-9.91264045e-01
-9.90857840e-01
-9.90442216e-01
-9.90017354e-01
-9.89583135e-01
-9.89139616e-01
-9.88686740e-01
-9.88224506e-01
-9.87753093e-01
-9.87272322e-01
-9.86782253e-01
-9.86282825e-01
-9.85774219e-01
-9.85256195e-01
-9.84728932e-01
-9.84192371e-01
-9.83646512e-01
-9.83091414e-01
-9.82527077e-01
-9.81953442e-01
-9.81370628e-01
-9.80778515e-01
-9.80177224e-01
-9.79566634e-01
-9.78946805e-01
-9.78317797e-01
-9.77679551e-01
-9.77032125e-01
-9.76375520e-01
-9.75709677e-01
-9.75034595e-01
-9.74350393e-01
-9.73656952e-01
-9.72954392e-01
-9.72242594e-01
-9.71521676e-01
-9.70791638e-01
-9.70052421e-01
-9.69304025e-01
-9.68546569e-01
-9.67779934e-01
-9.67004240e-01
-9.66219366e-01
-9.65425432e-01
-9.64622378e-01
-9.63810205e-01
-9.62989032e-01
-9.62158740e-01
-9.61319387e-01
-9.60471034e-01
-9.59613562e-01
-9.58747089e-01
-9.57871556e-01
-9.56987023e-01
-9.56093431e-01
-9.55190957e-01
-9.54279363e-01
-9.53358769e-01
-9.52429175e-01
-9.51490641e-01
-9.50543284e-01
-9.49586868e-01
-9.48621452e-01
-9.47647154e-01
-9.46663916e-01
-9.45671678e-01
-9.44670558e-01
-9.43660557e-01
-9.42641675e-01
-9.41613913e-01
-9.40577269e-01
-9.39531744e-01
-9.38477337e-01
-9.37414169e-01
-9.36342120e-01
-9.35261369e-01
-9.34171736e-01
-9.33073282e-01
-9.31966007e-01
-9.30850029e-01
-9.29725289e-01
-9.28591728e-01
-9.27449405e-01
-9.26298440e-01
-9.25138712e-01
-9.23970282e-01
-9.22793090e-01
-9.21607196e-01
-9.20412600e-01
-9.19209242e-01
-9.17997241e-01
-9.16776597e-01
-9.15547371e-01
-9.14309561e-01
-9.13063169e-01
-9.11808193e-01
-9.10544574e-01
-9.09272432e-01
-9.07991707e-01
-9.06702459e-01
-9.05404627e-01
-9.04098272e-01
-9.02783334e-01
-9.01459932e-01
-9.00128067e-01
-8.98787677e-01
-8.97438824e-01
-8.96081507e-01
-8.94715726e-01
-8.93341541e-01
-8.91958952e-01
-8.90567958e-01
-8.89168561e-01
-8.87760758e-01
-8.86344612e-01
-8.84920120e-01
-8.83487284e-01
-8.82046163e-01
-8.80596697e-01
-8.79138947e-01
-8.77672911e-01
-8.76198590e-01
-8.74716043e-01
-8.73225272e-01
-8.71726274e-01
-8.70219052e-01
-8.68703604e-01
-8.67180049e-01
-8.65648270e-01
-8.64108324e-01
-8.62560153e-01
-8.61003935e-01
-8.59439611e-01
-8.57867181e-01
-8.56286645e-01
-8.54698062e-01
-8.53101432e-01
-8.51496756e-01
-8.49884093e-01
-8.48263383e-01
-8.46634746e-01
-8.44998062e-01
-8.43353450e-01
-8.41700912e-01
-8.40040386e-01
-8.38371992e-01
-8.36695671e-01
-8.35011482e-01
-8.33319426e-01
-8.31619561e-01
-8.29911888e-01
-8.28196347e-01
-8.26473057e-01
-8.24741960e-01
-8.23002994e-01
-8.21256340e-01
-8.19501817e-01
-8.17739546e-01
-8.15969527e-01
-8.14191878e-01
-8.12406540e-01
-8.10613573e-01
-8.08812976e-01
-8.07004929e-01
-8.05189312e-01
-8.03366005e-01
-8.01535189e-01
-7.99696803e-01
-7.97850907e-01
-7.95997441e-01
-7.94136524e-01
-7.92268038e-01
-7.90392101e-01
-7.88508713e-01
-7.86617875e-01
-7.84719646e-01
-7.82814085e-01
-7.80901134e-01
-7.78980851e-01
-7.77053177e-01
-7.75118172e-01
-7.73175836e-01
-7.71226287e-01
-7.69269466e-01
-7.67305374e-01
-7.65334010e-01
-7.63355434e-01
-7.61369705e-01
-7.59376824e-01
-7.57376730e-01
-7.55369544e-01
-7.53355265e-01
-7.51333833e-01
-7.49305367e-01
-7.47269809e-01
-7.45227218e-01
-7.43177593e-01
-7.41120934e-01
-7.39057302e-01
-7.36986697e-01
-7.34909236e-01
-7.32824802e-01
-7.30733514e-01
-7.28635311e-01
-7.26530194e-01
-7.24418342e-01
-7.22299576e-01
-7.20174074e-01
-7.18041718e-01
-7.15902567e-01
-7.13756680e-01
-7.11604059e-01
-7.09444761e-01
-7.07278728e-01
-7.05106139e-01
-7.02926934e-01
-7.00741053e-01
-6.98548615e-01
-6.96349561e-01
-6.94143951e-01
-6.91931725e-01
-6.89713061e-01
-6.87487781e-01
-6.85256124e-01
-6.83018029e-01
-6.80773437e-01
-6.78522527e-01
-6.76265121e-01
-6.74001455e-01
-6.71731353e-01
-6.69454992e-01
-6.67172253e-01
-6.64883256e-01
-6.62587881e-01
-6.60286307e-01
-6.57978535e-01
-6.55664563e-01
-6.53344452e-01
-6.51018202e-01
-6.48685813e-01
-6.46347344e-01
-6.44002736e-01
-6.41652107e-01
-6.39295340e-01
-6.36932552e-01
-6.34563804e-01
-6.32189095e-01
-6.29808426e-01
-6.27421856e-01
-6.25029325e-01
-6.22630954e-01
-6.20226622e-01
-6.17816508e-01
-6.15400553e-01
-6.12978816e-01
-6.10551238e-01
-6.08117938e-01
-6.05678976e-01
-6.03234231e-01
-6.00783885e-01
-5.98327816e-01
-5.95866144e-01
-5.93398869e-01
-5.90925992e-01
-5.88447511e-01
-5.85963488e-01
-5.83473980e-01
-5.80978990e-01
-5.78478456e-01
-5.75972557e-01
-5.73461175e-01
-5.70944428e-01
-5.68422258e-01
-5.65894723e-01
-5.63361883e-01
-5.60823679e-01
-5.58280230e-01
-5.55731535e-01
-5.53177655e-01
-5.50618529e-01
-5.48054218e-01
-5.45484662e-01
-5.42910039e-01
-5.40330291e-01
-5.37745476e-01
-5.35155594e-01
-5.32560647e-01
-5.29960752e-01
-5.27355790e-01
-5.24745882e-01
-5.22130966e-01
-5.19511223e-01
-5.16886532e-01
-5.14256954e-01
-5.11622548e-01
-5.08983254e-01
-5.06339192e-01
-5.03690422e-01
-5.01036882e-01
-4.98378664e-01
-4.95715708e-01
-4.93048102e-01
-4.90375876e-01
-4.87699002e-01
-4.85017538e-01
-4.82331514e-01
-4.79640961e-01
-4.76945847e-01
-4.74246234e-01
-4.71542150e-01
-4.68833625e-01
-4.66120720e-01
-4.63403404e-01
-4.60681677e-01
-4.57955658e-01
-4.55225348e-01
-4.52490717e-01
-4.49751854e-01
-4.47008699e-01
-4.44261342e-01
-4.41509813e-01
-4.38754112e-01
-4.35994267e-01
-4.33230370e-01
-4.30462360e-01
-4.27690297e-01
-4.24914211e-01
-4.22134101e-01
-4.19350028e-01
-4.16562021e-01
-4.13770020e-01
-4.10974175e-01
-4.08174455e-01
-4.05370891e-01
-4.02563512e-01
-3.99752289e-01
-3.96937340e-01
-3.94118637e-01
-3.91296238e-01
-3.88470173e-01
-3.85640442e-01
-3.82807076e-01
-3.79970074e-01
-3.77129495e-01
-3.74285340e-01
-3.71437699e-01
-3.68586540e-01
-3.65731925e-01
-3.62873882e-01
-3.60012412e-01
-3.57147515e-01
-3.54279280e-01
-3.51407707e-01
-3.48532826e-01
-3.45654666e-01
-3.42773199e-01
-3.39888543e-01
-3.37000698e-01
-3.34109664e-01
-3.31215471e-01
-3.28318179e-01
-3.25417787e-01
-3.22514296e-01
-3.19607794e-01
-3.16698283e-01
-3.13785791e-01
-3.10870349e-01
-3.07951957e-01
-3.05030644e-01
-3.02106500e-01
-2.99179494e-01
-2.96249688e-01
-2.93317080e-01
-2.90381700e-01
-2.87443608e-01
-2.84502774e-01
-2.81559289e-01
-2.78613120e-01
-2.75664330e-01
-2.72712946e-01
-2.69758999e-01
-2.66802490e-01
-2.63843507e-01
-2.60882020e-01
-2.57918090e-01
-2.54951715e-01
-2.51982957e-01
-2.49011800e-01
-2.46038303e-01
-2.43062481e-01
-2.40084365e-01
-2.37103999e-01
-2.34121397e-01
-2.31136575e-01
-2.28149593e-01
-2.25160465e-01
-2.22169206e-01
-2.19175860e-01
-2.16180429e-01
-2.13182986e-01
-2.10183531e-01
-2.07182080e-01
-2.04178706e-01
-2.01173395e-01
-1.98166192e-01
-1.95157111e-01
-1.92146197e-01
-1.89133465e-01
-1.86118960e-01
-1.83102682e-01
-1.80084690e-01
-1.77065000e-01
-1.74043640e-01
-1.71020642e-01
-1.67996049e-01
-1.64969862e-01
-1.61942109e-01
-1.58912852e-01
-1.55882105e-01
-1.52849868e-01
-1.49816200e-01
-1.46781132e-01
-1.43744662e-01
-1.40706852e-01
-1.37667701e-01
-1.34627268e-01
-1.31585538e-01
-1.28542587e-01
-1.25498414e-01
-1.22453064e-01
-1.19406566e-01
-1.16358936e-01
-1.13310218e-01
-1.10260427e-01
-1.07209601e-01
-1.04157761e-01
-1.01104937e-01
-9.80511606e-02
-9.49964672e-02
-9.19408798e-02
-8.88844281e-02
-8.58271345e-02
-8.27690363e-02
-7.97101632e-02
-7.66505450e-02
-7.35902041e-02
-7.05291778e-02
-6.74675182e-02
-6.44052848e-02
-6.13425821e-02
-5.82795441e-02
-5.52164055e-02
-5.21535203e-02
-4.90914322e-02
-4.60309274e-02
-4.29730900e-02
-3.99193689e-02
-3.68715897e-02
-3.38318869e-02
-3.08027230e-02
-2.77863480e-02
-2.47856714e-02
-2.18003783e-02
-1.88380126e-02
-1.58774983e-02
-1.29838148e-02
-9.94289294e-03
-7.41038425e-03
-3.06951511e-03
-5.96046448e-08
5.96046448e-08
3.06951511e-03
