1.83133606e-03
3.81778926e-03
5.86079992e-03
7.97215942e-03
1.01674693e-02
1.24578234e-02
1.48490239e-02
1.73417740e-02
1.99323203e-02
2.26133820e-02
2.53752116e-02
2.82066781e-02
3.10962424e-02
3.40327621e-02
3.70060503e-02
4.00072448e-02
4.30289581e-02
4.60652709e-02
4.91116159e-02
5.21645844e-02
5.52217178e-02
5.82813062e-02
6.13421798e-02
6.44035786e-02
6.74650148e-02
7.05261752e-02
7.35868737e-02
7.66469762e-02
7.97064081e-02
8.27651173e-02
8.58230665e-02
8.88802111e-02
9.19365212e-02
9.49919745e-02
9.80465263e-02
1.01100154e-01
1.04152836e-01
1.07204527e-01
1.10255212e-01
1.13304868e-01
1.16353445e-01
1.19400933e-01
1.22447282e-01
1.25492483e-01
1.28536507e-01
1.31579325e-01
1.34620905e-01
1.37661204e-01
1.40700206e-01
1.43737882e-01
1.46774188e-01
1.49809137e-01
1.52842656e-01
1.55874744e-01
1.58905372e-01
1.61934495e-01
1.64962083e-01
1.67988136e-01
1.71012595e-01
1.74035445e-01
1.77056655e-01
1.80076212e-01
1.83094054e-01
1.86110184e-01
1.89124554e-01
1.92137152e-01
1.95147932e-01
1.98156878e-01
2.01163948e-01
2.04169124e-01
2.07172364e-01
2.10173666e-01
2.13172987e-01
2.16170296e-01
2.19165564e-01
2.22158760e-01
2.25149870e-01
2.28138864e-01
2.31125727e-01
2.34110385e-01
2.37092838e-01
2.40073055e-01
2.43051037e-01
2.46026695e-01
2.49000058e-01
2.51971066e-01
2.54939705e-01
2.57905960e-01
2.60869771e-01
2.63831109e-01
2.66789973e-01
2.69746333e-01
2.72700131e-01
2.75651366e-01
2.78600007e-01
2.81546056e-01
2.84489423e-01
2.87430108e-01
2.90368080e-01
2.93303311e-01
2.96235800e-01
2.99165487e-01
3.02092314e-01
3.05016339e-01
3.07937503e-01
3.10855776e-01
3.13771069e-01
3.16683441e-01
3.19592804e-01
3.22499156e-01
3.25402468e-01
3.28302741e-01
3.31199914e-01
3.34093988e-01
3.36984903e-01
3.39872599e-01
3.42757136e-01
3.45638454e-01
3.48516494e-01
3.51391226e-01
3.54262680e-01
3.57130766e-01
3.59995514e-01
3.62856865e-01
3.65714788e-01
3.68569285e-01
3.71420324e-01
3.74267817e-01
3.77111822e-01
3.79952252e-01
3.82789135e-01
3.85622382e-01
3.88451964e-01
3.91277909e-01
3.94100159e-01
3.96918714e-01
3.99733514e-01
4.02544558e-01
4.05351847e-01
4.08155292e-01
4.10954922e-01
4.13750619e-01
4.16542470e-01
4.19330359e-01
4.22114313e-01
4.24894273e-01
4.27670240e-01
4.30442184e-01
4.33210075e-01
4.35973853e-01
4.38733548e-01
4.41489100e-01
4.44240510e-01
4.46987718e-01
4.49730724e-01
4.52469498e-01
4.55204010e-01
4.57934201e-01
4.60660130e-01
4.63381678e-01
4.66098875e-01
4.68811661e-01
4.71520036e-01
4.74223971e-01
4.76923466e-01
4.79618460e-01
4.82308894e-01
4.84994829e-01
4.87676144e-01
4.90352899e-01
4.93025005e-01
4.95692462e-01
4.98355269e-01
5.01013398e-01
5.03666759e-01
5.06315470e-01
5.08959353e-01
5.11598468e-01
5.14232755e-01
5.16862214e-01
5.19486785e-01
5.22106469e-01
5.24721146e-01
5.27330935e-01
5.29935837e-01
5.32535672e-01
5.35130501e-01
5.37720263e-01
5.40305018e-01
5.42884648e-01
5.45459092e-01
5.48028469e-01
5.50592661e-01
5.53151667e-01
5.55705488e-01
5.58254123e-01
5.60797453e-01
5.63335538e-01
5.65868258e-01
5.68395615e-01
5.70917666e-01
5.73434293e-01
5.75945556e-01
5.78451335e-01
5.80951691e-01
5.83446622e-01
5.85936010e-01
5.88419855e-01
5.90898216e-01
5.93370974e-01
5.95838189e-01
5.98299742e-01
6.00755632e-01
6.03205860e-01
6.05650425e-01
6.08089328e-01
6.10522568e-01
6.12950027e-01
6.15371704e-01
6.17787540e-01
6.20197594e-01
6.22601748e-01
6.25000000e-01
6.27392411e-01
6.29778862e-01
6.32159412e-01
6.34534061e-01
6.36902690e-01
6.39265358e-01
6.41622007e-01
6.43972576e-01
6.46317124e-01
6.48655474e-01
6.50987804e-01
6.53313935e-01
6.55633926e-01
6.57947719e-01
6.60255373e-01
6.62556767e-01
6.64852023e-01
6.67140961e-01
6.69423521e-01
6.71699822e-01
6.73969746e-01
6.76233411e-01
6.78490639e-01
6.80741489e-01
6.82985961e-01
6.85223997e-01
6.87455595e-01
6.89680696e-01
6.91899300e-01
6.94111407e-01
6.96316898e-01
6.98515892e-01
7.00708210e-01
7.02894032e-01
7.05073118e-01
7.07245648e-01
7.09411502e-01
7.11570740e-01
7.13723302e-01
7.15869188e-01
7.18008280e-01
7.20140517e-01
7.22265899e-01
7.24384546e-01
7.26496339e-01
7.28601336e-01
7.30699420e-01
7.32790589e-01
7.34874904e-01
7.36952305e-01
7.39022791e-01
7.41086364e-01
7.43142903e-01
7.45192409e-01
7.47234881e-01
7.49270260e-01
7.51298666e-01
7.53319979e-01
7.55334198e-01
7.57341266e-01
7.59341240e-01
7.61334002e-01
7.63319671e-01
7.65298128e-01
7.67269433e-01
7.69233465e-01
7.71190226e-01
7.73139715e-01
7.75081933e-01
7.77016819e-01
7.78944373e-01
7.80864656e-01
7.82777488e-01
7.84682989e-01
7.86581099e-01
7.88471818e-01
7.90355146e-01
7.92231023e-01
7.94099391e-01
7.95960248e-01
7.97813594e-01
7.99659431e-01
8.01497638e-01
8.03328395e-01
8.05151463e-01
8.06967080e-01
8.08775067e-01
8.10575485e-01
8.12368333e-01
8.14153612e-01
8.15931320e-01
8.17701280e-01
8.19463491e-01
8.21217954e-01
8.22964609e-01
8.24703455e-01
8.26434493e-01
8.28157723e-01
8.29873145e-01
8.31580758e-01
8.33280504e-01
8.34972441e-01
8.36656451e-01
8.38332653e-01
8.40000987e-01
8.41661394e-01
8.43313932e-01
8.44958544e-01
8.46595109e-01
8.48223746e-01
8.49844337e-01
8.51457000e-01
8.53061557e-01
8.54658127e-01
8.56246591e-01
8.57827008e-01
8.59399378e-01
8.60963643e-01
8.62519860e-01
8.64067852e-01
8.65607738e-01
8.67139459e-01
8.68663013e-01
8.70178401e-01
8.71685565e-01
8.73184562e-01
8.74675214e-01
8.76157701e-01
8.77631903e-01
8.79097879e-01
8.80555630e-01
8.82005036e-01
8.83446097e-01
8.84878874e-01
8.86303246e-01
8.87719393e-01
8.89127076e-01
8.90526354e-01
8.91917288e-01
8.93299878e-01
8.94674003e-01
8.96039665e-01
8.97396922e-01
8.98745716e-01
9.00086045e-01
9.01417851e-01
9.02741134e-01
9.04055953e-01
9.05362248e-01
9.06660020e-01
9.07949209e-01
9.09229934e-01
9.10502017e-01
9.11765575e-01
9.13020492e-01
9.14266884e-01
9.15504634e-01
9.16733801e-01
9.17954385e-01
9.19166327e-01
9.20369565e-01
9.21564102e-01
9.22749996e-01
9.23927128e-01
9.25095558e-01
9.26255226e-01
9.27406192e-01
9.28548396e-01
9.29681897e-01
9.30806577e-01
9.31922495e-01
9.33029711e-01
9.34128046e-01
9.35217619e-01
9.36298370e-01
9.37370360e-01
9.38433468e-01
9.39487755e-01
9.40533221e-01
9.41569865e-01
9.42597568e-01
9.43616450e-01
9.44626391e-01
9.45627511e-01
9.46619630e-01
9.47602808e-01
9.48577106e-01
9.49542403e-01
9.50498819e-01
9.51446235e-01
9.52384710e-01
9.53314245e-01
9.54234779e-01
9.55146313e-01
9.56048846e-01
9.56942320e-01
9.57826853e-01
9.58702326e-01
9.59568799e-01
9.60426152e-01
9.61274564e-01
9.62113857e-01
9.62944031e-01
9.63765204e-01
9.64577317e-01
9.65380311e-01
9.66174245e-01
9.66959059e-01
9.67734754e-01
9.68501329e-01
9.69258785e-01
9.70007122e-01
9.70746338e-01
9.71476376e-01
9.72197235e-01
9.72908974e-01
9.73611474e-01
9.74304795e-01
9.74988997e-01
9.75664020e-01
9.76329863e-01
9.76986408e-01
9.77633834e-01
9.78272021e-01
9.78901029e-01
9.79520798e-01
9.80131388e-01
9.80732679e-01
9.81324852e-01
9.81907666e-01
9.82481241e-01
9.83045578e-01
9.83600616e-01
9.84146416e-01
9.84682977e-01
9.85210180e-01
9.85728145e-01
9.86236751e-01
9.86736119e-01
9.87226248e-01
9.87706959e-01
9.88178432e-01
9.88640547e-01
9.89093363e-01
9.89536941e-01
9.89971161e-01
9.90396023e-01
9.90811527e-01
9.91217732e-01
9.91614640e-01
9.92002130e-01
9.92380321e-01
9.92749155e-01
9.93108630e-01
9.93458748e-01
9.93799508e-01
9.94130909e-01
9.94452953e-01
9.94765639e-01
9.95068908e-01
9.95362818e-01
9.95647371e-01
9.95922446e-01
9.96188283e-01
9.96444643e-01
9.96691704e-01
9.96929288e-01
9.97157574e-01
9.97376382e-01
9.97585773e-01
9.97785866e-01
9.97976542e-01
9.98157680e-01
9.98329520e-01
9.98491943e-01
9.98644948e-01
9.98788536e-01
9.98922825e-01
9.99047577e-01
9.99162912e-01
9.99268889e-01
9.99365389e-01
9.99452531e-01
9.99530256e-01
9.99598503e-01
9.99657393e-01
9.99706805e-01
9.99746859e-01
9.99777496e-01
9.99798656e-01
9.99810457e-01
9.99812782e-01
9.99805748e-01
9.99789298e-01
9.99763370e-01
9.99728084e-01
9.99683380e-01
9.99629140e-01
9.99565601e-01
9.99492586e-01
9.99410152e-01
9.99318302e-01
9.99217033e-01
9.99106407e-01
9.98986304e-01
9.98856783e-01
9.98717904e-01
9.98569667e-01
9.98411953e-01
9.98244822e-01
9.98068273e-01
9.97882307e-01
9.97686923e-01
9.97482181e-01
9.97268021e-01
9.97044504e-01
9.96811569e-01
9.96569216e-01
9.96317506e-01
9.96056437e-01
9.95785952e-01
9.95506167e-01
9.95216966e-01
9.94918346e-01
9.94610310e-01
9.94292915e-01
9.93966222e-01
9.93630171e-01
9.93284762e-01
9.92929995e-01
9.92565811e-01
9.92192328e-01
9.91809428e-01
9.91417289e-01
9.91015732e-01
9.90604877e-01
9.90184605e-01
9.89755094e-01
9.89316225e-01
9.88868058e-01
9.88410592e-01
9.87943769e-01
9.87467706e-01
9.86982286e-01
9.86487508e-01
9.85983491e-01
9.85470235e-01
9.84947622e-01
9.84415770e-01
9.83874559e-01
9.83324170e-01
9.82764482e-01
9.82195556e-01
9.81617332e-01
9.81029928e-01
9.80433226e-01
9.79827225e-01
9.79212046e-01
9.78587627e-01
9.77954030e-01
9.77311194e-01
9.76659238e-01
9.75997984e-01
9.75327611e-01
9.74648058e-01
9.73959267e-01
9.73261297e-01
9.72554147e-01
9.71837819e-01
9.71112370e-01
9.70377743e-01
9.69633996e-01
9.68881071e-01
9.68119085e-01
9.67347980e-01
9.66567755e-01
9.65778351e-01
9.64979887e-01
9.64172363e-01
9.63355720e-01
9.62529957e-01
9.61695254e-01
9.60851431e-01
9.59998548e-01
9.59136665e-01
9.58265722e-01
9.57385778e-01
9.56496716e-01
9.55598652e-01
9.54691648e-01
9.53775525e-01
9.52850461e-01
9.51916337e-01
9.50973332e-01
9.50021327e-01
9.49060500e-01
9.48090732e-01
9.47112024e-01
9.46124375e-01
9.45127785e-01
9.44122314e-01
9.43107963e-01
9.42084670e-01
9.41052556e-01
9.40011561e-01
9.38961685e-01
9.37902987e-01
9.36835468e-01
9.35759127e-01
9.34673965e-01
9.33579981e-01
9.32477295e-01
9.31365728e-01
9.30245399e-01
9.29116309e-01
9.27978396e-01
9.26831841e-01
9.25676465e-01
9.24512446e-01
9.23339665e-01
9.22158182e-01
9.20967996e-01
9.19769108e-01
9.18561459e-01
9.17345226e-01
9.16120350e-01
9.14886892e-01
9.13644791e-01
9.12394166e-01
9.11134899e-01
9.09867048e-01
9.08590674e-01
9.07305658e-01
9.06012177e-01
9.04710114e-01
9.03399587e-01
9.02080536e-01
9.00752962e-01
8.99416924e-01
8.98072362e-01
8.96719337e-01
8.95357847e-01
8.93987954e-01
8.92609596e-01
8.91222894e-01
8.89827728e-01
8.88424218e-01
8.87012303e-01
8.85592043e-01
8.84163439e-01
8.82726550e-01
8.81281257e-01
8.79827738e-01
8.78365874e-01
8.76895785e-01
8.75417471e-01
8.73930812e-01
8.72435987e-01
8.70932877e-01
8.69421601e-01
8.67902160e-01
8.66374493e-01
8.64838719e-01
8.63294780e-01
8.61742675e-01
8.60182464e-01
8.58614147e-01
8.57037783e-01
8.55453312e-01
8.53860795e-01
8.52260172e-01
8.50651562e-01
8.49034965e-01
8.47410381e-01
8.45777750e-01
8.44137192e-01
8.42488706e-01
8.40832233e-01
8.39167893e-01
8.37495565e-01
8.35815489e-01
8.34127426e-01
8.32431555e-01
8.30727875e-01
8.29016328e-01
8.27297091e-01
8.25569868e-01
8.23834896e-01
8.22092116e-01
8.20341587e-01
8.18583250e-01
8.16817164e-01
8.15043390e-01
8.13261986e-01
8.11472952e-01
8.09676349e-01
8.07872117e-01
8.06060314e-01
8.04240942e-01
8.02414000e-01
8.00579488e-01
7.98737466e-01
7.96887875e-01
7.95030773e-01
7.93166101e-01
7.91294038e-01
7.89414465e-01
7.87527442e-01
7.85633028e-01
7.83731163e-01
7.81821966e-01
7.79905379e-01
7.77981520e-01
7.76050270e-01
7.74111748e-01
7.72165954e-01
7.70212770e-01
7.68252373e-01
7.66284704e-01
7.64309824e-01
7.62327731e-01
7.60338545e-01
7.58342147e-01
7.56338596e-01
7.54327953e-01
7.52310216e-01
7.50285327e-01
7.48253465e-01
7.46214509e-01
7.44168520e-01
7.42115498e-01
7.40055442e-01
7.37988412e-01
7.35914469e-01
7.33833611e-01
7.31745839e-01
7.29651153e-01
7.27549672e-01
7.25441277e-01
7.23326027e-01
7.21203983e-01
7.19075203e-01
7.16939509e-01
7.14797080e-01
7.12647915e-01
7.10492015e-01
7.08329499e-01
7.06160307e-01
7.03984499e-01
7.01802015e-01
6.99612975e-01
6.97417259e-01
6.95215046e-01
6.93006277e-01
6.90790892e-01
6.88569009e-01
6.86340630e-01
6.84105873e-01
6.81864619e-01
6.79616988e-01
6.77362978e-01
6.75102532e-01
6.72835767e-01
6.70562625e-01
6.68283224e-01
6.65997446e-01
6.63705349e-01
6.61406994e-01
6.59102499e-01
6.56791747e-01
6.54474795e-01
6.52151704e-01
6.49822474e-01
6.47487104e-01
6.45145595e-01
6.42798126e-01
6.40444517e-01
6.38084888e-01
6.35719240e-01
6.33347571e-01
6.30970001e-01
6.28586471e-01
6.26197040e-01
6.23801708e-01
6.21400476e-01
6.18993461e-01
6.16580486e-01
6.14161670e-01
6.11737072e-01
6.09306693e-01
6.06870651e-01
6.04428887e-01
6.01981461e-01
5.99528432e-01
5.97069681e-01
5.94605386e-01
5.92135370e-01
5.89659870e-01
5.87178707e-01
5.84692061e-01
5.82199931e-01
5.79702258e-01
5.77199221e-01
5.74690640e-01
5.72176695e-01
5.69657385e-01
5.67132711e-01
5.64602673e-01
5.62067270e-01
5.59526503e-01
5.56980550e-01
5.54429352e-01
5.51872909e-01
5.49311280e-01
5.46744525e-01
5.44172585e-01
5.41595519e-01
5.39013326e-01
5.36426067e-01
5.33833742e-01
5.31236410e-01
5.28634071e-01
5.26026726e-01
5.23414433e-01
5.20797253e-01
5.18175185e-01
5.15548170e-01
5.12916327e-01
5.10279655e-01
5.07638156e-01
5.04991889e-01
5.02340853e-01
4.99685049e-01
4.97024566e-01
4.94359404e-01
4.91689622e-01
4.89015192e-01
4.86336142e-01
4.83652502e-01
4.80964303e-01
4.78271604e-01
4.75574374e-01
4.72872645e-01
4.70166475e-01
4.67455864e-01
4.64740872e-01
4.62021470e-01
4.59297717e-01
4.56569642e-01
4.53837305e-01
4.51100647e-01
4.48359787e-01
4.45614666e-01
4.42865342e-01
4.40111876e-01
4.37354237e-01
4.34592485e-01
4.31826651e-01
4.29056764e-01
4.26282793e-01
4.23504829e-01
4.20722872e-01
4.17936951e-01
4.15147066e-01
4.12353277e-01
4.09555614e-01
4.06754106e-01
4.03948754e-01
4.01139617e-01
3.98326665e-01
3.95509958e-01
3.92689526e-01
3.89865428e-01
3.87037635e-01
3.84206235e-01
3.81371170e-01
3.78532529e-01
3.75690341e-01
3.72844577e-01
3.69995266e-01
3.67142528e-01
3.64286274e-01
3.61426651e-01
3.58563602e-01
3.55697155e-01
3.52827400e-01
3.49954307e-01
3.47077936e-01
3.44198287e-01
3.41315359e-01
3.38429242e-01
3.35539907e-01
3.32647443e-01
3.29751819e-01
3.26853096e-01
3.23951274e-01
3.21046412e-01
3.18138540e-01
3.15227658e-01
3.12313825e-01
3.09397042e-01
3.06477338e-01
3.03554744e-01
3.00629288e-01
2.97701031e-01
2.94769943e-01
2.91836083e-01
2.88899481e-01
2.85960138e-01
2.83018112e-01
2.80073404e-01
2.77126104e-01
2.74176151e-01
2.71223634e-01
2.68268555e-01
2.65310943e-01
2.62350827e-01
2.59388238e-01
2.56423205e-01
2.53455758e-01
2.50485927e-01
2.47513726e-01
2.44539201e-01
2.41562381e-01
2.38583282e-01
2.35601917e-01
2.32618347e-01
2.29632586e-01
2.26644665e-01
2.23654598e-01
2.20662430e-01
2.17668176e-01
2.14671895e-01
2.11673573e-01
2.08673254e-01
2.05670983e-01
2.02666745e-01
1.99660614e-01
1.96652606e-01
1.93642750e-01
1.90631062e-01
1.87617600e-01
1.84602350e-01
1.81585386e-01
1.78566694e-01
1.75546318e-01
1.72524288e-01
1.69500634e-01
1.66475371e-01
1.63448542e-01
1.60420164e-01
1.57390296e-01
1.54358923e-01
1.51326105e-01
1.48291871e-01
1.45256221e-01
1.42219216e-01
1.39180854e-01
1.36141196e-01
1.33100256e-01
1.30058065e-01
1.27014652e-01
1.23970047e-01
1.20924264e-01
1.17877349e-01
1.14829324e-01
1.11780211e-01
1.08730048e-01
1.05678856e-01
1.02626666e-01
9.95735228e-02
9.65194255e-02
9.34644192e-02
9.04085338e-02
8.73517990e-02
8.42942372e-02
8.12358856e-02
7.81767666e-02
7.51169100e-02
7.20563382e-02
6.89951032e-02
6.59332126e-02
6.28706962e-02
5.98075949e-02
5.67439236e-02
5.36797196e-02
5.06150089e-02
4.75498214e-02
4.44841906e-02
4.14181426e-02
3.83517072e-02
3.52849066e-02
3.22177708e-02
2.91503277e-02
2.60826107e-02
2.30146497e-02
1.99464709e-02
1.68781057e-02
1.38095813e-02
1.07409274e-02
7.67217204e-03
4.60334402e-03
1.53447269e-03
-1.53441308e-03
-4.60328441e-03
-7.67211197e-03
-1.07408669e-02
-1.38095217e-02
-1.68780461e-02
-1.99464094e-02
-2.30145864e-02
-2.60825474e-02
-2.91502625e-02
-3.22177038e-02
-3.52848396e-02
-3.83516401e-02
-4.14180793e-02
-4.44841273e-02
-4.75497581e-02
-5.06149456e-02
-5.36796525e-02
-5.67438528e-02
-5.98075204e-02
-6.28706291e-02
-6.59331381e-02
-6.89950362e-02
-7.20562786e-02
-7.51168504e-02
-7.81767070e-02
-8.12358335e-02
-8.42941850e-02
-8.73517469e-02
-9.04084817e-02
-9.34643671e-02
-9.65193734e-02
-9.95734632e-02
-1.02626622e-01
-1.05678804e-01
-1.08729996e-01
-1.11780152e-01
-1.14829257e-01
-1.17877282e-01
-1.20924197e-01
-1.23969972e-01
-1.27014592e-01
-1.30058005e-01
-1.33100212e-01
-1.36141166e-01
-1.39180824e-01
-1.42219186e-01
-1.45256191e-01
-1.48291841e-01
-1.51326075e-01
-1.54358894e-01
-1.57390252e-01
-1.60420135e-01
-1.63448513e-01
-1.66475326e-01
-1.69500589e-01
-1.72524229e-01
-1.75546259e-01
-1.78566635e-01
-1.81585327e-01
-1.84602305e-01
-1.87617555e-01
-1.90631032e-01
-1.93642735e-01
-1.96652591e-01
-1.99660599e-01
-2.02666715e-01
-2.05670923e-01
-2.08673194e-01
-2.11673513e-01
-2.14671850e-01
-2.17668146e-01
-2.20662385e-01
-2.23654538e-01
-2.26644605e-01
-2.29632527e-01
-2.32618287e-01
-2.35601857e-01
-2.38583192e-01
-2.41562277e-01
-2.44539097e-01
-2.47513622e-01
-2.50485808e-01
-2.53455639e-01
-2.56423086e-01
-2.59388119e-01
-2.62350708e-01
-2.65310824e-01
-2.68268436e-01
-2.71223545e-01
-2.74176061e-01
-2.77126014e-01
-2.80073345e-01
-2.83018023e-01
-2.85960048e-01
-2.88899392e-01
-2.91835994e-01
-2.94769883e-01
-2.97700942e-01
-3.00629228e-01
-3.03554654e-01
-3.06477249e-01
-3.09396952e-01
-3.12313765e-01
-3.15227598e-01
-3.18138450e-01
-3.21046352e-01
-3.23951185e-01
-3.26852977e-01
-3.29751700e-01
-3.32647324e-01
-3.35539788e-01
-3.38429093e-01
-3.41315240e-01
-3.44198138e-01
-3.47077817e-01
-3.49954218e-01
-3.52827311e-01
-3.55697095e-01
-3.58563542e-01
-3.61426592e-01
-3.64286214e-01
-3.67142439e-01
-3.69995177e-01
-3.72844458e-01
-3.75690192e-01
-3.78532380e-01
-3.81371051e-01
-3.84206116e-01
-3.87037545e-01
-3.89865309e-01
-3.92689437e-01
-3.95509869e-01
-3.98326546e-01
-4.01139468e-01
-4.03948605e-01
-4.06753987e-01
-4.09555525e-01
-4.12353188e-01
-4.15146977e-01
-4.17936832e-01
-4.20722753e-01
-4.23504710e-01
-4.26282674e-01
-4.29056644e-01
-4.31826591e-01
-4.34592396e-01
-4.37354177e-01
-4.40111816e-01
-4.42865312e-01
-4.45614636e-01
-4.48359728e-01
-4.51100618e-01
-4.53837246e-01
-4.56569642e-01
-4.59297687e-01
-4.62021410e-01
-4.64740783e-01
-4.67455775e-01
-4.70166355e-01
-4.72872555e-01
-4.75574285e-01
-4.78271484e-01
-4.80964243e-01
-4.83652413e-01
-4.86336023e-01
-4.89015073e-01
-4.91689563e-01
-4.94359344e-01
-4.97024477e-01
-4.99684930e-01
-5.02340674e-01
-5.04991710e-01
-5.07638037e-01
-5.10279536e-01
-5.12916207e-01
-5.15548110e-01
-5.18175125e-01
-5.20797193e-01
-5.23414373e-01
-5.26026666e-01
-5.28633952e-01
-5.31236291e-01
-5.33833623e-01
-5.36425948e-01
-5.39013207e-01
-5.41595399e-01
-5.44172466e-01
-5.46744466e-01
-5.49311280e-01
-5.51872849e-01
-5.54429293e-01
-5.56980431e-01
-5.59526384e-01
-5.62067091e-01
-5.64602494e-01
-5.67132533e-01
-5.69657207e-01
-5.72176576e-01
-5.74690521e-01
-5.77199101e-01
-5.79702139e-01
-5.82199812e-01
-5.84692001e-01
-5.87178707e-01
-5.89659810e-01
-5.92135370e-01
-5.94605327e-01
-5.97069681e-01
-5.99528372e-01
-6.01981461e-01
-6.04428828e-01
-6.06870592e-01
-6.09306633e-01
-6.11737013e-01
-6.14161611e-01
-6.16580427e-01
-6.18993342e-01
-6.21400416e-01
-6.23801649e-01
-6.26196980e-01
-6.28586471e-01
-6.30970001e-01
-6.33347571e-01
-6.35719240e-01
-6.38084888e-01
-6.40444517e-01
-6.42798066e-01
-6.45145595e-01
-6.47487044e-01
-6.49822414e-01
-6.52151585e-01
-6.54474676e-01
-6.56791627e-01
-6.59102321e-01
-6.61406875e-01
-6.63705230e-01
-6.65997326e-01
-6.68283105e-01
-6.70562565e-01
-6.72835708e-01
-6.75102472e-01
-6.77362919e-01
-6.79616988e-01
-6.81864619e-01
-6.84105814e-01
-6.86340630e-01
-6.88569009e-01
-6.90790832e-01
-6.93006217e-01
-6.95214987e-01
-6.97417259e-01
-6.99612856e-01
-7.01801956e-01
-7.03984380e-01
-7.06160247e-01
-7.08329439e-01
-7.10491955e-01
-7.12647855e-01
-7.14797020e-01
-7.16939449e-01
-7.19075084e-01
-7.21203983e-01
-7.23326027e-01
-7.25441277e-01
-7.27549613e-01
-7.29651153e-01
-7.31745780e-01
-7.33833551e-01
-7.35914409e-01
-7.37988353e-01
-7.40055382e-01
-7.42115438e-01
-7.44168520e-01
-7.46214509e-01
-7.48253465e-01
-7.50285447e-01
-7.52310276e-01
-7.54328072e-01
-7.56338656e-01
-7.58342206e-01
-7.60338604e-01
-7.62327790e-01
-7.64309824e-01
-7.66284704e-01
-7.68252373e-01
-7.70212770e-01
-7.72165895e-01
-7.74111748e-01
-7.76050270e-01
-7.77981579e-01
-7.79905438e-01
-7.81822026e-01
-7.83731163e-01
-7.85632968e-01
-7.87527442e-01
-7.89414465e-01
-7.91294038e-01
-7.93166161e-01
-7.95030773e-01
-7.96887815e-01
-7.98737407e-01
-8.00579488e-01
-8.02414000e-01
-8.04240942e-01
-8.06060314e-01
-8.07872117e-01
-8.09676290e-01
-8.11473012e-01
-8.13262045e-01
-8.15043509e-01
-8.16817224e-01
-8.18583310e-01
-8.20341647e-01
-8.22092116e-01
-8.23834896e-01
-8.25569928e-01
-8.27297032e-01
-8.29016387e-01
-8.30727935e-01
-8.32431674e-01
-8.34127486e-01
-8.35815489e-01
-8.37495625e-01
-8.39167893e-01
-8.40832293e-01
-8.42488766e-01
-8.44137311e-01
-8.45777869e-01
-8.47410440e-01
-8.49035025e-01
-8.50651622e-01
-8.52260232e-01
-8.53860855e-01
-8.55453372e-01
-8.57037842e-01
-8.58614206e-01
-8.60182524e-01
-8.61742735e-01
-8.63294840e-01
-8.64838779e-01
-8.66374552e-01
-8.67902219e-01
-8.69421661e-01
-8.70932937e-01
-8.72435987e-01
-8.73930812e-01
-8.75417411e-01
-8.76895785e-01
-8.78365874e-01
-8.79827678e-01
-8.81281257e-01
-8.82726490e-01
-8.84163439e-01
-8.85592043e-01
-8.87012303e-01
-8.88424158e-01
-8.89827728e-01
-8.91222835e-01
-8.92609596e-01
-8.93987954e-01
-8.95357907e-01
-8.96719396e-01
-8.98072362e-01
-8.99416924e-01
-9.00752962e-01
-9.02080536e-01
-9.03399587e-01
-9.04710174e-01
-9.06012177e-01
-9.07305717e-01
-9.08590674e-01
-9.09867108e-01
-9.11134899e-01
-9.12394226e-01
-9.13644850e-01
-9.14886892e-01
-9.16120350e-01
-9.17345226e-01
-9.18561459e-01
-9.19768989e-01
-9.20967937e-01
-9.22158182e-01
-9.23339665e-01
-9.24512386e-01
-9.25676465e-01
-9.26831782e-01
-9.27978396e-01
-9.29116249e-01
-9.30245280e-01
-9.31365609e-01
-9.32477176e-01
-9.33579922e-01
-9.34673905e-01
-9.35759068e-01
-9.36835408e-01
-9.37902987e-01
-9.38961685e-01
-9.40011561e-01
-9.41052556e-01
-9.42084730e-01
-9.43107963e-01
-9.44122314e-01
-9.45127785e-01
-9.46124315e-01
-9.47112024e-01
-9.48090732e-01
-9.49060559e-01
-9.50021446e-01
-9.50973392e-01
-9.51916456e-01
-9.52850461e-01
-9.53775525e-01
-9.54691529e-01
-9.55598593e-01
-9.56496656e-01
-9.57385659e-01
-9.58265722e-01
-9.59136665e-01
-9.59998548e-01
-9.60851371e-01
-9.61695254e-01
-9.62530017e-01
-9.63355660e-01
-9.64172304e-01
-9.64979887e-01
-9.65778410e-01
-9.66567814e-01
-9.67348039e-01
-9.68119204e-01
-9.68881249e-01
-9.69634175e-01
-9.70377922e-01
-9.71112549e-01
-9.71837997e-01
-9.72554266e-01
-9.73261356e-01
-9.73959267e-01
-9.74647999e-01
-9.75327611e-01
-9.75997984e-01
-9.76659238e-01
-9.77311194e-01
-9.77953970e-01
-9.78587568e-01
-9.79212046e-01
-9.79827225e-01
-9.80433166e-01
-9.81029928e-01
-9.81617391e-01
-9.82195556e-01
-9.82764542e-01
-9.83324230e-01
-9.83874619e-01
-9.84415770e-01
-9.84947622e-01
-9.85470235e-01
-9.85983551e-01
-9.86487567e-01
-9.86982226e-01
-9.87467647e-01
-9.87943828e-01
-9.88410592e-01
-9.88868058e-01
-9.89316225e-01
-9.89755094e-01
-9.90184605e-01
-9.90604877e-01
-9.91015792e-01
-9.91417348e-01
-9.91809607e-01
-9.92192447e-01
-9.92565930e-01
-9.92930114e-01
-9.93284881e-01
-9.93630290e-01
-9.93966341e-01
-9.94293034e-01
-9.94610369e-01
-9.94918287e-01
-9.95216906e-01
-9.95506167e-01
-9.95786011e-01
-9.96056497e-01
-9.96317565e-01
-9.96569276e-01
-9.96811569e-01
-9.97044504e-01
-9.97268081e-01
-9.97482240e-01
-9.97686982e-01
-9.97882307e-01
-9.98068273e-01
-9.98244822e-01
-9.98411953e-01
-9.98569667e-01
-9.98717964e-01
-9.98856843e-01
-9.98986304e-01
-9.99106348e-01
-9.99217033e-01
-9.99318302e-01
-9.99410093e-01
-9.99492466e-01
-9.99565423e-01
-9.99628961e-01
-9.99683142e-01
-9.99727905e-01
-9.99763191e-01
-9.99789059e-01
-9.99805570e-01
-9.99812663e-01
-9.99810338e-01
-9.99798536e-01
-9.99777377e-01
-9.99746740e-01
-9.99706745e-01
-9.99657273e-01
-9.99598384e-01
-9.99530196e-01
-9.99452531e-01
-9.99365389e-01
-9.99268830e-01
-9.99162912e-01
-9.99047577e-01
-9.98922825e-01
-9.98788714e-01
-9.98645127e-01
-9.98492062e-01
-9.98329639e-01
-9.98157799e-01
-9.97976542e-01
-9.97785866e-01
-9.97585833e-01
-9.97376382e-01
-9.97157514e-01
-9.96929288e-01
-9.96691585e-01
-9.96444583e-01
-9.96188223e-01
-9.95922446e-01
-9.95647311e-01
-9.95362699e-01
-9.95068848e-01
-9.94765520e-01
-9.94452894e-01
-9.94130850e-01
-9.93799448e-01
-9.93458688e-01
-9.93108571e-01
-9.92749095e-01
-9.92380321e-01
-9.92002130e-01
-9.91614580e-01
-9.91217732e-01
-9.90811467e-01
-9.90395904e-01
-9.89971042e-01
-9.89536881e-01
-9.89093363e-01
-9.88640487e-01
-9.88178372e-01
-9.87706900e-01
-9.87226188e-01
-9.86736059e-01
-9.86236691e-01
-9.85728025e-01
-9.85210121e-01
-9.84682858e-01
-9.84146357e-01
-9.83600557e-01
-9.83045518e-01
-9.82481182e-01
-9.81907606e-01
-9.81324792e-01
-9.80732679e-01
-9.80131388e-01
-9.79520798e-01
-9.78900969e-01
-9.78272021e-01
-9.77633834e-01
-9.76986468e-01
-9.76329803e-01
-9.75664020e-01
-9.74988997e-01
-9.74304795e-01
-9.73611474e-01
-9.72908914e-01
-9.72197175e-01
-9.71476316e-01
-9.70746338e-01
-9.70007122e-01
-9.69258785e-01
-9.68501329e-01
-9.67734754e-01
-9.66959059e-01
-9.66174185e-01
-9.65380311e-01
-9.64577258e-01
-9.63765204e-01
-9.62944090e-01
-9.62113857e-01
-9.61274564e-01
-9.60426211e-01
-9.59568799e-01
-9.58702326e-01
-9.57826853e-01
-9.56942379e-01
-9.56048906e-01
-9.55146372e-01
-9.54234838e-01
-9.53314304e-01
-9.52384770e-01
-9.51446354e-01
-9.50498879e-01
-9.49542403e-01
-9.48577106e-01
-9.47602868e-01
-9.46619689e-01
-9.45627511e-01
-9.44626451e-01
-9.43616450e-01
-9.42597568e-01
-9.41569865e-01
-9.40533280e-01
-9.39487815e-01
-9.38433528e-01
-9.37370420e-01
-9.36298430e-01
-9.35217679e-01
-9.34128046e-01
-9.33029652e-01
-9.31922495e-01
-9.30806518e-01
-9.29681897e-01
-9.28548396e-01
-9.27406192e-01
-9.26255226e-01
-9.25095499e-01
-9.23927128e-01
-9.22749937e-01
-9.21564043e-01
-9.20369565e-01
-9.19166267e-01
-9.17954385e-01
-9.16733801e-01
-9.15504634e-01
-9.14266884e-01
-9.13020551e-01
-9.11765635e-01
-9.10502076e-01
-9.09229994e-01
-9.07949269e-01
-9.06660080e-01
-9.05362308e-01
-9.04055953e-01
-9.02741134e-01
-9.01417792e-01
-9.00085986e-01
-8.98745656e-01
-8.97396863e-01
-8.96039605e-01
-8.94673944e-01
-8.93299818e-01
-8.91917288e-01
-8.90526295e-01
-8.89127016e-01
-8.87719274e-01
-8.86303186e-01
-8.84878814e-01
-8.83445978e-01
-8.82004917e-01
-8.80555511e-01
-8.79097879e-01
-8.77631903e-01
-8.76157701e-01
-8.74675214e-01
-8.73184502e-01
-8.71685565e-01
-8.70178461e-01
-8.68663073e-01
-8.67139518e-01
-8.65607738e-01
-8.64067852e-01
-8.62519860e-01
-8.60963702e-01
-8.59399438e-01
-8.57827067e-01
-8.56246591e-01
-8.54658127e-01
-8.53061557e-01
-8.51457000e-01
-8.49844396e-01
-8.48223746e-01
-8.46595168e-01
-8.44958544e-01
-8.43313992e-01
-8.41661453e-01
-8.40001047e-01
-8.38332772e-01
-8.36656570e-01
-8.34972441e-01
-8.33280504e-01
-8.31580698e-01
-8.29873085e-01
-8.28157663e-01
-8.26434433e-01
-8.24703395e-01
-8.22964609e-01
-8.21217954e-01
-8.19463551e-01
-8.17701340e-01
-8.15931439e-01
-8.14153850e-01
-8.12368631e-01
-8.10575783e-01
-8.08775306e-01
-8.06967258e-01
-8.05151641e-01
-8.03328454e-01
-8.01497757e-01
-7.99659431e-01
-7.97813654e-01
-7.95960307e-01
-7.94099450e-01
-7.92231083e-01
-7.90355206e-01
-7.88471878e-01
-7.86581159e-01
-7.84683049e-01
-7.82777548e-01
-7.80864656e-01
-7.78944433e-01
-7.77016878e-01
-7.75081992e-01
-7.73139775e-01
-7.71190286e-01
-7.69233525e-01
-7.67269492e-01
-7.65298247e-01
-7.63319731e-01
-7.61334121e-01
-7.59341300e-01
-7.57341325e-01
-7.55334258e-01
-7.53320038e-01
-7.51298666e-01
-7.49270320e-01
-7.47234821e-01
-7.45192349e-01
-7.43142843e-01
-7.41086304e-01
-7.39022732e-01
-7.36952245e-01
-7.34874845e-01
-7.32790470e-01
-7.30699301e-01
-7.28601217e-01
-7.26496220e-01
-7.24384427e-01
-7.22265840e-01
-7.20140398e-01
-7.18008161e-01
-7.15869129e-01
-7.13723302e-01
-7.11570799e-01
-7.09411621e-01
-7.07245708e-01
-7.05073237e-01
-7.02894092e-01
-7.00708270e-01
-6.98515892e-01
-6.96316957e-01
-6.94111407e-01
-6.91899359e-01
-6.89680755e-01
-6.87455654e-01
-6.85224116e-01
-6.82986140e-01
-6.80741668e-01
-6.78490818e-01
-6.76233590e-01
-6.73969924e-01
-6.71699941e-01
-6.69423699e-01
-6.67141080e-01
-6.64852142e-01
-6.62556887e-01
-6.60255432e-01
-6.57947779e-01
-6.55633986e-01
-6.53313935e-01
-6.50987804e-01
-6.48655474e-01
-6.46317124e-01
-6.43972635e-01
-6.41622126e-01
-6.39265478e-01
-6.36902809e-01
-6.34534180e-01
-6.32159531e-01
-6.29778981e-01
-6.27392471e-01
-6.25000119e-01
-6.22601807e-01
-6.20197713e-01
-6.17787659e-01
-6.15371823e-01
-6.12950146e-01
-6.10522687e-01
-6.08089447e-01
-6.05650544e-01
-6.03205979e-01
-6.00755751e-01
-5.98299861e-01
-5.95838308e-01
-5.93371093e-01
-5.90898335e-01
-5.88419974e-01
-5.85936069e-01
-5.83446622e-01
-5.80951750e-01
-5.78451395e-01
-5.75945616e-01
-5.73434353e-01
-5.70917726e-01
-5.68395674e-01
-5.65868318e-01
-5.63335538e-01
-5.60797513e-01
-5.58254182e-01
-5.55705547e-01
-5.53151786e-01
-5.50592721e-01
-5.48028529e-01
-5.45459211e-01
-5.42884707e-01
-5.40305078e-01
-5.37720323e-01
-5.35130560e-01
-5.32535732e-01
-5.29935896e-01
-5.27331054e-01
-5.24721265e-01
-5.22106588e-01
-5.19486964e-01
-5.16862392e-01
-5.14232934e-01
-5.11598647e-01
-5.08959532e-01
-5.06315589e-01
-5.03666937e-01
-5.01013517e-01
-4.98355389e-01
-4.95692551e-01
-4.93025064e-01
-4.90352958e-01
-4.87676203e-01
-4.84994859e-01
-4.82308984e-01
-4.79618520e-01
-4.76923555e-01
-4.74224061e-01
-4.71520126e-01
-4.68811750e-01
-4.66098964e-01
-4.63381737e-01
-4.60660160e-01
-4.57934290e-01
-4.55204070e-01
-4.52469558e-01
-4.49730784e-01
-4.46987778e-01
-4.44240570e-01
-4.41489190e-01
-4.38733608e-01
-4.35973942e-01
-4.33210135e-01
-4.30442274e-01
-4.27670330e-01
-4.24894363e-01
-4.22114402e-01
-4.19330448e-01
-4.16542530e-01
-4.13750708e-01
-4.10954952e-01
-4.08155382e-01
-4.05351937e-01
-4.02544677e-01
-3.99733633e-01
-3.96918833e-01
-3.94100249e-01
-3.91277969e-01
-3.88452023e-01
-3.85622412e-01
-3.82789165e-01
-3.79952282e-01
-3.77111852e-01
-3.74267876e-01
-3.71420354e-01
-3.68569314e-01
-3.65714818e-01
-3.62856895e-01
-3.59995574e-01
-3.57130826e-01
-3.54262739e-01
-3.51391286e-01
-3.48516554e-01
-3.45638514e-01
-3.42757195e-01
-3.39872688e-01
-3.36984932e-01
-3.34094048e-01
-3.31199974e-01
-3.28302801e-01
-3.25402558e-01
-3.22499245e-01
-3.19592863e-01
-3.16683471e-01
-3.13771129e-01
-3.10855806e-01
-3.07937562e-01
-3.05016398e-01
-3.02092373e-01
-2.99165517e-01
-2.96235830e-01
-2.93303370e-01
-2.90368140e-01
-2.87430167e-01
-2.84489483e-01
-2.81546116e-01
-2.78600097e-01
-2.75651455e-01
-2.72700220e-01
-2.69746423e-01
-2.66790062e-01
-2.63831198e-01
-2.60869861e-01
-2.57906049e-01
-2.54939795e-01
-2.51971155e-01
-2.49000132e-01
-2.46026784e-01
-2.43051112e-01
-2.40073144e-01
-2.37092912e-01
-2.34110445e-01
-2.31125787e-01
-2.28138939e-01
-2.25149944e-01
-2.22158819e-01
-2.19165623e-01
-2.16170341e-01
-2.13173032e-01
-2.10173726e-01
-2.07172424e-01
-2.04169184e-01
-2.01164007e-01
-1.98156938e-01
-1.95148006e-01
-1.92137226e-01
-1.89124629e-01
-1.86110258e-01
-1.83094129e-01
-1.80076271e-01
-1.77056715e-01
-1.74035504e-01
-1.71012655e-01
-1.67988181e-01
-1.64962128e-01
-1.61934525e-01
-1.58905417e-01
-1.55874789e-01
-1.52842715e-01
-1.49809211e-01
-1.46774277e-01
-1.43737957e-01
-1.40700281e-01
-1.37661278e-01
-1.34620979e-01
-1.31579399e-01
-1.28536582e-01
-1.25492558e-01
-1.22447349e-01
-1.19400986e-01
-1.16353504e-01
-1.13304920e-01
-1.10255271e-01
-1.07204586e-01
-1.04152896e-01
-1.01100214e-01
-9.80465859e-02
-9.49920267e-02
-9.19365808e-02
-8.88802707e-02
-8.58231261e-02
-8.27651918e-02
-7.97064900e-02
-7.66470656e-02
-7.35869780e-02
-7.05263093e-02
-6.74651563e-02
-6.44036680e-02
-6.13420643e-02
-5.82806505e-02
-5.52198514e-02
-5.21602482e-02
-4.91026007e-02
-4.60478589e-02
-4.29972000e-02
-3.99519838e-02
-3.69137488e-02
-3.38840783e-02
-3.08646262e-02
-2.78566163e-02
-2.48618200e-02
-2.18788106e-02
-1.89142246e-02
-1.59464646e-02
-1.30405100e-02
-9.98289324e-03
-7.43051292e-03
-3.06951511e-03
-5.96046448e-08
5.96046448e-08
3.06951511e-03
