1.11988396e-03
2.32016132e-03
3.52618936e-03
4.73259902e-03
5.93899377e-03
7.14533497e-03
8.35160911e-03
9.55780596e-03
1.07639134e-02
1.19699202e-02
1.31758153e-02
1.43815884e-02
1.55872265e-02
1.67927183e-02
1.79980546e-02
1.92032233e-02
2.04082113e-02
2.16130074e-02
2.28176024e-02
2.40219850e-02
2.52261441e-02
2.64300648e-02
2.76337378e-02
2.88371537e-02
3.00402995e-02
3.12431660e-02
3.24457400e-02
3.36480066e-02
3.48499604e-02
3.60515900e-02
3.72528844e-02
3.84538248e-02
3.96544114e-02
4.08546217e-02
4.20544557e-02
4.32538912e-02
4.44529243e-02
4.56515439e-02
4.68497314e-02
4.80474867e-02
4.92447875e-02
5.04416339e-02
5.16380072e-02
5.28338961e-02
5.40292896e-02
5.52241765e-02
5.64185493e-02
5.76123968e-02
5.88057004e-02
5.99984601e-02
6.11906536e-02
6.23822771e-02
6.35733157e-02
6.47637621e-02
6.59535974e-02
6.71428218e-02
6.83314204e-02
6.95193708e-02
7.07066804e-02
7.18933195e-02
7.30792955e-02
7.42645785e-02
7.54491687e-02
7.66330585e-02
7.78162256e-02
7.89986625e-02
8.01803693e-02
8.13613236e-02
8.25415179e-02
8.37209374e-02
8.48995745e-02
8.60774219e-02
8.72544572e-02
8.84306729e-02
8.96060690e-02
9.07806307e-02
9.19543356e-02
9.31271836e-02
9.42991674e-02
9.54702571e-02
9.66404676e-02
9.78097692e-02
9.89781544e-02
1.00145616e-01
1.01312138e-01
1.02477714e-01
1.03642322e-01
1.04805976e-01
1.05968632e-01
1.07130311e-01
1.08290978e-01
1.09450638e-01
1.10609271e-01
1.11766867e-01
1.12923428e-01
1.14078932e-01
1.15233362e-01
1.16386719e-01
1.17538996e-01
1.18690163e-01
1.19840227e-01
1.20989174e-01
1.22136980e-01
1.23283647e-01
1.24429159e-01
1.25573501e-01
1.26716673e-01
1.27858669e-01
1.28999472e-01
1.30139068e-01
1.31277442e-01
1.32414594e-01
1.33550495e-01
1.34685159e-01
1.35818556e-01
1.36950701e-01
1.38081551e-01
1.39211118e-01
1.40339360e-01
1.41466320e-01
1.42591938e-01
1.43716216e-01
1.44839168e-01
1.45960748e-01
1.47080973e-01
1.48199826e-01
1.49317279e-01
1.50433332e-01
1.51547998e-01
1.52661234e-01
1.53773054e-01
1.54883429e-01
1.55992359e-01
1.57099828e-01
1.58205822e-01
1.59310341e-01
1.60413384e-01
1.61514923e-01
1.62614942e-01
1.63713425e-01
1.64810404e-01
1.65905818e-01
1.66999698e-01
1.68092012e-01
1.69182748e-01
1.70271888e-01
1.71359465e-01
1.72445416e-01
1.73529774e-01
1.74612492e-01
1.75693586e-01
1.76773027e-01
1.77850813e-01
1.78926945e-01
1.80001408e-01
1.81074187e-01
1.82145268e-01
1.83214635e-01
1.84282303e-01
1.85348243e-01
1.86412439e-01
1.87474906e-01
1.88535616e-01
1.89594567e-01
1.90651730e-01
1.91707119e-01
1.92760706e-01
1.93812504e-01
1.94862470e-01
1.95910633e-01
1.96956947e-01
1.98001415e-01
1.99044049e-01
2.00084820e-01
2.01123700e-01
2.02160716e-01
2.03195825e-01
2.04229057e-01
2.05260396e-01
2.06289813e-01
2.07317293e-01
2.08342820e-01
2.09366396e-01
2.10388020e-01
2.11407676e-01
2.12425351e-01
2.13441029e-01
2.14454725e-01
2.15466395e-01
2.16476053e-01
2.17483699e-01
2.18489319e-01
2.19492882e-01
2.20494390e-01
2.21493855e-01
2.22491220e-01
2.23486528e-01
2.24479720e-01
2.25470826e-01
2.26459831e-01
2.27446720e-01
2.28431463e-01
2.29414091e-01
2.30394557e-01
2.31372878e-01
2.32349023e-01
2.33322978e-01
2.34294772e-01
2.35264361e-01
2.36231759e-01
2.37196937e-01
2.38159910e-01
2.39120662e-01
2.40079165e-01
2.41035417e-01
2.41989419e-01
2.42941156e-01
2.43890628e-01
2.44837806e-01
2.45782718e-01
2.46725306e-01
2.47665584e-01
2.48603553e-01
2.49539196e-01
2.50472516e-01
2.51403481e-01
2.52332091e-01
2.53258348e-01
2.54182249e-01
2.55103767e-01
2.56022960e-01
2.56939769e-01
2.57854164e-01
2.58766115e-01
2.59675622e-01
2.60582685e-01
2.61487305e-01
2.62389511e-01
2.63289243e-01
2.64186502e-01
2.65081316e-01
2.65973657e-01
2.66863495e-01
2.67750829e-01
2.68635690e-01
2.69518018e-01
2.70397842e-01
2.71275133e-01
2.72149891e-01
2.73022085e-01
2.73891747e-01
2.74758846e-01
2.75623381e-01
2.76485294e-01
2.77344644e-01
2.78201401e-01
2.79055566e-01
2.79907107e-01
2.80756027e-01
2.81602323e-01
2.82445997e-01
2.83287048e-01
2.84125417e-01
2.84961104e-01
2.85794139e-01
2.86624491e-01
2.87452132e-01
2.88277119e-01
2.89099365e-01
2.89918929e-01
2.90735751e-01
2.91549861e-01
2.92361289e-01
2.93169945e-01
2.93975919e-01
2.94779122e-01
2.95579582e-01
2.96377271e-01
2.97172159e-01
2.97964275e-01
2.98753589e-01
2.99540102e-01
3.00323844e-01
3.01104754e-01
3.01882833e-01
3.02658081e-01
3.03430527e-01
3.04200113e-01
3.04966897e-01
3.05730850e-01
3.06491941e-01
3.07250202e-01
3.08005601e-01
3.08758140e-01
3.09507757e-01
3.10254425e-01
3.10998201e-01
3.11739057e-01
3.12476993e-01
3.13211977e-01
3.13944042e-01
3.14673156e-01
3.15399319e-01
3.16122532e-01
3.16842794e-01
3.17560107e-01
3.18274409e-01
3.18985760e-01
3.19694132e-01
3.20399523e-01
3.21101934e-01
3.21801364e-01
3.22497755e-01
3.23191106e-01
3.23881447e-01
3.24568748e-01
3.25253010e-01
3.25934201e-01
3.26612353e-01
3.27287436e-01
3.27959478e-01
3.28628451e-01
3.29294324e-01
3.29957157e-01
3.30616862e-01
3.31273496e-01
3.31927031e-01
3.32577467e-01
3.33224803e-01
3.33869040e-01
3.34510148e-01
3.35148096e-01
3.35782915e-01
3.36414546e-01
3.37043047e-01
3.37668359e-01
3.38290542e-01
3.38909537e-01
3.39525372e-01
3.40138018e-01
3.40747505e-01
3.41353774e-01
3.41956884e-01
3.42556745e-01
3.43153447e-01
3.43746930e-01
3.44337165e-01
3.44924182e-01
3.45508009e-01
3.46088618e-01
3.46666008e-01
3.47240150e-01
3.47811013e-01
3.48378628e-01
3.48942965e-01
3.49504024e-01
3.50061834e-01
3.50616306e-01
3.51167530e-01
3.51715446e-01
3.52260053e-01
3.52801353e-01
3.53339374e-01
3.53874117e-01
3.54405522e-01
3.54933619e-01
3.55458379e-01
3.55979860e-01
3.56498003e-01
3.57012808e-01
3.57524306e-01
3.58032465e-01
3.58537287e-01
3.59038770e-01
3.59536946e-01
3.60031724e-01
3.60523105e-01
3.61011088e-01
3.61495674e-01
3.61976862e-01
3.62454623e-01
3.62929016e-01
3.63400012e-01
3.63867581e-01
3.64331782e-01
3.64792556e-01
3.65249932e-01
3.65703881e-01
3.66154402e-01
3.66601497e-01
3.67045134e-01
3.67485344e-01
3.67922127e-01
3.68355483e-01
3.68785381e-01
3.69211853e-01
3.69634867e-01
3.70054394e-01
3.70470464e-01
3.70883107e-01
3.71292263e-01
3.71697962e-01
3.72100204e-01
3.72498989e-01
3.72894287e-01
3.73286068e-01
3.73674333e-01
3.74059081e-01
3.74440312e-01
3.74818027e-01
3.75192195e-01
3.75562906e-01
3.75930071e-01
3.76293749e-01
3.76653880e-01
3.77010494e-01
3.77363563e-01
3.77713084e-01
3.78059089e-01
3.78401518e-01
3.78740430e-01
3.79075766e-01
3.79407555e-01
3.79735798e-01
3.80060494e-01
3.80381614e-01
3.80699188e-01
3.81013215e-01
3.81323636e-01
3.81630510e-01
3.81933808e-01
3.82233500e-01
3.82529646e-01
3.82822186e-01
3.83111179e-01
3.83396566e-01
3.83678377e-01
3.83956611e-01
3.84231269e-01
3.84502351e-01
3.84769857e-01
3.85033786e-01
3.85294080e-01
3.85550737e-01
3.85803759e-01
3.86053145e-01
3.86298895e-01
3.86541039e-01
3.86779517e-01
3.87014389e-01
3.87245625e-01
3.87473226e-01
3.87697160e-01
3.87917489e-01
3.88134181e-01
3.88347208e-01
3.88556629e-01
3.88762385e-01
3.88964504e-01
3.89162987e-01
3.89357835e-01
3.89549047e-01
3.89736623e-01
3.89920533e-01
3.90100807e-01
3.90277416e-01
3.90450358e-01
3.90619606e-01
3.90785217e-01
3.90947163e-01
3.91105443e-01
3.91260087e-01
3.91411036e-01
3.91558319e-01
3.91701967e-01
3.91841918e-01
3.91978174e-01
3.92110795e-01
3.92239690e-01
3.92364949e-01
3.92486513e-01
3.92604411e-01
3.92718643e-01
3.92829180e-01
3.92936051e-01
3.93039256e-01
3.93138766e-01
3.93234611e-01
3.93326730e-01
3.93415183e-01
3.93499911e-01
3.93580973e-01
3.93658310e-01
3.93731982e-01
3.93801957e-01
3.93868208e-01
3.93930793e-01
3.93989682e-01
3.94044876e-01
3.94096404e-01
3.94144207e-01
3.94188344e-01
3.94228786e-01
3.94265562e-01
3.94298643e-01
3.94328028e-01
3.94353747e-01
3.94375741e-01
3.94394040e-01
3.94408673e-01
3.94419611e-01
3.94426823e-01
3.94430339e-01
3.94430190e-01
3.94426316e-01
3.94418776e-01
3.94407570e-01
3.94392639e-01
3.94374043e-01
3.94351751e-01
3.94325763e-01
3.94296080e-01
3.94262671e-01
3.94225597e-01
3.94184828e-01
3.94140333e-01
3.94092172e-01
3.94040316e-01
3.93984795e-01
3.93925548e-01
3.93862635e-01
3.93795997e-01
3.93725693e-01
3.93651664e-01
3.93573970e-01
3.93492550e-01
3.93407434e-01
3.93318653e-01
3.93226147e-01
3.93129975e-01
3.93030077e-01
3.92926544e-01
3.92819315e-01
3.92708421e-01
3.92593831e-01
3.92475575e-01
3.92353654e-01
3.92228037e-01
3.92098755e-01
3.91965806e-01
3.91829193e-01
3.91688854e-01
3.91544878e-01
3.91397238e-01
3.91245902e-01
3.91090930e-01
3.90932262e-01
3.90769958e-01
3.90603960e-01
3.90434325e-01
3.90261024e-01
3.90084058e-01
3.89903396e-01
3.89719099e-01
3.89531165e-01
3.89339566e-01
3.89144361e-01
3.88945460e-01
3.88742954e-01
3.88536781e-01
3.88326973e-01
3.88113558e-01
3.87896508e-01
3.87675792e-01
3.87451440e-01
3.87223482e-01
3.86991858e-01
3.86756659e-01
3.86517793e-01
3.86275291e-01
3.86029154e-01
3.85779381e-01
3.85525972e-01
3.85268927e-01
3.85008246e-01
3.84743929e-01
3.84475976e-01
3.84204447e-01
3.83929342e-01
3.83650661e-01
3.83368403e-01
3.83082569e-01
3.82793158e-01
3.82500172e-01
3.82203609e-01
3.81903470e-01
3.81599754e-01
3.81292462e-01
3.80981624e-01
3.80667180e-01
3.80349189e-01
3.80027622e-01
3.79702479e-01
3.79373789e-01
3.79041553e-01
3.78705770e-01
3.78366411e-01
3.78023565e-01
3.77677113e-01
3.77327174e-01
3.76973659e-01
3.76616567e-01
3.76255989e-01
3.75891864e-01
3.75524253e-01
3.75153095e-01
3.74778420e-01
3.74400258e-01
3.74018550e-01
3.73633325e-01
3.73244584e-01
3.72852325e-01
3.72456551e-01
3.72057289e-01
3.71654540e-01
3.71248335e-01
3.70838672e-01
3.70425552e-01
3.70008945e-01
3.69588912e-01
3.69165391e-01
3.68738443e-01
3.68308038e-01
3.67874205e-01
3.67436916e-01
3.66996199e-01
3.66552025e-01
3.66104424e-01
3.65653396e-01
3.65198940e-01
3.64741087e-01
3.64279777e-01
3.63815039e-01
3.63346934e-01
3.62875402e-01
3.62400502e-01
3.61922175e-01
3.61440480e-01
3.60955387e-01
3.60466897e-01
3.59975010e-01
3.59479725e-01
3.58981043e-01
3.58478993e-01
3.57973576e-01
3.57464850e-01
3.56952816e-01
3.56437474e-01
3.55918765e-01
3.55396718e-01
3.54871362e-01
3.54342699e-01
3.53810698e-01
3.53275388e-01
3.52736771e-01
3.52194846e-01
3.51649642e-01
3.51101130e-01
3.50549340e-01
3.49994242e-01
3.49435896e-01
3.48874241e-01
3.48309338e-01
3.47741127e-01
3.47169638e-01
3.46594900e-01
3.46016914e-01
3.45435709e-01
3.44851285e-01
3.44263643e-01
3.43672752e-01
3.43078643e-01
3.42481345e-01
3.41880798e-01
3.41277122e-01
3.40670198e-01
3.40060085e-01
3.39446783e-01
3.38830322e-01
3.38210642e-01
3.37587833e-01
3.36961865e-01
3.36332738e-01
3.35700452e-01
3.35065007e-01
3.34426403e-01
3.33784640e-01
3.33139747e-01
3.32491726e-01
3.31840605e-01
3.31186414e-01
3.30529094e-01
3.29868704e-01
3.29205215e-01
3.28538626e-01
3.27868968e-01
3.27196270e-01
3.26520473e-01
3.25841635e-01
3.25159729e-01
3.24474812e-01
3.23786825e-01
3.23095798e-01
3.22401762e-01
3.21704656e-01
3.21004510e-01
3.20301384e-01
3.19595248e-01
3.18886161e-01
3.18174064e-01
3.17459017e-01
3.16740990e-01
3.16020012e-01
3.15296054e-01
3.14569175e-01
3.13839316e-01
3.13106567e-01
3.12370837e-01
3.11632186e-01
3.10890585e-01
3.10146064e-01
3.09398592e-01
3.08648229e-01
3.07894945e-01
3.07138771e-01
3.06379765e-01
3.05617899e-01
3.04853171e-01
3.04085612e-01
3.03315252e-01
3.02542031e-01
3.01766008e-01
3.00987124e-01
3.00205410e-01
2.99420893e-01
2.98633575e-01
2.97843456e-01
2.97050536e-01
2.96254843e-01
2.95456350e-01
2.94655085e-01
2.93851078e-01
2.93044329e-01
2.92234838e-01
2.91422635e-01
2.90607661e-01
2.89789975e-01
2.88969606e-01
2.88146496e-01
2.87320703e-01
2.86492229e-01
2.85661042e-01
2.84827203e-01
2.83990681e-01
2.83151448e-01
2.82309592e-01
2.81465083e-01
2.80617952e-01
2.79768169e-01
2.78915793e-01
2.78060794e-01
2.77203202e-01
2.76343018e-01
2.75480211e-01
2.74614871e-01
2.73746938e-01
2.72876412e-01
2.72003382e-01
2.71127760e-01
2.70249605e-01
2.69368887e-01
2.68485665e-01
2.67599940e-01
2.66711712e-01
2.65820980e-01
2.64927775e-01
2.64032096e-01
2.63133943e-01
2.62233317e-01
2.61330247e-01
2.60424733e-01
2.59516776e-01
2.58606374e-01
2.57693529e-01
2.56778240e-01
2.55860537e-01
2.54940450e-01
2.54018039e-01
2.53093243e-01
2.52166122e-01
2.51236588e-01
2.50304729e-01
2.49370500e-01
2.48433962e-01
2.47495085e-01
2.46553883e-01
2.45610386e-01
2.44664580e-01
2.43716493e-01
2.42766127e-01
2.41813481e-01
2.40858585e-01
2.39901423e-01
2.38941997e-01
2.37980351e-01
2.37016469e-01
2.36050367e-01
2.35082045e-01
2.34111518e-01
2.33138815e-01
2.32163921e-01
2.31186837e-01
2.30207592e-01
2.29226187e-01
2.28242651e-01
2.27256969e-01
2.26269156e-01
2.25279257e-01
2.24287227e-01
2.23293081e-01
2.22296879e-01
2.21298575e-01
2.20298201e-01
2.19295755e-01
2.18291253e-01
2.17284709e-01
2.16276139e-01
2.15265527e-01
2.14252919e-01
2.13238299e-01
2.12221682e-01
2.11203068e-01
2.10182488e-01
2.09159926e-01
2.08135426e-01
2.07108960e-01
2.06080556e-01
2.05050230e-01
2.04017982e-01
2.02983826e-01
2.01947764e-01
2.00909808e-01
1.99869975e-01
1.98828295e-01
1.97784737e-01
1.96739346e-01
1.95692092e-01
1.94643021e-01
1.93592131e-01
1.92539424e-01
1.91484898e-01
1.90428585e-01
1.89370513e-01
1.88310638e-01
1.87249020e-01
1.86185628e-01
1.85120508e-01
1.84053659e-01
1.82985082e-01
1.81914791e-01
1.80842802e-01
1.79769099e-01
1.78693727e-01
1.77616686e-01
1.76537961e-01
1.75457612e-01
1.74375623e-01
1.73291981e-01
1.72206730e-01
1.71119869e-01
1.70031413e-01
1.68941349e-01
1.67849720e-01
1.66756511e-01
1.65661737e-01
1.64565414e-01
1.63467571e-01
1.62368178e-01
1.61267281e-01
1.60164863e-01
1.59060955e-01
1.57955557e-01
1.56848684e-01
1.55740321e-01
1.54630512e-01
1.53519258e-01
1.52406573e-01
1.51292473e-01
1.50176942e-01
1.49060026e-01
1.47941694e-01
1.46821991e-01
1.45700902e-01
1.44578472e-01
1.43454671e-01
1.42329544e-01
1.41203076e-01
1.40075296e-01
1.38946205e-01
1.37815803e-01
1.36684120e-01
1.35551155e-01
1.34416923e-01
1.33281440e-01
1.32144704e-01
1.31006747e-01
1.29867554e-01
1.28727138e-01
1.27585530e-01
1.26442716e-01
1.25298738e-01
1.24153584e-01
1.23007275e-01
1.21859811e-01
1.20711215e-01
1.19561486e-01
1.18410647e-01
1.17258698e-01
1.16105653e-01
1.14951521e-01
1.13796309e-01
1.12640046e-01
1.11482732e-01
1.10324368e-01
1.09164968e-01
1.08004563e-01
1.06843144e-01
1.05680719e-01
1.04517318e-01
1.03352942e-01
1.02187596e-01
1.01021305e-01
9.98540595e-02
9.86858904e-02
9.75167900e-02
9.63467956e-02
9.51758847e-02
9.40040946e-02
9.28314254e-02
9.16578919e-02
9.04835090e-02
8.93082842e-02
8.81322250e-02
8.69553387e-02
8.57776403e-02
8.45991448e-02
8.34198520e-02
8.22397918e-02
8.10589641e-02
7.98773766e-02
7.86950514e-02
7.75119886e-02
7.63282105e-02
7.51437172e-02
7.39585236e-02
7.27726445e-02
7.15860873e-02
7.03988597e-02
6.92109764e-02
6.80224523e-02
6.68332875e-02
6.56435117e-02
6.44531175e-02
6.32621273e-02
6.20705523e-02
6.08783998e-02
5.96856773e-02
5.84924035e-02
5.72985820e-02
5.61042316e-02
5.49093634e-02
5.37139773e-02
5.25180958e-02
5.13217263e-02
5.01248837e-02
4.89275753e-02
4.77298163e-02
4.65316102e-02
4.53329757e-02
4.41339202e-02
4.29344587e-02
4.17345949e-02
4.05343510e-02
3.93337272e-02
3.81327458e-02
3.69314104e-02
3.57297324e-02
3.45277302e-02
3.33254077e-02
3.21227759e-02
3.09198499e-02
2.97166426e-02
2.85131615e-02
2.73094177e-02
2.61054244e-02
2.49011926e-02
2.36967318e-02
2.24920567e-02
2.12871730e-02
2.00820975e-02
1.88768394e-02
1.76714119e-02
1.64658241e-02
1.52600883e-02
1.40542146e-02
1.28482152e-02
1.16421012e-02
1.04358839e-02
9.22957528e-03
8.02318752e-03
6.81672990e-03
5.61021455e-03
4.40365309e-03
3.19705647e-03
1.99043611e-03
7.83803465e-04
-4.22830344e-04
-1.62945385e-03
-2.83605582e-03
-4.04262450e-03
-5.24914917e-03
-6.45561796e-03
-7.66202062e-03
-8.86834413e-03
-1.00745782e-02
-1.12807117e-02
-1.24867344e-02
-1.36926332e-02
-1.48983970e-02
-1.61040146e-02
-1.73094738e-02
-1.85147636e-02
-1.97198726e-02
-2.09247898e-02
-2.21295040e-02
-2.33340040e-02
-2.45382786e-02
-2.57423148e-02
-2.69461013e-02
-2.81496290e-02
-2.93528847e-02
-3.05558592e-02
-3.17585394e-02
-3.29609141e-02
-3.41629721e-02
-3.53647061e-02
-3.65660973e-02
-3.77671346e-02
-3.89678143e-02
-4.01681215e-02
-4.13680486e-02
-4.25675772e-02
-4.37666960e-02
-4.49654013e-02
-4.61636707e-02
-4.73615043e-02
-4.85588834e-02
-4.97558042e-02
-5.09522483e-02
-5.21482080e-02
-5.33436723e-02
-5.45386225e-02
-5.57330623e-02
-5.69269694e-02
-5.81203289e-02
-5.93131408e-02
-6.05053902e-02
-6.16970621e-02
-6.28881454e-02
-6.40786365e-02
-6.52685165e-02
-6.64577782e-02
-6.76464066e-02
-6.88343942e-02
-7.00217262e-02
-7.12083951e-02
-7.23943934e-02
-7.35796988e-02
-7.47643039e-02
-7.59482086e-02
-7.71313831e-02
-7.83138350e-02
-7.94955418e-02
-8.06764960e-02
-8.18566754e-02
-8.30360949e-02
-8.42147171e-02
-8.53925496e-02
-8.65695626e-02
-8.77457634e-02
-8.89211297e-02
-9.00956541e-02
-9.12693217e-02
-9.24421251e-02
-9.36140567e-02
-9.47850943e-02
-9.59552452e-02
-9.71244872e-02
-9.82928053e-02
-9.94601920e-02
-1.00626647e-01
-1.01792142e-01
-1.02956675e-01
-1.04120232e-01
-1.05282806e-01
-1.06444381e-01
-1.07604951e-01
-1.08764499e-01
-1.09923027e-01
-1.11080505e-01
-1.12236939e-01
-1.13392301e-01
-1.14546597e-01
-1.15699805e-01
-1.16851918e-01
-1.18002936e-01
-1.19152829e-01
-1.20301604e-01
-1.21449232e-01
-1.22595720e-01
-1.23741053e-01
-1.24885201e-01
-1.26028180e-01
-1.27169967e-01
-1.28310561e-01
-1.29449934e-01
-1.30588084e-01
-1.31724998e-01
-1.32860675e-01
-1.33995101e-01
-1.35128260e-01
-1.36260122e-01
-1.37390703e-01
-1.38520002e-01
-1.39647976e-01
-1.40774637e-01
-1.41899988e-01
-1.43023983e-01
-1.44146606e-01
-1.45267889e-01
-1.46387801e-01
-1.47506326e-01
-1.48623452e-01
-1.49739191e-01
-1.50853500e-01
-1.51966408e-01
-1.53077871e-01
-1.54187873e-01
-1.55296415e-01
-1.56403497e-01
-1.57509089e-01
-1.58613205e-01
-1.59715846e-01
-1.60816953e-01
-1.61916554e-01
-1.63014606e-01
-1.64111137e-01
-1.65206119e-01
-1.66299552e-01
-1.67391390e-01
-1.68481663e-01
-1.69570327e-01
-1.70657411e-01
-1.71742871e-01
-1.72826722e-01
-1.73908949e-01
-1.74989507e-01
-1.76068425e-01
-1.77145690e-01
-1.78221285e-01
-1.79295197e-01
-1.80367410e-01
-1.81437910e-01
-1.82506710e-01
-1.83573782e-01
-1.84639126e-01
-1.85702741e-01
-1.86764598e-01
-1.87824681e-01
-1.88882992e-01
-1.89939529e-01
-1.90994263e-01
-1.92047179e-01
-1.93098307e-01
-1.94147587e-01
-1.95195049e-01
-1.96240678e-01
-1.97284445e-01
-1.98326349e-01
-1.99366391e-01
-2.00404540e-01
-2.01440811e-01
-2.02475190e-01
-2.03507662e-01
-2.04538226e-01
-2.05566853e-01
-2.06593528e-01
-2.07618251e-01
-2.08641008e-01
-2.09661812e-01
-2.10680619e-01
-2.11697444e-01
-2.12712288e-01
-2.13725120e-01
-2.14735940e-01
-2.15744719e-01
-2.16751471e-01
-2.17756167e-01
-2.18758821e-01
-2.19759405e-01
-2.20757931e-01
-2.21754342e-01
-2.22748682e-01
-2.23740920e-01
-2.24731073e-01
-2.25719079e-01
-2.26704955e-01
-2.27688700e-01
-2.28670284e-01
-2.29649737e-01
-2.30627015e-01
-2.31602088e-01
-2.32574999e-01
-2.33545706e-01
-2.34514207e-01
-2.35480502e-01
-2.36444592e-01
-2.37406448e-01
-2.38366053e-01
-2.39323437e-01
-2.40278542e-01
-2.41231397e-01
-2.42181972e-01
-2.43130267e-01
-2.44076267e-01
-2.45019972e-01
-2.45961353e-01
-2.46900409e-01
-2.47837141e-01
-2.48771533e-01
-2.49703586e-01
-2.50633299e-01
-2.51560628e-01
-2.52485633e-01
-2.53408283e-01
-2.54328519e-01
-2.55246371e-01
-2.56161809e-01
-2.57074803e-01
-2.57985353e-01
-2.58893460e-01
-2.59799153e-01
-2.60702372e-01
-2.61603147e-01
-2.62501448e-01
-2.63397306e-01
-2.64290661e-01
-2.65181541e-01
-2.66069919e-01
-2.66955793e-01
-2.67839164e-01
-2.68720001e-01
-2.69598335e-01
-2.70474106e-01
-2.71347314e-01
-2.72217959e-01
-2.73086041e-01
-2.73951560e-01
-2.74814487e-01
-2.75674850e-01
-2.76532590e-01
-2.77387738e-01
-2.78240263e-01
-2.79090166e-01
-2.79937446e-01
-2.80782104e-01
-2.81624109e-01
-2.82463431e-01
-2.83300072e-01
-2.84134060e-01
-2.84965336e-01
-2.85793930e-01
-2.86619872e-01
-2.87443072e-01
-2.88263589e-01
-2.89081335e-01
-2.89896399e-01
-2.90708721e-01
-2.91518331e-01
-2.92325199e-01
-2.93129325e-01
-2.93930680e-01
-2.94729263e-01
-2.95525074e-01
-2.96318054e-01
-2.97108263e-01
-2.97895640e-01
-2.98680246e-01
-2.99462020e-01
-3.00240964e-01
-3.01017076e-01
-3.01790357e-01
-3.02560806e-01
-3.03328395e-01
-3.04093182e-01
-3.04855108e-01
-3.05614233e-01
-3.06370467e-01
-3.07123810e-01
-3.07874203e-01
-3.08621675e-01
-3.09366256e-01
-3.10107857e-01
-3.10846537e-01
-3.11582297e-01
-3.12315106e-01
-3.13044965e-01
-3.13771904e-01
-3.14495891e-01
-3.15216899e-01
-3.15934956e-01
-3.16650003e-01
-3.17362100e-01
-3.18071216e-01
-3.18777353e-01
-3.19480509e-01
-3.20180625e-01
-3.20877701e-01
-3.21571767e-01
-3.22262764e-01
-3.22950751e-01
-3.23635697e-01
-3.24317575e-01
-3.24996382e-01
-3.25672150e-01
-3.26344848e-01
-3.27014476e-01
-3.27681035e-01
-3.28344494e-01
-3.29004884e-01
-3.29662144e-01
-3.30316305e-01
-3.30967367e-01
-3.31615329e-01
-3.32260162e-01
-3.32901835e-01
-3.33540350e-01
-3.34175736e-01
-3.34807932e-01
-3.35436970e-01
-3.36062878e-01
-3.36685628e-01
-3.37305158e-01
-3.37921530e-01
-3.38534743e-01
-3.39144737e-01
-3.39751542e-01
-3.40355188e-01
-3.40955585e-01
-3.41552794e-01
-3.42146784e-01
-3.42737526e-01
-3.43325078e-01
-3.43909383e-01
-3.44490469e-01
-3.45068306e-01
-3.45642895e-01
-3.46214175e-01
-3.46782237e-01
-3.47346991e-01
-3.47908467e-01
-3.48466665e-01
-3.49021614e-01
-3.49573225e-01
-3.50121558e-01
-3.50666583e-01
-3.51208329e-01
-3.51746768e-01
-3.52281898e-01
-3.52813691e-01
-3.53342175e-01
-3.53867322e-01
-3.54389131e-01
-3.54907632e-01
-3.55422795e-01
-3.55934650e-01
-3.56443167e-01
-3.56948346e-01
-3.57450157e-01
-3.57948571e-01
-3.58443618e-01
-3.58935237e-01
-3.59423488e-01
-3.59908313e-01
-3.60389769e-01
-3.60867798e-01
-3.61342460e-01
-3.61813694e-01
-3.62281531e-01
-3.62745941e-01
-3.63206953e-01
-3.63664538e-01
-3.64118725e-01
-3.64569455e-01
-3.65016758e-01
-3.65460604e-01
-3.65900993e-01
-3.66337955e-01
-3.66771489e-01
-3.67201567e-01
-3.67628187e-01
-3.68051350e-01
-3.68471056e-01
-3.68887305e-01
-3.69300097e-01
-3.69709432e-01
-3.70115310e-01
-3.70517701e-01
-3.70916575e-01
-3.71311933e-01
-3.71703774e-01
-3.72092098e-01
-3.72476906e-01
-3.72858196e-01
-3.73235971e-01
-3.73610258e-01
-3.73980999e-01
-3.74348253e-01
-3.74711961e-01
-3.75072151e-01
-3.75428766e-01
-3.75781864e-01
-3.76131415e-01
-3.76477391e-01
-3.76819849e-01
-3.77158731e-01
-3.77494067e-01
-3.77825856e-01
-3.78154099e-01
-3.78478765e-01
-3.78799886e-01
-3.79117429e-01
-3.79431367e-01
-3.79741758e-01
-3.80048543e-01
-3.80351782e-01
-3.80651444e-01
-3.80947530e-01
-3.81240040e-01
-3.81528974e-01
-3.81814331e-01
-3.82096112e-01
-3.82374316e-01
-3.82648945e-01
-3.82919967e-01
-3.83187354e-01
-3.83451104e-01
-3.83711219e-01
-3.83967698e-01
-3.84220541e-01
-3.84469748e-01
-3.84715319e-01
-3.84957254e-01
-3.85195553e-01
-3.85430217e-01
-3.85661244e-01
-3.85888636e-01
-3.86112392e-01
-3.86332512e-01
-3.86548996e-01
-3.86761814e-01
-3.86971027e-01
-3.87176603e-01
-3.87378514e-01
-3.87576789e-01
-3.87771428e-01
-3.87962431e-01
-3.88149768e-01
-3.88333440e-01
-3.88513446e-01
-3.88689756e-01
-3.88862461e-01
-3.89031470e-01
-3.89196843e-01
-3.89358521e-01
-3.89516532e-01
-3.89670879e-01
-3.89821529e-01
-3.89968544e-01
-3.90111834e-01
-3.90251487e-01
-3.90387446e-01
-3.90519738e-01
-3.90648365e-01
-3.90773296e-01
-3.90894532e-01
-3.91012102e-01
-3.91125947e-01
-3.91236126e-01
-3.91342610e-01
-3.91445398e-01
-3.91544521e-01
-3.91639948e-01
-3.91731679e-01
-3.91819686e-01
-3.91904026e-01
-3.91984642e-01
-3.92061591e-01
-3.92134845e-01
-3.92204374e-01
-3.92270237e-01
-3.92332375e-01
-3.92390847e-01
-3.92445624e-01
-3.92496705e-01
-3.92544091e-01
-3.92587781e-01
-3.92627776e-01
-3.92664075e-01
-3.92696679e-01
-3.92725527e-01
-3.92750710e-01
-3.92772198e-01
-3.92789960e-01
-3.92804027e-01
-3.92814398e-01
-3.92821044e-01
-3.92823964e-01
-3.92823160e-01
-3.92818660e-01
-3.92810434e-01
-3.92798513e-01
-3.92782897e-01
-3.92763555e-01
-3.92740488e-01
-3.92713726e-01
-3.92683268e-01
-3.92649114e-01
-3.92611265e-01
-3.92569721e-01
-3.92524481e-01
-3.92475545e-01
-3.92422915e-01
-3.92366588e-01
-3.92306566e-01
-3.92242849e-01
-3.92175436e-01
-3.92104328e-01
-3.92029524e-01
-3.91951025e-01
-3.91868830e-01
-3.91782939e-01
-3.91693354e-01
-3.91600072e-01
-3.91503096e-01
-3.91402453e-01
-3.91298085e-01
-3.91190022e-01
-3.91078293e-01
-3.90962839e-01
-3.90843719e-01
-3.90720934e-01
-3.90594453e-01
-3.90464276e-01
-3.90330434e-01
-3.90192956e-01
-3.90051752e-01
-3.89906913e-01
-3.89758348e-01
-3.89606148e-01
-3.89450252e-01
-3.89290720e-01
-3.89127523e-01
-3.88960630e-01
-3.88790101e-01
-3.88615906e-01
-3.88438016e-01
-3.88256490e-01
-3.88071299e-01
-3.87882441e-01
-3.87689978e-01
-3.87493819e-01
-3.87294054e-01
-3.87090623e-01
-3.86883557e-01
-3.86672825e-01
-3.86458486e-01
-3.86240482e-01
-3.86018872e-01
-3.85793626e-01
-3.85564744e-01
-3.85332227e-01
-3.85096073e-01
-3.84856284e-01
-3.84612858e-01
-3.84365797e-01
-3.84115100e-01
-3.83860767e-01
-3.83602798e-01
-3.83341193e-01
-3.83075953e-01
-3.82807076e-01
-3.82534623e-01
-3.82258594e-01
-3.81978989e-01
-3.81695807e-01
-3.81409049e-01
-3.81118715e-01
-3.80824804e-01
-3.80527318e-01
-3.80226254e-01
-3.79921615e-01
-3.79613429e-01
-3.79301637e-01
-3.78986269e-01
-3.78667355e-01
-3.78344864e-01
-3.78018796e-01
-3.77689183e-01
-3.77355993e-01
-3.77019286e-01
-3.76679003e-01
-3.76335204e-01
-3.75987828e-01
-3.75636935e-01
-3.75282466e-01
-3.74924511e-01
-3.74562979e-01
-3.74197960e-01
-3.73829395e-01
-3.73457342e-01
-3.73081744e-01
-3.72702658e-01
-3.72320026e-01
-3.71933907e-01
-3.71544272e-01
-3.71151119e-01
-3.70754451e-01
-3.70354295e-01
-3.69950652e-01
-3.69543552e-01
-3.69132996e-01
-3.68718952e-01
-3.68301451e-01
-3.67880523e-01
-3.67456108e-01
-3.67028266e-01
-3.66596997e-01
-3.66162241e-01
-3.65724057e-01
-3.65282446e-01
-3.64837378e-01
-3.64388883e-01
-3.63936961e-01
-3.63481641e-01
-3.63022864e-01
-3.62560689e-01
-3.62095118e-01
-3.61626148e-01
-3.61153752e-01
-3.60677958e-01
-3.60198766e-01
-3.59716177e-01
-3.59230191e-01
-3.58740807e-01
-3.58248055e-01
-3.57751876e-01
-3.57252330e-01
-3.56749415e-01
-3.56243193e-01
-3.55733663e-01
-3.55220795e-01
-3.54704618e-01
-3.54185075e-01
-3.53662223e-01
-3.53136033e-01
-3.52606535e-01
-3.52073729e-01
-3.51537615e-01
-3.50998193e-01
-3.50455463e-01
-3.49909455e-01
-3.49360108e-01
-3.48807514e-01
-3.48251641e-01
-3.47692490e-01
-3.47130060e-01
-3.46564323e-01
-3.45995367e-01
-3.45423102e-01
-3.44847590e-01
-3.44268829e-01
-3.43686849e-01
-3.43101650e-01
-3.42513233e-01
-3.41921598e-01
-3.41326743e-01
-3.40728700e-01
-3.40127438e-01
-3.39523017e-01
-3.38915348e-01
-3.38304549e-01
-3.37690532e-01
-3.37073356e-01
-3.36452991e-01
-3.35829496e-01
-3.35202813e-01
-3.34573001e-01
-3.33939999e-01
-3.33303839e-01
-3.32664549e-01
-3.32022101e-01
-3.31376553e-01
-3.30727905e-01
-3.30076158e-01
-3.29421282e-01
-3.28763336e-01
-3.28102291e-01
-3.27438176e-01
-3.26770961e-01
-3.26100707e-01
-3.25427353e-01
-3.24750990e-01
-3.24071527e-01
-3.23389053e-01
-3.22703511e-01
-3.22014958e-01
-3.21323335e-01
-3.20628703e-01
-3.19931060e-01
-3.19230378e-01
-3.18526745e-01
-3.17820102e-01
-3.17110509e-01
-3.16397905e-01
-3.15682352e-01
-3.14963847e-01
-3.14242333e-01
-3.13517898e-01
-3.12790543e-01
-3.12060207e-01
-3.11326921e-01
-3.10590714e-01
-3.09851617e-01
-3.09109539e-01
-3.08364570e-01
-3.07616681e-01
-3.06865871e-01
-3.06112140e-01
-3.05355579e-01
-3.04596186e-01
-3.03833961e-01
-3.03068906e-01
-3.02301019e-01
-3.01530272e-01
-3.00756723e-01
-2.99980342e-01
-2.99201131e-01
-2.98419118e-01
-2.97634274e-01
-2.96846688e-01
-2.96056271e-01
-2.95263052e-01
-2.94467092e-01
-2.93668330e-01
-2.92866826e-01
-2.92062551e-01
-2.91255563e-01
-2.90445864e-01
-2.89633423e-01
-2.88818240e-01
-2.88000375e-01
-2.87179798e-01
-2.86356509e-01
-2.85530567e-01
-2.84701943e-01
-2.83870637e-01
-2.83036649e-01
-2.82199979e-01
-2.81360626e-01
-2.80518651e-01
-2.79674053e-01
-2.78826833e-01
-2.77976990e-01
-2.77124524e-01
-2.76269436e-01
-2.75411814e-01
-2.74551570e-01
-2.73688793e-01
-2.72823393e-01
-2.71955460e-01
-2.71084934e-01
-2.70211905e-01
-2.69336313e-01
-2.68458217e-01
-2.67577589e-01
-2.66694456e-01
-2.65808821e-01
-2.64920682e-01
-2.64030069e-01
-2.63136983e-01
-2.62241423e-01
-2.61343390e-01
-2.60442913e-01
-2.59539992e-01
-2.58634627e-01
-2.57726818e-01
-2.56816596e-01
-2.55903929e-01
-2.54988849e-01
-2.54071414e-01
-2.53151625e-01
-2.52229512e-01
-2.51304984e-01
-2.50378132e-01
-2.49448895e-01
-2.48517334e-01
-2.47583434e-01
-2.46647224e-01
-2.45708689e-01
-2.44767845e-01
-2.43824720e-01
-2.42879301e-01
-2.41931617e-01
-2.40981638e-01
-2.40029410e-01
-2.39074931e-01
-2.38118216e-01
-2.37159252e-01
-2.36198068e-01
-2.35234693e-01
-2.34269083e-01
-2.33301282e-01
-2.32331306e-01
-2.31359139e-01
-2.30384812e-01
-2.29408324e-01
-2.28429690e-01
-2.27448896e-01
-2.26465970e-01
-2.25480944e-01
-2.24493787e-01
-2.23504543e-01
-2.22513184e-01
-2.21519753e-01
-2.20524222e-01
-2.19526649e-01
-2.18527004e-01
-2.17525318e-01
-2.16521591e-01
-2.15515852e-01
-2.14508086e-01
-2.13498294e-01
-2.12486520e-01
-2.11472750e-01
-2.10457012e-01
-2.09439278e-01
-2.08419591e-01
-2.07397938e-01
-2.06374362e-01
-2.05348849e-01
-2.04321414e-01
-2.03292057e-01
-2.02260807e-01
-2.01227665e-01
-2.00192645e-01
-1.99155733e-01
-1.98116958e-01
-1.97076336e-01
-1.96033880e-01
-1.94989577e-01
-1.93943456e-01
-1.92895517e-01
-1.91845760e-01
-1.90794215e-01
-1.89740896e-01
-1.88685790e-01
-1.87628940e-01
-1.86570302e-01
-1.85509920e-01
-1.84447825e-01
-1.83384001e-01
-1.82318449e-01
-1.81251213e-01
-1.80182263e-01
-1.79111615e-01
-1.78039312e-01
-1.76965326e-01
-1.75889701e-01
-1.74812436e-01
-1.73733532e-01
-1.72652990e-01
-1.71570837e-01
-1.70487091e-01
-1.69401765e-01
-1.68314844e-01
-1.67226344e-01
-1.66136280e-01
-1.65044665e-01
-1.63951501e-01
-1.62856802e-01
-1.61760598e-01
-1.60662860e-01
-1.59563631e-01
-1.58462927e-01
-1.57360747e-01
-1.56257078e-01
-1.55151963e-01
-1.54045388e-01
-1.52937382e-01
-1.51827946e-01
-1.50717109e-01
-1.49604842e-01
-1.48491204e-01
-1.47376165e-01
-1.46259770e-01
-1.45141989e-01
-1.44022867e-01
-1.42902404e-01
-1.41780600e-01
-1.40657470e-01
-1.39533028e-01
-1.38407305e-01
-1.37280270e-01
-1.36151969e-01
-1.35022387e-01
-1.33891553e-01
-1.32759467e-01
-1.31626129e-01
-1.30491599e-01
-1.29355833e-01
-1.28218859e-01
-1.27080709e-01
-1.25941381e-01
-1.24800883e-01
-1.23659216e-01
-1.22516394e-01
-1.21372432e-01
-1.20227344e-01
-1.19081140e-01
-1.17933825e-01
-1.16785422e-01
-1.15635924e-01
-1.14485361e-01
-1.13333724e-01
-1.12181038e-01
-1.11027300e-01
-1.09872542e-01
-1.08716764e-01
-1.07559979e-01
-1.06402189e-01
-1.05243407e-01
-1.04083657e-01
-1.02922939e-01
-1.01761259e-01
-1.00598648e-01
-9.94350985e-02
-9.82706323e-02
-9.71052572e-02
-9.59389806e-02
-9.47718099e-02
-9.36037675e-02
-9.24348533e-02
-9.12650898e-02
-9.00944769e-02
-8.89230371e-02
-8.77507702e-02
-8.65776986e-02
-8.54038224e-02
-8.42291564e-02
-8.30537155e-02
-8.18775147e-02
-8.07005540e-02
-7.95228407e-02
-7.83444047e-02
-7.71652386e-02
-7.59853646e-02
-7.48047903e-02
-7.36235306e-02
-7.24415928e-02
-7.12589845e-02
-7.00757280e-02
-6.88918233e-02
-6.77072853e-02
-6.65221214e-02
-6.53363466e-02
-6.41499758e-02
-6.29630238e-02
-6.17754906e-02
-6.05873875e-02
-5.93987368e-02
-5.82095347e-02
-5.70198037e-02
-5.58295548e-02
-5.46387956e-02
-5.34475371e-02
-5.22557981e-02
-5.10635786e-02
-4.98708971e-02
-4.86777611e-02
-4.74841855e-02
-4.62901779e-02
-4.50957529e-02
-4.39009257e-02
-4.27056961e-02
-4.15100828e-02
-4.03140970e-02
-3.91177461e-02
-3.79210450e-02
-3.67240049e-02
-3.55266370e-02
-3.43289524e-02
-3.31309587e-02
-3.19326743e-02
-3.07341013e-02
-2.95352619e-02
-2.83361636e-02
-2.71368138e-02
-2.59372257e-02
-2.47374121e-02
-2.35373843e-02
-2.23371517e-02
-2.11367253e-02
-1.99361183e-02
-1.87353417e-02
-1.75344069e-02
-1.63333267e-02
-1.51321040e-02
-1.39307734e-02
-1.27292760e-02
-1.15278503e-02
-1.03257839e-02
-9.12538823e-03
-7.91937299e-03
-6.73092669e-03
-5.48650045e-03
-4.41982411e-03
-2.79459939e-03
-3.06951511e-03
-5.96046448e-08
5.96046448e-08
3.06951511e-03
