4.35260183e-04
1.20194838e-03
2.48636329e-03
4.34686057e-03
6.70672860e-03
9.41990223e-03
1.23398071e-02
1.53590124e-02
1.84160694e-02
2.14835741e-02
2.45524812e-02
2.76209824e-02
3.06890737e-02
3.37568596e-02
3.68243344e-02
3.98914628e-02
4.29582149e-02
4.60245609e-02
4.90904748e-02
5.21559305e-02
5.52208908e-02
5.82853332e-02
6.13492206e-02
6.44125342e-02
6.74752444e-02
7.05373138e-02
7.35987127e-02
7.66594261e-02
7.97194168e-02
8.27786550e-02
8.58371109e-02
8.88947546e-02
9.19515640e-02
9.50075090e-02
9.80625600e-02
1.01116695e-01
1.04169875e-01
1.07222073e-01
1.10273249e-01
1.13323398e-01
1.16372474e-01
1.19420461e-01
1.22467309e-01
1.25513002e-01
1.28557533e-01
1.31600842e-01
1.34642914e-01
1.37683704e-01
1.40723214e-01
1.43761382e-01
1.46798208e-01
1.49833649e-01
1.52867675e-01
1.55900255e-01
1.58931360e-01
1.61960974e-01
1.64989084e-01
1.68015614e-01
1.71040580e-01
1.74063921e-01
1.77085638e-01
1.80105671e-01
1.83124006e-01
1.86140627e-01
1.89155474e-01
1.92168564e-01
1.95179820e-01
1.98189259e-01
2.01196820e-01
2.04202503e-01
2.07206249e-01
2.10208029e-01
2.13207841e-01
2.16205642e-01
2.19201401e-01
2.22195089e-01
2.25186706e-01
2.28176177e-01
2.31163517e-01
2.34148681e-01
2.37131625e-01
2.40112349e-01
2.43090793e-01
2.46066943e-01
2.49040797e-01
2.52012283e-01
2.54981428e-01
2.57948160e-01
2.60912448e-01
2.63874263e-01
2.66833633e-01
2.69790441e-01
2.72744775e-01
2.75696486e-01
2.78645605e-01
2.81592101e-01
2.84535974e-01
2.87477106e-01
2.90415555e-01
2.93351293e-01
2.96284258e-01
2.99214393e-01
3.02141726e-01
3.05066228e-01
3.07987869e-01
3.10906589e-01
3.13822389e-01
3.16735238e-01
3.19645107e-01
3.22551936e-01
3.25455725e-01
3.28356475e-01
3.31254095e-01
3.34148645e-01
3.37040007e-01
3.39928240e-01
3.42813224e-01
3.45694989e-01
3.48573506e-01
3.51448715e-01
3.54320645e-01
3.57189208e-01
3.60054433e-01
3.62916231e-01
3.65774632e-01
3.68629575e-01
3.71481061e-01
3.74329031e-01
3.77173483e-01
3.80014390e-01
3.82851720e-01
3.85685444e-01
3.88515532e-01
3.91341925e-01
3.94164652e-01
3.96983683e-01
3.99798959e-01
4.02610451e-01
4.05418158e-01
4.08222049e-01
4.11022127e-01
4.13818300e-01
4.16610569e-01
4.19398934e-01
4.22183335e-01
4.24963772e-01
4.27740186e-01
4.30512577e-01
4.33280945e-01
4.36045170e-01
4.38805342e-01
4.41561341e-01
4.44313198e-01
4.47060853e-01
4.49804306e-01
4.52543497e-01
4.55278426e-01
4.58009094e-01
4.60735470e-01
4.63457495e-01
4.66175109e-01
4.68888342e-01
4.71597165e-01
4.74301547e-01
4.77001488e-01
4.79696900e-01
4.82387811e-01
4.85074192e-01
4.87755984e-01
4.90433156e-01
4.93105739e-01
4.95773613e-01
4.98436898e-01
5.01095414e-01
5.03749251e-01
5.06398320e-01
5.09042680e-01
5.11682272e-01
5.14317036e-01
5.16946912e-01
5.19571841e-01
5.22191942e-01
5.24807096e-01
5.27417302e-01
5.30022562e-01
5.32622814e-01
5.35218060e-01
5.37808299e-01
5.40393472e-01
5.42973459e-01
5.45548439e-01
5.48118234e-01
5.50682783e-01
5.53242207e-01
5.55796444e-01
5.58345437e-01
5.60889184e-01
5.63427687e-01
5.65960824e-01
5.68488598e-01
5.71011066e-01
5.73528111e-01
5.76039791e-01
5.78545988e-01
5.81046820e-01
5.83542109e-01
5.86031914e-01
5.88516176e-01
5.90994954e-01
5.93468130e-01
5.95935762e-01
5.98397672e-01
6.00853980e-01
6.03304684e-01
6.05749667e-01
6.08188987e-01
6.10622525e-01
6.13050401e-01
6.15472436e-01
6.17888689e-01
6.20299101e-01
6.22703671e-01
6.25102282e-01
6.27495110e-01
6.29881978e-01
6.32262886e-01
6.34637892e-01
6.37006938e-01
6.39370024e-01
6.41727030e-01
6.44077957e-01
6.46422863e-01
6.48761570e-01
6.51094258e-01
6.53420806e-01
6.55741155e-01
6.58055365e-01
6.60363376e-01
6.62665188e-01
6.64960742e-01
6.67250037e-01
6.69533014e-01
6.71809733e-01
6.74080074e-01
6.76344037e-01
6.78601682e-01
6.80852890e-01
6.83097720e-01
6.85336113e-01
6.87568069e-01
6.89793527e-01
6.92012548e-01
6.94225013e-01
6.96430862e-01
6.98630214e-01
7.00822949e-01
7.03009069e-01
7.05188572e-01
7.07361460e-01
7.09527671e-01
7.11687207e-01
7.13840067e-01
7.15986192e-01
7.18125582e-01
7.20258117e-01
7.22383916e-01
7.24502861e-01
7.26615071e-01
7.28720367e-01
7.30818868e-01
7.32910454e-01
7.34995127e-01
7.37072825e-01
7.39143670e-01
7.41207480e-01
7.43264318e-01
7.45314181e-01
7.47357011e-01
7.49392867e-01
7.51421571e-01
7.53443182e-01
7.55457759e-01
7.57465184e-01
7.59465456e-01
7.61458576e-01
7.63444543e-01
7.65423357e-01
7.67394960e-01
7.69359291e-01
7.71316350e-01
7.73266196e-01
7.75208712e-01
7.77143896e-01
7.79071808e-01
7.80992329e-01
7.82905579e-01
7.84811378e-01
7.86709785e-01
7.88600802e-01
7.90484428e-01
7.92360604e-01
7.94229269e-01
7.96090484e-01
7.97944129e-01
7.99790323e-01
8.01628947e-01
8.03460002e-01
8.05283487e-01
8.07099402e-01
8.08907747e-01
8.10708463e-01
8.12501550e-01
8.14287007e-01
8.16064775e-01
8.17834914e-01
8.19597244e-01
8.21351886e-01
8.23098779e-01
8.24837923e-01
8.26569200e-01
8.28292847e-01
8.30008626e-01
8.31716597e-01
8.33416641e-01
8.35108876e-01
8.36793244e-01
8.38469744e-01
8.40138376e-01
8.41799140e-01
8.43451917e-01
8.45096767e-01
8.46733570e-01
8.48362446e-01
8.49983275e-01
8.51596177e-01
8.53201032e-01
8.54797840e-01
8.56386662e-01
8.57967377e-01
8.59539926e-01
8.61104429e-01
8.62660885e-01
8.64209116e-01
8.65749240e-01
8.67281199e-01
8.68804991e-01
8.70320618e-01
8.71828079e-01
8.73327255e-01
8.74818265e-01
8.76300991e-01
8.77775490e-01
8.79241705e-01
8.80699694e-01
8.82149279e-01
8.83590579e-01
8.85023534e-01
8.86448145e-01
8.87864470e-01
8.89272392e-01
8.90671968e-01
8.92063141e-01
8.93445909e-01
8.94820273e-01
8.96186173e-01
8.97543609e-01
8.98892641e-01
9.00233209e-01
9.01565254e-01
9.02888834e-01
9.04203832e-01
9.05510366e-01
9.06808376e-01
9.08097863e-01
9.09378767e-01
9.10651088e-01
9.11914825e-01
9.13169980e-01
9.14416552e-01
9.15654540e-01
9.16883886e-01
9.18104589e-01
9.19316590e-01
9.20519948e-01
9.21714664e-01
9.22900736e-01
9.24078107e-01
9.25246716e-01
9.26406622e-01
9.27557766e-01
9.28700209e-01
9.29833889e-01
9.30958748e-01
9.32074964e-01
9.33182299e-01
9.34280932e-01
9.35370684e-01
9.36451614e-01
9.37523723e-01
9.38587070e-01
9.39641535e-01
9.40687120e-01
9.41723883e-01
9.42751706e-01
9.43770707e-01
9.44780827e-01
9.45782006e-01
9.46774304e-01
9.47757721e-01
9.48732138e-01
9.49697673e-01
9.50654268e-01
9.51601863e-01
9.52540457e-01
9.53470051e-01
9.54390705e-01
9.55302477e-01
9.56205130e-01
9.57098782e-01
9.57983434e-01
9.58859086e-01
9.59725678e-01
9.60583210e-01
9.61431682e-01
9.62271154e-01
9.63101506e-01
9.63922799e-01
9.64735031e-01
9.65538144e-01
9.66332197e-01
9.67117131e-01
9.67893004e-01
9.68659699e-01
9.69417274e-01
9.70165730e-01
9.70905006e-01
9.71635163e-01
9.72356200e-01
9.73067999e-01
9.73770678e-01
9.74464178e-01
9.75148439e-01
9.75823641e-01
9.76489484e-01
9.77146208e-01
9.77793753e-01
9.78432059e-01
9.79061186e-01
9.79681075e-01
9.80291724e-01
9.80893135e-01
9.81485307e-01
9.82068181e-01
9.82641876e-01
9.83206272e-01
9.83761430e-01
9.84307289e-01
9.84843910e-01
9.85371292e-01
9.85889316e-01
9.86398041e-01
9.86897469e-01
9.87387598e-01
9.87868488e-01
9.88340080e-01
9.88802314e-01
9.89255190e-01
9.89698827e-01
9.90133047e-01
9.90557969e-01
9.90973651e-01
9.91379917e-01
9.91776884e-01
9.92164433e-01
9.92542684e-01
9.92911577e-01
9.93271112e-01
9.93621349e-01
9.93962109e-01
9.94293571e-01
9.94615674e-01
9.94928360e-01
9.95231688e-01
9.95525658e-01
9.95810270e-01
9.96085465e-01
9.96351302e-01
9.96607721e-01
9.96854722e-01
9.97092366e-01
9.97320652e-01
9.97539520e-01
9.97749031e-01
9.97949064e-01
9.98139739e-01
9.98320997e-01
9.98492837e-01
9.98655260e-01
9.98808265e-01
9.98951852e-01
9.99086142e-01
9.99210954e-01
9.99326348e-01
9.99432325e-01
9.99528825e-01
9.99615967e-01
9.99693692e-01
9.99761999e-01
9.99820948e-01
9.99870360e-01
9.99910414e-01
9.99940991e-01
9.99962211e-01
9.99974012e-01
9.99976337e-01
9.99969304e-01
9.99952853e-01
9.99926925e-01
9.99891579e-01
9.99846816e-01
9.99792635e-01
9.99729037e-01
9.99656022e-01
9.99573648e-01
9.99481738e-01
9.99380469e-01
9.99269783e-01
9.99149680e-01
9.99020219e-01
9.98881280e-01
9.98732984e-01
9.98575211e-01
9.98408079e-01
9.98231530e-01
9.98045623e-01
9.97850239e-01
9.97645438e-01
9.97431278e-01
9.97207701e-01
9.96974707e-01
9.96732354e-01
9.96480703e-01
9.96219575e-01
9.95949090e-01
9.95669186e-01
9.95379925e-01
9.95081246e-01
9.94773209e-01
9.94455814e-01
9.94129062e-01
9.93792892e-01
9.93447363e-01
9.93092477e-01
9.92728293e-01
9.92354751e-01
9.91971791e-01
9.91579533e-01
9.91177917e-01
9.90766943e-01
9.90346670e-01
9.89917040e-01
9.89478111e-01
9.89029825e-01
9.88572299e-01
9.88105416e-01
9.87629175e-01
9.87143695e-01
9.86648917e-01
9.86144841e-01
9.85631406e-01
9.85108733e-01
9.84576762e-01
9.84035492e-01
9.83484983e-01
9.82925177e-01
9.82356191e-01
9.81777906e-01
9.81190324e-01
9.80593562e-01
9.79987562e-01
9.79372323e-01
9.78747785e-01
9.78114069e-01
9.77471113e-01
9.76819038e-01
9.76157665e-01
9.75487173e-01
9.74807501e-01
9.74118590e-01
9.73420501e-01
9.72713232e-01
9.71996784e-01
9.71271276e-01
9.70536530e-01
9.69792664e-01
9.69039619e-01
9.68277514e-01
9.67506170e-01
9.66725767e-01
9.65936363e-01
9.65137720e-01
9.64330077e-01
9.63513315e-01
9.62687492e-01
9.61852551e-01
9.61008608e-01
9.60155547e-01
9.59293485e-01
9.58422363e-01
9.57542241e-01
9.56653178e-01
9.55754995e-01
9.54847753e-01
9.53931570e-01
9.53006327e-01
9.52072203e-01
9.51129138e-01
9.50177014e-01
9.49215949e-01
9.48245943e-01
9.47267056e-01
9.46279287e-01
9.45282459e-01
9.44276810e-01
9.43262279e-01
9.42238808e-01
9.41206574e-01
9.40165341e-01
9.39115345e-01
9.38056469e-01
9.36988711e-01
9.35912192e-01
9.34826791e-01
9.33732629e-01
9.32629704e-01
9.31517959e-01
9.30397332e-01
9.29268062e-01
9.28129971e-01
9.26983237e-01
9.25827682e-01
9.24663424e-01
9.23490465e-01
9.22308803e-01
9.21118498e-01
9.19919431e-01
9.18711662e-01
9.17495310e-01
9.16270316e-01
9.15036678e-01
9.13794398e-01
9.12543535e-01
9.11284089e-01
9.10016060e-01
9.08739448e-01
9.07454193e-01
9.06160474e-01
9.04858172e-01
9.03547406e-01
9.02228057e-01
9.00900245e-01
8.99563909e-01
8.98219168e-01
8.96865964e-01
8.95504296e-01
8.94134164e-01
8.92755568e-01
8.91368628e-01
8.89973223e-01
8.88569474e-01
8.87157381e-01
8.85736942e-01
8.84308100e-01
8.82870972e-01
8.81425440e-01
8.79971683e-01
8.78509581e-01
8.77039313e-01
8.75560641e-01
8.74073803e-01
8.72578740e-01
8.71075451e-01
8.69563878e-01
8.68044198e-01
8.66516292e-01
8.64980221e-01
8.63436043e-01
8.61883700e-01
8.60323250e-01
8.58754694e-01
8.57178032e-01
8.55593264e-01
8.54000449e-01
8.52399647e-01
8.50790739e-01
8.49173844e-01
8.47549021e-01
8.45916152e-01
8.44275296e-01
8.42626512e-01
8.40969741e-01
8.39305043e-01
8.37632477e-01
8.35952044e-01
8.34263742e-01
8.32567573e-01
8.30863535e-01
8.29151690e-01
8.27432036e-01
8.25704575e-01
8.23969364e-01
8.22226346e-01
8.20475578e-01
8.18717062e-01
8.16950858e-01
8.15176904e-01
8.13395321e-01
8.11606050e-01
8.09809208e-01
8.08004737e-01
8.06192577e-01
8.04372787e-01
8.02545488e-01
8.00710618e-01
7.98868179e-01
7.97018230e-01
7.95160830e-01
7.93295920e-01
7.91423500e-01
7.89543569e-01
7.87656248e-01
7.85761535e-01
7.83859432e-01
7.81949937e-01
7.80032992e-01
7.78108776e-01
7.76177227e-01
7.74238348e-01
7.72292137e-01
7.70338714e-01
7.68378019e-01
7.66410053e-01
7.64434814e-01
7.62452424e-01
7.60462880e-01
7.58466184e-01
7.56462336e-01
7.54451394e-01
7.52433300e-01
7.50408113e-01
7.48375893e-01
7.46336579e-01
7.44290292e-01
7.42236912e-01
7.40176499e-01
7.38109112e-01
7.36034811e-01
7.33953595e-01
7.31865466e-01
7.29770482e-01
7.27668643e-01
7.25559890e-01
7.23444343e-01
7.21321940e-01
7.19192803e-01
7.17056811e-01
7.14914024e-01
7.12764502e-01
7.10608304e-01
7.08445430e-01
7.06275880e-01
7.04099655e-01
7.01916814e-01
6.99727356e-01
6.97531343e-01
6.95328712e-01
6.93119586e-01
6.90903902e-01
6.88681662e-01
6.86452925e-01
6.84217751e-01
6.81976199e-01
6.79728210e-01
6.77473724e-01
6.75212920e-01
6.72945678e-01
6.70672178e-01
6.68392301e-01
6.66106224e-01
6.63813829e-01
6.61515117e-01
6.59210205e-01
6.56899095e-01
6.54581845e-01
6.52258396e-01
6.49928749e-01
6.47593081e-01
6.45251215e-01
6.42903268e-01
6.40549302e-01
6.38189256e-01
6.35823190e-01
6.33451164e-01
6.31073177e-01
6.28689289e-01
6.26299441e-01
6.23903692e-01
6.21502042e-01
6.19094610e-01
6.16681278e-01
6.14262164e-01
6.11837208e-01
6.09406471e-01
6.06970012e-01
6.04527891e-01
6.02080107e-01
5.99626601e-01
5.97167432e-01
5.94702721e-01
5.92232347e-01
5.89756370e-01
5.87274790e-01
5.84787726e-01
5.82295120e-01
5.79797029e-01
5.77293575e-01
5.74784577e-01
5.72270274e-01
5.69750488e-01
5.67225397e-01
5.64694881e-01
5.62159121e-01
5.59617996e-01
5.57071626e-01
5.54520071e-01
5.51963210e-01
5.49401164e-01
5.46833932e-01
5.44261634e-01
5.41684151e-01
5.39101541e-01
5.36513865e-01
5.33921123e-01
5.31323373e-01
5.28720617e-01
5.26112854e-01
5.23500144e-01
5.20882487e-01
5.18260002e-01
5.15632570e-01
5.13000250e-01
5.10363102e-01
5.07721126e-01
5.05074382e-01
5.02422929e-01
4.99766797e-01
4.97105896e-01
4.94440317e-01
4.91770059e-01
4.89095181e-01
4.86415684e-01
4.83731598e-01
4.81042981e-01
4.78349805e-01
4.75652099e-01
4.72949952e-01
4.70243335e-01
4.67532307e-01
4.64816868e-01
4.62097079e-01
4.59372878e-01
4.56644356e-01
4.53911543e-01
4.51174468e-01
4.48433131e-01
4.45687562e-01
4.42937791e-01
4.40183848e-01
4.37425762e-01
4.34663564e-01
4.31897283e-01
4.29126918e-01
4.26352531e-01
4.23574090e-01
4.20791656e-01
4.18005288e-01
4.15214986e-01
4.12420779e-01
4.09622610e-01
4.06820625e-01
4.04014826e-01
4.01205212e-01
3.98391813e-01
3.95574659e-01
3.92753780e-01
3.89929235e-01
3.87100965e-01
3.84269089e-01
3.81433547e-01
3.78594428e-01
3.75751734e-01
3.72905523e-01
3.70055795e-01
3.67202580e-01
3.64345878e-01
3.61485779e-01
3.58622253e-01
3.55755359e-01
3.52885097e-01
3.50011528e-01
3.47134650e-01
3.44254524e-01
3.41371149e-01
3.38484555e-01
3.35594743e-01
3.32701802e-01
3.29805702e-01
3.26906532e-01
3.24004263e-01
3.21098924e-01
3.18190545e-01
3.15279186e-01
3.12364876e-01
3.09447646e-01
3.06527466e-01
3.03604394e-01
3.00678462e-01
2.97749698e-01
2.94818133e-01
2.91883796e-01
2.88946688e-01
2.86006868e-01
2.83064365e-01
2.80119210e-01
2.77171403e-01
2.74220973e-01
2.71267951e-01
2.68312365e-01
2.65354306e-01
2.62393683e-01
2.59430647e-01
2.56465137e-01
2.53497213e-01
2.50526905e-01
2.47554228e-01
2.44579211e-01
2.41601899e-01
2.38622323e-01
2.35640466e-01
2.32656389e-01
2.29670152e-01
2.26681724e-01
2.23691180e-01
2.20698535e-01
2.17703819e-01
2.14707032e-01
2.11708233e-01
2.08707407e-01
2.05704644e-01
2.02699929e-01
1.99693307e-01
1.96684808e-01
1.93674445e-01
1.90662280e-01
1.87648311e-01
1.84632570e-01
1.81615084e-01
1.78595901e-01
1.75575018e-01
1.72552496e-01
1.69528335e-01
1.66502595e-01
1.63475275e-01
1.60446405e-01
1.57416031e-01
1.54384166e-01
1.51350856e-01
1.48316130e-01
1.45279989e-01
1.42242491e-01
1.39203653e-01
1.36163488e-01
1.33122042e-01
1.30079359e-01
1.27035439e-01
1.23990327e-01
1.20944053e-01
1.17896639e-01
1.14848107e-01
1.11798495e-01
1.08747825e-01
1.05696127e-01
1.02643445e-01
9.95897949e-02
9.65352058e-02
9.34797004e-02
9.04233158e-02
8.73660818e-02
8.43080208e-02
8.12491626e-02
7.81895444e-02
7.51291886e-02
7.20681325e-02
6.90063909e-02
6.59440011e-02
6.28809854e-02
5.98173812e-02
5.67532070e-02
5.36885038e-02
5.06232902e-02
4.75576036e-02
4.44914699e-02
4.14249189e-02
3.83579768e-02
3.52906734e-02
3.22230347e-02
2.91550905e-02
2.60868743e-02
2.30184104e-02
1.99497323e-02
1.68808661e-02
1.38118397e-02
1.07426830e-02
7.67342560e-03
4.60409606e-03
1.53472333e-03
-1.53466396e-03
-4.60403692e-03
-7.67336693e-03
-1.07426243e-02
-1.38117801e-02
-1.68808047e-02
-1.99496727e-02
-2.30183527e-02
-2.60868147e-02
-2.91550327e-02
-3.22229750e-02
-3.52906138e-02
-3.83579172e-02
-4.14248593e-02
-4.44914103e-02
-4.75575440e-02
-5.06232344e-02
-5.36884442e-02
-5.67531474e-02
-5.98173141e-02
-6.28809184e-02
-6.59439340e-02
-6.90063313e-02
-7.20680729e-02
-7.51291364e-02
-7.81894848e-02
-8.12491030e-02
-8.43079612e-02
-8.73660147e-02
-9.04232562e-02
-9.34796333e-02
-9.65351388e-02
-9.95897278e-02
-1.02643386e-01
-1.05696075e-01
-1.08747765e-01
-1.11798428e-01
-1.14848040e-01
-1.17896572e-01
-1.20943993e-01
-1.23990275e-01
-1.27035394e-01
-1.30079314e-01
-1.33121997e-01
-1.36163443e-01
-1.39203593e-01
-1.42242432e-01
-1.45279929e-01
-1.48316070e-01
-1.51350796e-01
-1.54384106e-01
-1.57415971e-01
-1.60446346e-01
-1.63475215e-01
-1.66502535e-01
-1.69528291e-01
-1.72552437e-01
-1.75574958e-01
-1.78595841e-01
-1.81615025e-01
-1.84632510e-01
-1.87648252e-01
-1.90662220e-01
-1.93674400e-01
-1.96684748e-01
-1.99693248e-01
-2.02699855e-01
-2.05704570e-01
-2.08707348e-01
-2.11708158e-01
-2.14706957e-01
-2.17703745e-01
-2.20698476e-01
-2.23691121e-01
-2.26681679e-01
-2.29670092e-01
-2.32656345e-01
-2.35640407e-01
-2.38622248e-01
-2.41601825e-01
-2.44579136e-01
-2.47554138e-01
-2.50526816e-01
-2.53497154e-01
-2.56465077e-01
-2.59430587e-01
-2.62393624e-01
-2.65354216e-01
-2.68312335e-01
-2.71267921e-01
-2.74220914e-01
-2.77171344e-01
-2.80119151e-01
-2.83064336e-01
-2.86006838e-01
-2.88946658e-01
-2.91883767e-01
-2.94818103e-01
-2.97749668e-01
-3.00678432e-01
-3.03604335e-01
-3.06527406e-01
-3.09447587e-01
-3.12364846e-01
-3.15279156e-01
-3.18190515e-01
-3.21098864e-01
-3.24004203e-01
-3.26906472e-01
-3.29805672e-01
-3.32701772e-01
-3.35594714e-01
-3.38484496e-01
-3.41371089e-01
-3.44254464e-01
-3.47134620e-01
-3.50011468e-01
-3.52885038e-01
-3.55755299e-01
-3.58622193e-01
-3.61485720e-01
-3.64345819e-01
-3.67202491e-01
-3.70055735e-01
-3.72905463e-01
-3.75751674e-01
-3.78594369e-01
-3.81433487e-01
-3.84268999e-01
-3.87100875e-01
-3.89929116e-01
-3.92753720e-01
-3.95574600e-01
-3.98391753e-01
-4.01205152e-01
-4.04014766e-01
-4.06820595e-01
-4.09622580e-01
-4.12420690e-01
-4.15214896e-01
-4.18005228e-01
-4.20791596e-01
-4.23574030e-01
-4.26352441e-01
-4.29126859e-01
-4.31897223e-01
-4.34663534e-01
-4.37425733e-01
-4.40183818e-01
-4.42937732e-01
-4.45687503e-01
-4.48433071e-01
-4.51174408e-01
-4.53911483e-01
-4.56644267e-01
-4.59372789e-01
-4.62096989e-01
-4.64816809e-01
-4.67532277e-01
-4.70243305e-01
-4.72949892e-01
-4.75652069e-01
-4.78349715e-01
-4.81042892e-01
-4.83731538e-01
-4.86415654e-01
-4.89095122e-01
-4.91770029e-01
-4.94440258e-01
-4.97105837e-01
-4.99766737e-01
-5.02422929e-01
-5.05074441e-01
-5.07721126e-01
-5.10363042e-01
-5.13000190e-01
-5.15632451e-01
-5.18259883e-01
-5.20882368e-01
-5.23500025e-01
-5.26112735e-01
-5.28720498e-01
-5.31323254e-01
-5.33921003e-01
-5.36513746e-01
-5.39101422e-01
-5.41684091e-01
-5.44261575e-01
-5.46833873e-01
-5.49401104e-01
-5.51963151e-01
-5.54519951e-01
-5.57071567e-01
-5.59617937e-01
-5.62159061e-01
-5.64694881e-01
-5.67225337e-01
-5.69750488e-01
-5.72270215e-01
-5.74784577e-01
-5.77293515e-01
-5.79797089e-01
-5.82295120e-01
-5.84787667e-01
-5.87274730e-01
-5.89756310e-01
-5.92232287e-01
-5.94702661e-01
-5.97167432e-01
-5.99626601e-01
-6.02080047e-01
-6.04527831e-01
-6.06969953e-01
-6.09406412e-01
-6.11837149e-01
-6.14262104e-01
-6.16681278e-01
-6.19094551e-01
-6.21502042e-01
-6.23903692e-01
-6.26299441e-01
-6.28689289e-01
-6.31073236e-01
-6.33451164e-01
-6.35823131e-01
-6.38189197e-01
-6.40549183e-01
-6.42903149e-01
-6.45251095e-01
-6.47592902e-01
-6.49928689e-01
-6.52258277e-01
-6.54581726e-01
-6.56899035e-01
-6.59210145e-01
-6.61515057e-01
-6.63813770e-01
-6.66106224e-01
-6.68392360e-01
-6.70672178e-01
-6.72945678e-01
-6.75212920e-01
-6.77473724e-01
-6.79728091e-01
-6.81976140e-01
-6.84217691e-01
-6.86452866e-01
-6.88681602e-01
-6.90903842e-01
-6.93119586e-01
-6.95328772e-01
-6.97531343e-01
-6.99727416e-01
-7.01916814e-01
-7.04099655e-01
-7.06275821e-01
-7.08445370e-01
-7.10608244e-01
-7.12764442e-01
-7.14913964e-01
-7.17056751e-01
-7.19192743e-01
-7.21321940e-01
-7.23444283e-01
-7.25559890e-01
-7.27668643e-01
-7.29770541e-01
-7.31865525e-01
-7.33953595e-01
-7.36034811e-01
-7.38109112e-01
-7.40176439e-01
-7.42236853e-01
-7.44290233e-01
-7.46336579e-01
-7.48375833e-01
-7.50408113e-01
-7.52433300e-01
-7.54451394e-01
-7.56462395e-01
-7.58466184e-01
-7.60462880e-01
-7.62452424e-01
-7.64434814e-01
-7.66410053e-01
-7.68377960e-01
-7.70338655e-01
-7.72292078e-01
-7.74238288e-01
-7.76177168e-01
-7.78108776e-01
-7.80032992e-01
-7.81949878e-01
-7.83859372e-01
-7.85761476e-01
-7.87656188e-01
-7.89543509e-01
-7.91423440e-01
-7.93295920e-01
-7.95160830e-01
-7.97018290e-01
-7.98868179e-01
-8.00710678e-01
-8.02545547e-01
-8.04372787e-01
-8.06192517e-01
-8.08004558e-01
-8.09809089e-01
-8.11605930e-01
-8.13395202e-01
-8.15176845e-01
-8.16950798e-01
-8.18717062e-01
-8.20475578e-01
-8.22226346e-01
-8.23969364e-01
-8.25704634e-01
-8.27432096e-01
-8.29151690e-01
-8.30863535e-01
-8.32567573e-01
-8.34263682e-01
-8.35952044e-01
-8.37632477e-01
-8.39305043e-01
-8.40969741e-01
-8.42626452e-01
-8.44275236e-01
-8.45916092e-01
-8.47548962e-01
-8.49173844e-01
-8.50790739e-01
-8.52399647e-01
-8.54000509e-01
-8.55593264e-01
-8.57178032e-01
-8.58754694e-01
-8.60323250e-01
-8.61883700e-01
-8.63436043e-01
-8.64980280e-01
-8.66516292e-01
-8.68044198e-01
-8.69563878e-01
-8.71075392e-01
-8.72578740e-01
-8.74073803e-01
-8.75560641e-01
-8.77039254e-01
-8.78509521e-01
-8.79971623e-01
-8.81425440e-01
-8.82870853e-01
-8.84307981e-01
-8.85736883e-01
-8.87157381e-01
-8.88569534e-01
-8.89973223e-01
-8.91368568e-01
-8.92755508e-01
-8.94134104e-01
-8.95504177e-01
-8.96865904e-01
-8.98219168e-01
-8.99563968e-01
-9.00900245e-01
-9.02228117e-01
-9.03547347e-01
-9.04858172e-01
-9.06160474e-01
-9.07454193e-01
-9.08739388e-01
-9.10016000e-01
-9.11284089e-01
-9.12543535e-01
-9.13794458e-01
-9.15036678e-01
-9.16270316e-01
-9.17495310e-01
-9.18711662e-01
-9.19919312e-01
-9.21118379e-01
-9.22308743e-01
-9.23490465e-01
-9.24663424e-01
-9.25827682e-01
-9.26983237e-01
-9.28130031e-01
-9.29268062e-01
-9.30397332e-01
-9.31517899e-01
-9.32629645e-01
-9.33732629e-01
-9.34826851e-01
-9.35912192e-01
-9.36988771e-01
-9.38056469e-01
-9.39115345e-01
-9.40165401e-01
-9.41206515e-01
-9.42238808e-01
-9.43262219e-01
-9.44276750e-01
-9.45282459e-01
-9.46279287e-01
-9.47267115e-01
-9.48246002e-01
-9.49216008e-01
-9.50177073e-01
-9.51129138e-01
-9.52072203e-01
-9.53006327e-01
-9.53931451e-01
-9.54847634e-01
-9.55754876e-01
-9.56653059e-01
-9.57542241e-01
-9.58422363e-01
-9.59293425e-01
-9.60155487e-01
-9.61008549e-01
-9.61852551e-01
-9.62687433e-01
-9.63513255e-01
-9.64330018e-01
-9.65137720e-01
-9.65936303e-01
-9.66725886e-01
-9.67506230e-01
-9.68277454e-01
-9.69039619e-01
-9.69792664e-01
-9.70536530e-01
-9.71271217e-01
-9.71996844e-01
-9.72713232e-01
-9.73420501e-01
-9.74118590e-01
-9.74807501e-01
-9.75487173e-01
-9.76157665e-01
-9.76818979e-01
-9.77471113e-01
-9.78114069e-01
-9.78747785e-01
-9.79372203e-01
-9.79987502e-01
-9.80593503e-01
-9.81190324e-01
-9.81777847e-01
-9.82356191e-01
-9.82925236e-01
-9.83485043e-01
-9.84035492e-01
-9.84576762e-01
-9.85108733e-01
-9.85631406e-01
-9.86144781e-01
-9.86648917e-01
-9.87143755e-01
-9.87629294e-01
-9.88105476e-01
-9.88572359e-01
-9.89029944e-01
-9.89478171e-01
-9.89917159e-01
-9.90346730e-01
-9.90767002e-01
-9.91177917e-01
-9.91579533e-01
-9.91971791e-01
-9.92354751e-01
-9.92728353e-01
-9.93092537e-01
-9.93447363e-01
-9.93792892e-01
-9.94129002e-01
-9.94455755e-01
-9.94773209e-01
-9.95081246e-01
-9.95379925e-01
-9.95669186e-01
-9.95949030e-01
-9.96219575e-01
-9.96480703e-01
-9.96732414e-01
-9.96974766e-01
-9.97207701e-01
-9.97431278e-01
-9.97645438e-01
-9.97850180e-01
-9.98045564e-01
-9.98231590e-01
-9.98408139e-01
-9.98575270e-01
-9.98732984e-01
-9.98881340e-01
-9.99020278e-01
-9.99149799e-01
-9.99269843e-01
-9.99380469e-01
-9.99481797e-01
-9.99573648e-01
-9.99656022e-01
-9.99729037e-01
-9.99792635e-01
-9.99846816e-01
-9.99891579e-01
-9.99926925e-01
-9.99952793e-01
-9.99969304e-01
-9.99976337e-01
-9.99973953e-01
-9.99962211e-01
-9.99940991e-01
-9.99910355e-01
-9.99870300e-01
-9.99820828e-01
-9.99761999e-01
-9.99693692e-01
-9.99615967e-01
-9.99528825e-01
-9.99432266e-01
-9.99326348e-01
-9.99210954e-01
-9.99086142e-01
-9.98951912e-01
-9.98808324e-01
-9.98655319e-01
-9.98492897e-01
-9.98320997e-01
-9.98139799e-01
-9.97949123e-01
-9.97749031e-01
-9.97539520e-01
-9.97320652e-01
-9.97092426e-01
-9.96854782e-01
-9.96607780e-01
-9.96351361e-01
-9.96085525e-01
-9.95810270e-01
-9.95525718e-01
-9.95231748e-01
-9.94928420e-01
-9.94615674e-01
-9.94293571e-01
-9.93962109e-01
-9.93621290e-01
-9.93271112e-01
-9.92911518e-01
-9.92542684e-01
-9.92164373e-01
-9.91776764e-01
-9.91379857e-01
-9.90973592e-01
-9.90557969e-01
-9.90133047e-01
-9.89698768e-01
-9.89255190e-01
-9.88802254e-01
-9.88340020e-01
-9.87868488e-01
-9.87387598e-01
-9.86897469e-01
-9.86398041e-01
-9.85889316e-01
-9.85371232e-01
-9.84843910e-01
-9.84307349e-01
-9.83761489e-01
-9.83206272e-01
-9.82641876e-01
-9.82068181e-01
-9.81485307e-01
-9.80893075e-01
-9.80291724e-01
-9.79681015e-01
-9.79061186e-01
-9.78432059e-01
-9.77793753e-01
-9.77146208e-01
-9.76489544e-01
-9.75823641e-01
-9.75148499e-01
-9.74464178e-01
-9.73770738e-01
-9.73067999e-01
-9.72356200e-01
-9.71635222e-01
-9.70905066e-01
-9.70165730e-01
-9.69417274e-01
-9.68659699e-01
-9.67893004e-01
-9.67117190e-01
-9.66332257e-01
-9.65538204e-01
-9.64735091e-01
-9.63922799e-01
-9.63101506e-01
-9.62271154e-01
-9.61431742e-01
-9.60583210e-01
-9.59725678e-01
-9.58859086e-01
-9.57983434e-01
-9.57098782e-01
-9.56205189e-01
-9.55302477e-01
-9.54390824e-01
-9.53470111e-01
-9.52540457e-01
-9.51601803e-01
-9.50654209e-01
-9.49697673e-01
-9.48732138e-01
-9.47757721e-01
-9.46774364e-01
-9.45782125e-01
-9.44780886e-01
-9.43770766e-01
-9.42751765e-01
-9.41723883e-01
-9.40687180e-01
-9.39641595e-01
-9.38587070e-01
-9.37523723e-01
-9.36451614e-01
-9.35370684e-01
-9.34280872e-01
-9.33182299e-01
-9.32074904e-01
-9.30958807e-01
-9.29833889e-01
-9.28700149e-01
-9.27557707e-01
-9.26406562e-01
-9.25246656e-01
-9.24078047e-01
-9.22900796e-01
-9.21714783e-01
-9.20520067e-01
-9.19316649e-01
-9.18104589e-01
-9.16883886e-01
-9.15654600e-01
-9.14416611e-01
-9.13170040e-01
-9.11914885e-01
-9.10651147e-01
-9.09378827e-01
-9.08097923e-01
-9.06808436e-01
-9.05510366e-01
-9.04203832e-01
-9.02888715e-01
-9.01565194e-01
-9.00233150e-01
-8.98892581e-01
-8.97543609e-01
-8.96186173e-01
-8.94820273e-01
-8.93445909e-01
-8.92063141e-01
-8.90671968e-01
-8.89272392e-01
-8.87864470e-01
-8.86448205e-01
-8.85023534e-01
-8.83590579e-01
-8.82149220e-01
-8.80699635e-01
-8.79241705e-01
-8.77775490e-01
-8.76300991e-01
-8.74818206e-01
-8.73327196e-01
-8.71828020e-01
-8.70320618e-01
-8.68804991e-01
-8.67281258e-01
-8.65749300e-01
-8.64209175e-01
-8.62660885e-01
-8.61104488e-01
-8.59539986e-01
-8.57967436e-01
-8.56386721e-01
-8.54797900e-01
-8.53201091e-01
-8.51596236e-01
-8.49983394e-01
-8.48362446e-01
-8.46733570e-01
-8.45096767e-01
-8.43451917e-01
-8.41799140e-01
-8.40138435e-01
-8.38469863e-01
-8.36793363e-01
-8.35108995e-01
-8.33416760e-01
-8.31716537e-01
-8.30008626e-01
-8.28292847e-01
-8.26569259e-01
-8.24837863e-01
-8.23098779e-01
-8.21351886e-01
-8.19597304e-01
-8.17834914e-01
-8.16064835e-01
-8.14287066e-01
-8.12501609e-01
-8.10708463e-01
-8.08907747e-01
-8.07099462e-01
-8.05283546e-01
-8.03460062e-01
-8.01629007e-01
-7.99790382e-01
-7.97944188e-01
-7.96090543e-01
-7.94229329e-01
-7.92360604e-01
-7.90484488e-01
-7.88600862e-01
-7.86709845e-01
-7.84811437e-01
-7.82905579e-01
-7.80992389e-01
-7.79071808e-01
-7.77143955e-01
-7.75208712e-01
-7.73266196e-01
-7.71316409e-01
-7.69359350e-01
-7.67395020e-01
-7.65423417e-01
-7.63444602e-01
-7.61458635e-01
-7.59465456e-01
-7.57465184e-01
-7.55457759e-01
-7.53443241e-01
-7.51421571e-01
-7.49392867e-01
-7.47357130e-01
-7.45314300e-01
-7.43264437e-01
-7.41207600e-01
-7.39143670e-01
-7.37072825e-01
-7.34995127e-01
-7.32910454e-01
-7.30818868e-01
-7.28720427e-01
-7.26615131e-01
-7.24503040e-01
-7.22384036e-01
-7.20258236e-01
-7.18125582e-01
-7.15986252e-01
-7.13840127e-01
-7.11687207e-01
-7.09527671e-01
-7.07361519e-01
-7.05188632e-01
-7.03009129e-01
-7.00822949e-01
-6.98630214e-01
-6.96430922e-01
-6.94225013e-01
-6.92012608e-01
-6.89793646e-01
-6.87568128e-01
-6.85336173e-01
-6.83097839e-01
-6.80853009e-01
-6.78601742e-01
-6.76344156e-01
-6.74080133e-01
-6.71809793e-01
-6.69533134e-01
-6.67250156e-01
-6.64960861e-01
-6.62665248e-01
-6.60363436e-01
-6.58055425e-01
-6.55741215e-01
-6.53420806e-01
-6.51094258e-01
-6.48761630e-01
-6.46422863e-01
-6.44077957e-01
-6.41727030e-01
-6.39370024e-01
-6.37006998e-01
-6.34637952e-01
-6.32263005e-01
-6.29882038e-01
-6.27495229e-01
-6.25102401e-01
-6.22703731e-01
-6.20299160e-01
-6.17888749e-01
-6.15472496e-01
-6.13050401e-01
-6.10622585e-01
-6.08188987e-01
-6.05749667e-01
-6.03304684e-01
-6.00854039e-01
-5.98397732e-01
-5.95935762e-01
-5.93468189e-01
-5.90995014e-01
-5.88516295e-01
-5.86031973e-01
-5.83542168e-01
-5.81046820e-01
-5.78546047e-01
-5.76039851e-01
-5.73528171e-01
-5.71011066e-01
-5.68488657e-01
-5.65960824e-01
-5.63427687e-01
-5.60889244e-01
-5.58345497e-01
-5.55796504e-01
-5.53242266e-01
-5.50682843e-01
-5.48118234e-01
-5.45548499e-01
-5.42973578e-01
-5.40393531e-01
-5.37808359e-01
-5.35218120e-01
-5.32622874e-01
-5.30022621e-01
-5.27417362e-01
-5.24807096e-01
-5.22191942e-01
-5.19571841e-01
-5.16946912e-01
-5.14317036e-01
-5.11682272e-01
-5.09042740e-01
-5.06398380e-01
-5.03749311e-01
-5.01095474e-01
-4.98436928e-01
-4.95773703e-01
-4.93105799e-01
-4.90433246e-01
-4.87756044e-01
-4.85074252e-01
-4.82387871e-01
-4.79696959e-01
-4.77001548e-01
-4.74301577e-01
-4.71597195e-01
-4.68888372e-01
-4.66175139e-01
-4.63457495e-01
-4.60735530e-01
-4.58009213e-01
-4.55278546e-01
-4.52543586e-01
-4.49804366e-01
-4.47060883e-01
-4.44313228e-01
-4.41561371e-01
-4.38805372e-01
-4.36045200e-01
-4.33280975e-01
-4.30512607e-01
-4.27740246e-01
-4.24963832e-01
-4.22183394e-01
-4.19398993e-01
-4.16610628e-01
-4.13818389e-01
-4.11022216e-01
-4.08222139e-01
-4.05418247e-01
-4.02610511e-01
-3.99799019e-01
-3.96983743e-01
-3.94164711e-01
-3.91341984e-01
-3.88515562e-01
-3.85685474e-01
-3.82851779e-01
-3.80014449e-01
-3.77173543e-01
-3.74329090e-01
-3.71481121e-01
-3.68629634e-01
-3.65774691e-01
-3.62916291e-01
-3.60054493e-01
-3.57189238e-01
-3.54320645e-01
-3.51448774e-01
-3.48573536e-01
-3.45695049e-01
-3.42813283e-01
-3.39928299e-01
-3.37040067e-01
-3.34148705e-01
-3.31254184e-01
-3.28356534e-01
-3.25455815e-01
-3.22551996e-01
-3.19645137e-01
-3.16735297e-01
-3.13822478e-01
-3.10906678e-01
-3.07987958e-01
-3.05066288e-01
-3.02141786e-01
-2.99214453e-01
-2.96284318e-01
-2.93351352e-01
-2.90415645e-01
-2.87477195e-01
-2.84536034e-01
-2.81592190e-01
-2.78645694e-01
-2.75696546e-01
-2.72744834e-01
-2.69790530e-01
-2.66833663e-01
-2.63874322e-01
-2.60912508e-01
-2.57948220e-01
-2.54981488e-01
-2.52012342e-01
-2.49040857e-01
-2.46067002e-01
-2.43090853e-01
-2.40112394e-01
-2.37131685e-01
-2.34148741e-01
-2.31163591e-01
-2.28176236e-01
-2.25186765e-01
-2.22195148e-01
-2.19201460e-01
-2.16205716e-01
-2.13207915e-01
-2.10208103e-01
-2.07206324e-01
-2.04202563e-01
-2.01196879e-01
-1.98189318e-01
-1.95179895e-01
-1.92168638e-01
-1.89155549e-01
-1.86140686e-01
-1.83124080e-01
-1.80105716e-01
-1.77085698e-01
-1.74063981e-01
-1.71040639e-01
-1.68015674e-01
-1.64989144e-01
-1.61961034e-01
-1.58931419e-01
-1.55900300e-01
-1.52867720e-01
-1.49833694e-01
-1.46798253e-01
-1.43761441e-01
-1.40723273e-01
-1.37683779e-01
-1.34642974e-01
-1.31600901e-01
-1.28557593e-01
-1.25513062e-01
-1.22467369e-01
-1.19420514e-01
-1.16372541e-01
-1.13323465e-01
-1.10273324e-01
-1.07222140e-01
-1.04169935e-01
-1.01116762e-01
-9.80626270e-02
-9.50075760e-02
-9.19516236e-02
-8.88948143e-02
-8.58371705e-02
-8.27787146e-02
-7.97194764e-02
-7.66594857e-02
-7.35987723e-02
-7.05373734e-02
-6.74752966e-02
-6.44125938e-02
-6.13492802e-02
-5.82853891e-02
-5.52209467e-02
-5.21559864e-02
-4.90905344e-02
-4.60246205e-02
-4.29582745e-02
-3.98915224e-02
-3.68243940e-02
-3.37569155e-02
-3.06891184e-02
-2.76208725e-02
-2.45527588e-02
-2.14856118e-02
-1.84280928e-02
-1.53814843e-02
-1.23919565e-02
-9.37247369e-03
-6.63258508e-03
-3.06951511e-03
-5.96046448e-08
5.96046448e-08
3.06951511e-03
