2.54835031e-04
8.98707367e-04
2.16182577e-03
4.08223877e-03
6.53411308e-03
9.32920538e-03
1.23023139e-02
1.53478440e-02
1.84143465e-02
2.14839019e-02
2.45527737e-02
2.76211295e-02
3.06892060e-02
3.37570161e-02
3.68245058e-02
3.98916490e-02
4.29584160e-02
4.60247770e-02
4.90907058e-02
5.21561727e-02
5.52211516e-02
5.82856052e-02
6.13495111e-02
6.44128323e-02
6.74755573e-02
7.05376416e-02
7.35990554e-02
7.66597837e-02
7.97197893e-02
8.27790424e-02
8.58375132e-02
8.88951719e-02
9.19519961e-02
9.50079560e-02
9.80630219e-02
1.01117164e-01
1.04170367e-01
1.07222572e-01
1.10273771e-01
1.13323927e-01
1.16373025e-01
1.19421013e-01
1.22467883e-01
1.25513598e-01
1.28558129e-01
1.31601453e-01
1.34643540e-01
1.37684345e-01
1.40723869e-01
1.43762052e-01
1.46798894e-01
1.49834350e-01
1.52868390e-01
1.55900985e-01
1.58932105e-01
1.61961734e-01
1.64989844e-01
1.68016404e-01
1.71041384e-01
1.74064741e-01
1.77086458e-01
1.80106506e-01
1.83124870e-01
1.86141491e-01
1.89156368e-01
1.92169458e-01
1.95180744e-01
1.98190197e-01
2.01197773e-01
2.04203457e-01
2.07207218e-01
2.10209012e-01
2.13208839e-01
2.16206655e-01
2.19202429e-01
2.22196132e-01
2.25187749e-01
2.28177249e-01
2.31164604e-01
2.34149769e-01
2.37132743e-01
2.40113467e-01
2.43091926e-01
2.46068105e-01
2.49041960e-01
2.52013475e-01
2.54982620e-01
2.57949352e-01
2.60913670e-01
2.63875484e-01
2.66834855e-01
2.69791722e-01
2.72746027e-01
2.75697768e-01
2.78646916e-01
2.81593442e-01
2.84537286e-01
2.87478477e-01
2.90416926e-01
2.93352664e-01
2.96285629e-01
2.99215823e-01
3.02143157e-01
3.05067658e-01
3.07989299e-01
3.10908049e-01
3.13823849e-01
3.16736698e-01
3.19646597e-01
3.22553456e-01
3.25457245e-01
3.28358024e-01
3.31255645e-01
3.34150195e-01
3.37041587e-01
3.39929819e-01
3.42814833e-01
3.45696598e-01
3.48575115e-01
3.51450384e-01
3.54322284e-01
3.57190877e-01
3.60056102e-01
3.62917930e-01
3.65776330e-01
3.68631303e-01
3.71482790e-01
3.74330789e-01
3.77175242e-01
3.80016178e-01
3.82853508e-01
3.85687232e-01
3.88517350e-01
3.91343772e-01
3.94166499e-01
3.96985531e-01
3.99800807e-01
4.02612329e-01
4.05420035e-01
4.08223957e-01
4.11024034e-01
4.13820207e-01
4.16612536e-01
4.19400901e-01
4.22185332e-01
4.24965769e-01
4.27742183e-01
4.30514574e-01
4.33282942e-01
4.36047226e-01
4.38807368e-01
4.41563398e-01
4.44315255e-01
4.47062939e-01
4.49806392e-01
4.52545613e-01
4.55280572e-01
4.58011240e-01
4.60737616e-01
4.63459641e-01
4.66177285e-01
4.68890548e-01
4.71599370e-01
4.74303782e-01
4.77003723e-01
4.79699165e-01
4.82390076e-01
4.85076427e-01
4.87758279e-01
4.90435451e-01
4.93108034e-01
4.95775938e-01
4.98439223e-01
5.01097739e-01
5.03751576e-01
5.06400704e-01
5.09045064e-01
5.11684656e-01
5.14319420e-01
5.16949296e-01
5.19574285e-01
5.22194386e-01
5.24809539e-01
5.27419806e-01
5.30025065e-01
5.32625318e-01
5.35220563e-01
5.37810802e-01
5.40395975e-01
5.42976022e-01
5.45550942e-01
5.48120737e-01
5.50685406e-01
5.53244829e-01
5.55799067e-01
5.58348060e-01
5.60891807e-01
5.63430309e-01
5.65963507e-01
5.68491280e-01
5.71013749e-01
5.73530793e-01
5.76042473e-01
5.78548670e-01
5.81049502e-01
5.83544850e-01
5.86034656e-01
5.88518977e-01
5.90997756e-01
5.93470931e-01
5.95938504e-01
5.98400474e-01
6.00856781e-01
6.03307486e-01
6.05752468e-01
6.08191788e-01
6.10625386e-01
6.13053262e-01
6.15475297e-01
6.17891550e-01
6.20302022e-01
6.22706592e-01
6.25105202e-01
6.27498031e-01
6.29884899e-01
6.32265866e-01
6.34640872e-01
6.37009919e-01
6.39373004e-01
6.41730011e-01
6.44080997e-01
6.46425843e-01
6.48764610e-01
6.51097298e-01
6.53423786e-01
6.55744255e-01
6.58058465e-01
6.60366476e-01
6.62668288e-01
6.64963841e-01
6.67253137e-01
6.69536173e-01
6.71812832e-01
6.74083233e-01
6.76347196e-01
6.78604841e-01
6.80856109e-01
6.83100939e-01
6.85339332e-01
6.87571287e-01
6.89796805e-01
6.92015767e-01
6.94228232e-01
6.96434140e-01
6.98633432e-01
7.00826228e-01
7.03012347e-01
7.05191910e-01
7.07364798e-01
7.09531009e-01
7.11690545e-01
7.13843405e-01
7.15989530e-01
7.18128920e-01
7.20261514e-01
7.22387314e-01
7.24506259e-01
7.26618469e-01
7.28723824e-01
7.30822265e-01
7.32913852e-01
7.34998524e-01
7.37076342e-01
7.39147127e-01
7.41210938e-01
7.43267775e-01
7.45317638e-01
7.47360528e-01
7.49396324e-01
7.51425087e-01
7.53446698e-01
7.55461276e-01
7.57468700e-01
7.59469032e-01
7.61462152e-01
7.63448119e-01
7.65426934e-01
7.67398536e-01
7.69362867e-01
7.71319985e-01
7.73269773e-01
7.75212348e-01
7.77147532e-01
7.79075444e-01
7.80996025e-01
7.82909214e-01
7.84815013e-01
7.86713481e-01
7.88604498e-01
7.90488124e-01
7.92364299e-01
7.94232965e-01
7.96094179e-01
7.97947884e-01
7.99794018e-01
8.01632702e-01
8.03463757e-01
8.05287242e-01
8.07103217e-01
8.08911562e-01
8.10712278e-01
8.12505364e-01
8.14290822e-01
8.16068590e-01
8.17838728e-01
8.19601119e-01
8.21355760e-01
8.23102593e-01
8.24841738e-01
8.26573074e-01
8.28296721e-01
8.30012500e-01
8.31720471e-01
8.33420515e-01
8.35112810e-01
8.36797178e-01
8.38473678e-01
8.40142310e-01
8.41803074e-01
8.43455851e-01
8.45100701e-01
8.46737564e-01
8.48366439e-01
8.49987268e-01
8.51600170e-01
8.53205025e-01
8.54801893e-01
8.56390655e-01
8.57971311e-01
8.59543979e-01
8.61108482e-01
8.62664878e-01
8.64213169e-01
8.65753293e-01
8.67285252e-01
8.68809104e-01
8.70324731e-01
8.71832132e-01
8.73331368e-01
8.74822378e-01
8.76305044e-01
8.77779543e-01
8.79245818e-01
8.80703747e-01
8.82153392e-01
8.83594751e-01
8.85027707e-01
8.86452317e-01
8.87868583e-01
8.89276564e-01
8.90676141e-01
8.92067313e-01
8.93450081e-01
8.94824445e-01
8.96190345e-01
8.97547841e-01
8.98896813e-01
9.00237441e-01
9.01569486e-01
9.02893066e-01
9.04208064e-01
9.05514598e-01
9.06812608e-01
9.08102095e-01
9.09382999e-01
9.10655379e-01
9.11919117e-01
9.13174272e-01
9.14420843e-01
9.15658832e-01
9.16888118e-01
9.18108881e-01
9.19320881e-01
9.20524299e-01
9.21718955e-01
9.22905028e-01
9.24082398e-01
9.25251067e-01
9.26410913e-01
9.27562118e-01
9.28704560e-01
9.29838240e-01
9.30963099e-01
9.32079256e-01
9.33186650e-01
9.34285283e-01
9.35375035e-01
9.36455965e-01
9.37528133e-01
9.38591421e-01
9.39645886e-01
9.40691531e-01
9.41728234e-01
9.42756116e-01
9.43775117e-01
9.44785237e-01
9.45786417e-01
9.46778774e-01
9.47762132e-01
9.48736608e-01
9.49702144e-01
9.50658679e-01
9.51606333e-01
9.52544868e-01
9.53474522e-01
9.54395175e-01
9.55306888e-01
9.56209600e-01
9.57103312e-01
9.57987905e-01
9.58863556e-01
9.59730148e-01
9.60587680e-01
9.61436152e-01
9.62275624e-01
9.63105977e-01
9.63927329e-01
9.64739561e-01
9.65542674e-01
9.66336727e-01
9.67121661e-01
9.67897534e-01
9.68664229e-01
9.69421804e-01
9.70170259e-01
9.70909536e-01
9.71639693e-01
9.72360730e-01
9.73072588e-01
9.73775268e-01
9.74468708e-01
9.75153029e-01
9.75828171e-01
9.76494074e-01
9.77150798e-01
9.77798343e-01
9.78436649e-01
9.79065776e-01
9.79685664e-01
9.80296314e-01
9.80897725e-01
9.81489897e-01
9.82072771e-01
9.82646465e-01
9.83210862e-01
9.83766019e-01
9.84311938e-01
9.84848499e-01
9.85375881e-01
9.85893905e-01
9.86402631e-01
9.86902058e-01
9.87392247e-01
9.87873077e-01
9.88344669e-01
9.88806903e-01
9.89259839e-01
9.89703417e-01
9.90137696e-01
9.90562618e-01
9.90978241e-01
9.91384566e-01
9.91781473e-01
9.92169082e-01
9.92547333e-01
9.92916226e-01
9.93275762e-01
9.93625939e-01
9.93966758e-01
9.94298220e-01
9.94620323e-01
9.94933009e-01
9.95236337e-01
9.95530307e-01
9.95814919e-01
9.96090114e-01
9.96355951e-01
9.96612370e-01
9.96859372e-01
9.97097015e-01
9.97325361e-01
9.97544229e-01
9.97753620e-01
9.97953713e-01
9.98144388e-01
9.98325646e-01
9.98497486e-01
9.98659909e-01
9.98812914e-01
9.98956561e-01
9.99090850e-01
9.99215603e-01
9.99330997e-01
9.99436975e-01
9.99533534e-01
9.99620616e-01
9.99698341e-01
9.99766707e-01
9.99825597e-01
9.99875069e-01
9.99915063e-01
9.99945700e-01
9.99966919e-01
9.99978662e-01
9.99981046e-01
9.99974012e-01
9.99957502e-01
9.99931574e-01
9.99896228e-01
9.99851465e-01
9.99797285e-01
9.99733686e-01
9.99660730e-01
9.99578297e-01
9.99486446e-01
9.99385118e-01
9.99274433e-01
9.99154329e-01
9.99024868e-01
9.98885989e-01
9.98737633e-01
9.98579860e-01
9.98412788e-01
9.98236239e-01
9.98050272e-01
9.97854888e-01
9.97650146e-01
9.97435987e-01
9.97212350e-01
9.96979415e-01
9.96737063e-01
9.96485353e-01
9.96224225e-01
9.95953739e-01
9.95673895e-01
9.95384574e-01
9.95085895e-01
9.94777858e-01
9.94460464e-01
9.94133711e-01
9.93797541e-01
9.93452013e-01
9.93097186e-01
9.92732942e-01
9.92359340e-01
9.91976440e-01
9.91584122e-01
9.91182566e-01
9.90771592e-01
9.90351319e-01
9.89921689e-01
9.89482760e-01
9.89034534e-01
9.88576889e-01
9.88110065e-01
9.87633824e-01
9.87148345e-01
9.86653507e-01
9.86149430e-01
9.85635996e-01
9.85113323e-01
9.84581351e-01
9.84040141e-01
9.83489573e-01
9.82929766e-01
9.82360780e-01
9.81782496e-01
9.81194913e-01
9.80598152e-01
9.79992151e-01
9.79376853e-01
9.78752375e-01
9.78118658e-01
9.77475703e-01
9.76823568e-01
9.76162255e-01
9.75491762e-01
9.74812031e-01
9.74123120e-01
9.73425031e-01
9.72717762e-01
9.72001374e-01
9.71275747e-01
9.70541060e-01
9.69797194e-01
9.69044149e-01
9.68281984e-01
9.67510700e-01
9.66730356e-01
9.65940833e-01
9.65142250e-01
9.64334607e-01
9.63517845e-01
9.62691963e-01
9.61857080e-01
9.61013079e-01
9.60160017e-01
9.59297955e-01
9.58426833e-01
9.57546771e-01
9.56657588e-01
9.55759406e-01
9.54852164e-01
9.53935981e-01
9.53010798e-01
9.52076674e-01
9.51133549e-01
9.50181425e-01
9.49220419e-01
9.48250413e-01
9.47271526e-01
9.46283698e-01
9.45286930e-01
9.44281280e-01
9.43266690e-01
9.42243278e-01
9.41210926e-01
9.40169752e-01
9.39119697e-01
9.38060820e-01
9.36993122e-01
9.35916543e-01
9.34831202e-01
9.33737040e-01
9.32634056e-01
9.31522310e-01
9.30401742e-01
9.29272413e-01
9.28134322e-01
9.26987588e-01
9.25832033e-01
9.24667716e-01
9.23494816e-01
9.22313154e-01
9.21122789e-01
9.19923723e-01
9.18715954e-01
9.17499602e-01
9.16274607e-01
9.15040970e-01
9.13798690e-01
9.12547767e-01
9.11288321e-01
9.10020292e-01
9.08743680e-01
9.07458425e-01
9.06164706e-01
9.04862404e-01
9.03551579e-01
9.02232289e-01
9.00904417e-01
8.99568141e-01
8.98223341e-01
8.96870077e-01
8.95508468e-01
8.94138336e-01
8.92759740e-01
8.91372740e-01
8.89977396e-01
8.88573647e-01
8.87161493e-01
8.85740995e-01
8.84312212e-01
8.82875085e-01
8.81429553e-01
8.79975796e-01
8.78513694e-01
8.77043366e-01
8.75564754e-01
8.74077916e-01
8.72582793e-01
8.71079504e-01
8.69567931e-01
8.68048191e-01
8.66520345e-01
8.64984274e-01
8.63440037e-01
8.61887753e-01
8.60327303e-01
8.58758688e-01
8.57182026e-01
8.55597258e-01
8.54004443e-01
8.52403641e-01
8.50794733e-01
8.49177837e-01
8.47552955e-01
8.45920146e-01
8.44279230e-01
8.42630446e-01
8.40973675e-01
8.39308977e-01
8.37636411e-01
8.35955977e-01
8.34267676e-01
8.32571447e-01
8.30867469e-01
8.29155564e-01
8.27435851e-01
8.25708389e-01
8.23973179e-01
8.22230160e-01
8.20479453e-01
8.18720877e-01
8.16954672e-01
8.15180719e-01
8.13399136e-01
8.11609864e-01
8.09812963e-01
8.08008492e-01
8.06196332e-01
8.04376602e-01
8.02549243e-01
8.00714374e-01
7.98871934e-01
7.97021985e-01
7.95164526e-01
7.93299615e-01
7.91427195e-01
7.89547265e-01
7.87659943e-01
7.85765231e-01
7.83863127e-01
7.81953573e-01
7.80036688e-01
7.78112411e-01
7.76180863e-01
7.74241924e-01
7.72295773e-01
7.70342290e-01
7.68381596e-01
7.66413629e-01
7.64438391e-01
7.62456000e-01
7.60466456e-01
7.58469760e-01
7.56465912e-01
7.54454911e-01
7.52436817e-01
7.50411630e-01
7.48379350e-01
7.46340096e-01
7.44293749e-01
7.42240369e-01
7.40179956e-01
7.38112569e-01
7.36038268e-01
7.33957052e-01
7.31868923e-01
7.29773939e-01
7.27672040e-01
7.25563288e-01
7.23447680e-01
7.21325338e-01
7.19196141e-01
7.17060149e-01
7.14917362e-01
7.12767839e-01
7.10611641e-01
7.08448768e-01
7.06279218e-01
7.04102933e-01
7.01920092e-01
6.99730635e-01
6.97534621e-01
6.95331991e-01
6.93122864e-01
6.90907121e-01
6.88684881e-01
6.86456144e-01
6.84220970e-01
6.81979358e-01
6.79731369e-01
6.77476883e-01
6.75216079e-01
6.72948837e-01
6.70675337e-01
6.68395460e-01
6.66109324e-01
6.63816929e-01
6.61518216e-01
6.59213305e-01
6.56902194e-01
6.54584885e-01
6.52261436e-01
6.49931788e-01
6.47596061e-01
6.45254195e-01
6.42906249e-01
6.40552282e-01
6.38192236e-01
6.35826170e-01
6.33454144e-01
6.31076157e-01
6.28692210e-01
6.26302361e-01
6.23906612e-01
6.21504962e-01
6.19097531e-01
6.16684198e-01
6.14265025e-01
6.11840069e-01
6.09409332e-01
6.06972873e-01
6.04530752e-01
6.02082908e-01
5.99629402e-01
5.97170234e-01
5.94705462e-01
5.92235088e-01
5.89759111e-01
5.87277532e-01
5.84790409e-01
5.82297802e-01
5.79799771e-01
5.77296257e-01
5.74787319e-01
5.72272956e-01
5.69753170e-01
5.67228019e-01
5.64697564e-01
5.62161744e-01
5.59620619e-01
5.57074249e-01
5.54522634e-01
5.51965833e-01
5.49403727e-01
5.46836555e-01
5.44264138e-01
5.41686654e-01
5.39104044e-01
5.36516368e-01
5.33923626e-01
5.31325877e-01
5.28723121e-01
5.26115298e-01
5.23502588e-01
5.20884931e-01
5.18262386e-01
5.15634954e-01
5.13002634e-01
5.10365486e-01
5.07723510e-01
5.05076766e-01
5.02425313e-01
4.99769151e-01
4.97108221e-01
4.94442612e-01
4.91772354e-01
4.89097476e-01
4.86417979e-01
4.83733863e-01
4.81045246e-01
4.78352040e-01
4.75654334e-01
4.72952187e-01
4.70245570e-01
4.67534512e-01
4.64819044e-01
4.62099224e-01
4.59375024e-01
4.56646502e-01
4.53913659e-01
4.51176554e-01
4.48435217e-01
4.45689648e-01
4.42939848e-01
4.40185905e-01
4.37427819e-01
4.34665591e-01
4.31899309e-01
4.29128915e-01
4.26354527e-01
4.23576057e-01
4.20793623e-01
4.18007255e-01
4.15216923e-01
4.12422717e-01
4.09624547e-01
4.06822532e-01
4.04016703e-01
4.01207060e-01
3.98393661e-01
3.95576507e-01
3.92755628e-01
3.89931053e-01
3.87102783e-01
3.84270877e-01
3.81435335e-01
3.78596187e-01
3.75753492e-01
3.72907281e-01
3.70057523e-01
3.67204279e-01
3.64347607e-01
3.61487448e-01
3.58623922e-01
3.55757028e-01
3.52886736e-01
3.50013167e-01
3.47136289e-01
3.44256133e-01
3.41372758e-01
3.38486135e-01
3.35596323e-01
3.32703352e-01
3.29807252e-01
3.26908052e-01
3.24005753e-01
3.21100414e-01
3.18192035e-01
3.15280676e-01
3.12366366e-01
3.09449077e-01
3.06528896e-01
3.03605825e-01
3.00679862e-01
2.97751099e-01
2.94819504e-01
2.91885167e-01
2.88948029e-01
2.86008209e-01
2.83065706e-01
2.80120522e-01
2.77172685e-01
2.74222255e-01
2.71269232e-01
2.68313646e-01
2.65355527e-01
2.62394935e-01
2.59431839e-01
2.56466329e-01
2.53498405e-01
2.50528067e-01
2.47555375e-01
2.44580358e-01
2.41603032e-01
2.38623425e-01
2.35641569e-01
2.32657477e-01
2.29671210e-01
2.26682782e-01
2.23692223e-01
2.20699564e-01
2.17704833e-01
2.14708030e-01
2.11709216e-01
2.08708391e-01
2.05705598e-01
2.02700868e-01
1.99694246e-01
1.96685717e-01
1.93675354e-01
1.90663159e-01
1.87649190e-01
1.84633434e-01
1.81615934e-01
1.78596735e-01
1.75575852e-01
1.72553301e-01
1.69529140e-01
1.66503370e-01
1.63476035e-01
1.60447150e-01
1.57416761e-01
1.54384896e-01
1.51351571e-01
1.48316830e-01
1.45280674e-01
1.42243162e-01
1.39204293e-01
1.36164129e-01
1.33122668e-01
1.30079955e-01
1.27036035e-01
1.23990908e-01
1.20944619e-01
1.17897190e-01
1.14848644e-01
1.11799017e-01
1.08748324e-01
1.05696626e-01
1.02643922e-01
9.95902568e-02
9.65356529e-02
9.34801400e-02
9.04237404e-02
8.73664916e-02
8.43084157e-02
8.12495425e-02
7.81899095e-02
7.51295388e-02
7.20684677e-02
6.90067112e-02
6.59443066e-02
6.28812760e-02
5.98176569e-02
5.67534715e-02
5.36887534e-02
5.06235287e-02
4.75578271e-02
4.44916785e-02
4.14251126e-02
3.83581556e-02
3.52908373e-02
3.22231837e-02
2.91552264e-02
2.60869954e-02
2.30185185e-02
1.99498255e-02
1.68809444e-02
1.38119049e-02
1.07427333e-02
7.67346146e-03
4.60411794e-03
1.53473055e-03
-1.53467117e-03
-4.60405834e-03
-7.67340278e-03
-1.07426746e-02
-1.38118444e-02
-1.68808848e-02
-1.99497659e-02
-2.30184589e-02
-2.60869358e-02
-2.91551687e-02
-3.22231241e-02
-3.52907777e-02
-3.83580960e-02
-4.14250530e-02
-4.44916189e-02
-4.75577675e-02
-5.06234728e-02
-5.36886938e-02
-5.67534119e-02
-5.98175935e-02
-6.28812164e-02
-6.59442469e-02
-6.90066591e-02
-7.20684081e-02
-7.51294866e-02
-7.81898499e-02
-8.12494829e-02
-8.43083560e-02
-8.73664320e-02
-9.04236808e-02
-9.34800729e-02
-9.65355933e-02
-9.95901972e-02
-1.02643870e-01
-1.05696566e-01
-1.08748272e-01
-1.11798950e-01
-1.14848576e-01
-1.17897123e-01
-1.20944560e-01
-1.23990856e-01
-1.27035975e-01
-1.30079910e-01
-1.33122623e-01
-1.36164069e-01
-1.39204249e-01
-1.42243087e-01
-1.45280614e-01
-1.48316756e-01
-1.51351497e-01
-1.54384837e-01
-1.57416701e-01
-1.60447106e-01
-1.63475975e-01
-1.66503310e-01
-1.69529065e-01
-1.72553241e-01
-1.75575778e-01
-1.78596675e-01
-1.81615889e-01
-1.84633374e-01
-1.87649131e-01
-1.90663114e-01
-1.93675309e-01
-1.96685672e-01
-1.99694186e-01
-2.02700809e-01
-2.05705538e-01
-2.08708316e-01
-2.11709142e-01
-2.14707971e-01
-2.17704758e-01
-2.20699504e-01
-2.23692164e-01
-2.26682737e-01
-2.29671165e-01
-2.32657433e-01
-2.35641509e-01
-2.38623366e-01
-2.41602957e-01
-2.44580284e-01
-2.47555301e-01
-2.50527978e-01
-2.53498316e-01
-2.56466269e-01
-2.59431809e-01
-2.62394875e-01
-2.65355468e-01
-2.68313587e-01
-2.71269172e-01
-2.74222195e-01
-2.77172625e-01
-2.80120462e-01
-2.83065647e-01
-2.86008179e-01
-2.88948029e-01
-2.91885138e-01
-2.94819504e-01
-2.97751069e-01
-3.00679833e-01
-3.03605765e-01
-3.06528866e-01
-3.09449017e-01
-3.12366307e-01
-3.15280616e-01
-3.18192005e-01
-3.21100384e-01
-3.24005723e-01
-3.26907992e-01
-3.29807222e-01
-3.32703322e-01
-3.35596293e-01
-3.38486075e-01
-3.41372699e-01
-3.44256073e-01
-3.47136229e-01
-3.50013107e-01
-3.52886707e-01
-3.55756968e-01
-3.58623892e-01
-3.61487418e-01
-3.64347517e-01
-3.67204219e-01
-3.70057464e-01
-3.72907192e-01
-3.75753433e-01
-3.78596127e-01
-3.81435275e-01
-3.84270817e-01
-3.87102693e-01
-3.89930964e-01
-3.92755538e-01
-3.95576447e-01
-3.98393601e-01
-4.01207030e-01
-4.04016644e-01
-4.06822503e-01
-4.09624487e-01
-4.12422597e-01
-4.15216833e-01
-4.18007165e-01
-4.20793563e-01
-4.23575997e-01
-4.26354438e-01
-4.29128855e-01
-4.31899220e-01
-4.34665561e-01
-4.37427789e-01
-4.40185875e-01
-4.42939818e-01
-4.45689589e-01
-4.48435158e-01
-4.51176524e-01
-4.53913599e-01
-4.56646413e-01
-4.59374964e-01
-4.62099135e-01
-4.64818984e-01
-4.67534453e-01
-4.70245481e-01
-4.72952127e-01
-4.75654274e-01
-4.78351980e-01
-4.81045157e-01
-4.83733803e-01
-4.86417919e-01
-4.89097416e-01
-4.91772294e-01
-4.94442552e-01
-4.97108161e-01
-4.99769062e-01
-5.02425313e-01
-5.05076766e-01
-5.07723510e-01
-5.10365427e-01
-5.13002574e-01
-5.15634894e-01
-5.18262327e-01
-5.20884812e-01
-5.23502469e-01
-5.26115179e-01
-5.28722942e-01
-5.31325758e-01
-5.33923507e-01
-5.36516249e-01
-5.39103985e-01
-5.41686594e-01
-5.44264138e-01
-5.46836436e-01
-5.49403667e-01
-5.51965714e-01
-5.54522574e-01
-5.57074189e-01
-5.59620559e-01
-5.62161684e-01
-5.64697504e-01
-5.67228019e-01
-5.69753110e-01
-5.72272897e-01
-5.74787259e-01
-5.77296257e-01
-5.79799771e-01
-5.82297862e-01
-5.84790409e-01
-5.87277472e-01
-5.89759052e-01
-5.92235029e-01
-5.94705462e-01
-5.97170234e-01
-5.99629402e-01
-6.02082849e-01
-6.04530692e-01
-6.06972814e-01
-6.09409273e-01
-6.11840010e-01
-6.14264965e-01
-6.16684139e-01
-6.19097471e-01
-6.21504962e-01
-6.23906553e-01
-6.26302361e-01
-6.28692210e-01
-6.31076157e-01
-6.33454084e-01
-6.35826111e-01
-6.38192177e-01
-6.40552223e-01
-6.42906189e-01
-6.45254135e-01
-6.47595942e-01
-6.49931729e-01
-6.52261317e-01
-6.54584765e-01
-6.56902134e-01
-6.59213245e-01
-6.61518157e-01
-6.63816869e-01
-6.66109324e-01
-6.68395460e-01
-6.70675337e-01
-6.72948837e-01
-6.75216019e-01
-6.77476883e-01
-6.79731309e-01
-6.81979299e-01
-6.84220910e-01
-6.86456084e-01
-6.88684821e-01
-6.90907061e-01
-6.93122804e-01
-6.95331991e-01
-6.97534621e-01
-6.99730635e-01
-7.01920152e-01
-7.04102993e-01
-7.06279159e-01
-7.08448708e-01
-7.10611582e-01
-7.12767780e-01
-7.14917302e-01
-7.17060089e-01
-7.19196081e-01
-7.21325278e-01
-7.23447680e-01
-7.25563288e-01
-7.27672040e-01
-7.29773939e-01
-7.31868923e-01
-7.33957052e-01
-7.36038268e-01
-7.38112569e-01
-7.40179896e-01
-7.42240310e-01
-7.44293690e-01
-7.46340036e-01
-7.48379350e-01
-7.50411570e-01
-7.52436817e-01
-7.54454911e-01
-7.56465912e-01
-7.58469760e-01
-7.60466456e-01
-7.62456000e-01
-7.64438391e-01
-7.66413629e-01
-7.68381596e-01
-7.70342231e-01
-7.72295713e-01
-7.74241865e-01
-7.76180804e-01
-7.78112411e-01
-7.80036628e-01
-7.81953514e-01
-7.83863068e-01
-7.85765171e-01
-7.87659883e-01
-7.89547205e-01
-7.91427135e-01
-7.93299615e-01
-7.95164585e-01
-7.97022045e-01
-7.98871934e-01
-8.00714374e-01
-8.02549243e-01
-8.04376543e-01
-8.06196272e-01
-8.08008373e-01
-8.09812903e-01
-8.11609745e-01
-8.13399017e-01
-8.15180659e-01
-8.16954613e-01
-8.18720877e-01
-8.20479393e-01
-8.22230160e-01
-8.23973179e-01
-8.25708508e-01
-8.27435970e-01
-8.29155564e-01
-8.30867350e-01
-8.32571387e-01
-8.34267616e-01
-8.35955918e-01
-8.37636411e-01
-8.39308977e-01
-8.40973675e-01
-8.42630446e-01
-8.44279170e-01
-8.45920026e-01
-8.47552896e-01
-8.49177837e-01
-8.50794733e-01
-8.52403641e-01
-8.54004502e-01
-8.55597258e-01
-8.57182026e-01
-8.58758688e-01
-8.60327244e-01
-8.61887753e-01
-8.63440096e-01
-8.64984274e-01
-8.66520345e-01
-8.68048251e-01
-8.69567931e-01
-8.71079445e-01
-8.72582793e-01
-8.74077857e-01
-8.75564754e-01
-8.77043307e-01
-8.78513634e-01
-8.79975736e-01
-8.81429553e-01
-8.82875025e-01
-8.84312153e-01
-8.85740995e-01
-8.87161493e-01
-8.88573647e-01
-8.89977396e-01
-8.91372740e-01
-8.92759740e-01
-8.94138277e-01
-8.95508409e-01
-8.96870136e-01
-8.98223341e-01
-8.99568141e-01
-9.00904477e-01
-9.02232289e-01
-9.03551579e-01
-9.04862404e-01
-9.06164646e-01
-9.07458425e-01
-9.08743620e-01
-9.10020232e-01
-9.11288381e-01
-9.12547827e-01
-9.13798690e-01
-9.15040970e-01
-9.16274607e-01
-9.17499602e-01
-9.18716013e-01
-9.19923663e-01
-9.21122670e-01
-9.22313094e-01
-9.23494756e-01
-9.24667716e-01
-9.25832033e-01
-9.26987529e-01
-9.28134322e-01
-9.29272413e-01
-9.30401683e-01
-9.31522250e-01
-9.32633996e-01
-9.33737040e-01
-9.34831202e-01
-9.35916603e-01
-9.36993182e-01
-9.38060880e-01
-9.39119756e-01
-9.40169752e-01
-9.41210926e-01
-9.42243218e-01
-9.43266630e-01
-9.44281161e-01
-9.45286870e-01
-9.46283698e-01
-9.47271585e-01
-9.48250473e-01
-9.49220479e-01
-9.50181484e-01
-9.51133549e-01
-9.52076674e-01
-9.53010798e-01
-9.53935921e-01
-9.54852104e-01
-9.55759346e-01
-9.56657529e-01
-9.57546711e-01
-9.58426833e-01
-9.59297955e-01
-9.60160017e-01
-9.61013019e-01
-9.61856961e-01
-9.62691903e-01
-9.63517785e-01
-9.64334548e-01
-9.65142190e-01
-9.65940833e-01
-9.66730356e-01
-9.67510700e-01
-9.68281984e-01
-9.69044149e-01
-9.69797194e-01
-9.70541060e-01
-9.71275806e-01
-9.72001374e-01
-9.72717762e-01
-9.73425031e-01
-9.74123120e-01
-9.74812031e-01
-9.75491703e-01
-9.76162255e-01
-9.76823568e-01
-9.77475703e-01
-9.78118658e-01
-9.78752315e-01
-9.79376853e-01
-9.79992092e-01
-9.80598092e-01
-9.81194913e-01
-9.81782496e-01
-9.82360780e-01
-9.82929826e-01
-9.83489573e-01
-9.84040141e-01
-9.84581411e-01
-9.85113323e-01
-9.85635996e-01
-9.86149430e-01
-9.86653566e-01
-9.87148345e-01
-9.87633884e-01
-9.88110065e-01
-9.88577008e-01
-9.89034534e-01
-9.89482760e-01
-9.89921749e-01
-9.90351379e-01
-9.90771651e-01
-9.91182566e-01
-9.91584182e-01
-9.91976440e-01
-9.92359400e-01
-9.92732942e-01
-9.93097186e-01
-9.93452013e-01
-9.93797541e-01
-9.94133651e-01
-9.94460464e-01
-9.94777858e-01
-9.95085895e-01
-9.95384574e-01
-9.95673835e-01
-9.95953739e-01
-9.96224225e-01
-9.96485353e-01
-9.96737063e-01
-9.96979415e-01
-9.97212410e-01
-9.97435987e-01
-9.97650087e-01
-9.97854888e-01
-9.98050272e-01
-9.98236239e-01
-9.98412788e-01
-9.98579919e-01
-9.98737693e-01
-9.98886049e-01
-9.99024928e-01
-9.99154389e-01
-9.99274492e-01
-9.99385178e-01
-9.99486446e-01
-9.99578297e-01
-9.99660730e-01
-9.99733746e-01
-9.99797285e-01
-9.99851465e-01
-9.99896288e-01
-9.99931574e-01
-9.99957502e-01
-9.99973953e-01
-9.99981046e-01
-9.99978662e-01
-9.99966860e-01
-9.99945641e-01
-9.99915004e-01
-9.99875009e-01
-9.99825537e-01
-9.99766648e-01
-9.99698400e-01
-9.99620616e-01
-9.99533534e-01
-9.99436975e-01
-9.99330997e-01
-9.99215662e-01
-9.99090850e-01
-9.98956561e-01
-9.98812973e-01
-9.98659968e-01
-9.98497546e-01
-9.98325706e-01
-9.98144448e-01
-9.97953773e-01
-9.97753680e-01
-9.97544169e-01
-9.97325361e-01
-9.97097075e-01
-9.96859431e-01
-9.96612430e-01
-9.96356010e-01
-9.96090174e-01
-9.95814919e-01
-9.95530367e-01
-9.95236397e-01
-9.94933069e-01
-9.94620323e-01
-9.94298220e-01
-9.93966758e-01
-9.93625939e-01
-9.93275762e-01
-9.92916226e-01
-9.92547274e-01
-9.92169023e-01
-9.91781414e-01
-9.91384506e-01
-9.90978241e-01
-9.90562618e-01
-9.90137696e-01
-9.89703417e-01
-9.89259839e-01
-9.88806963e-01
-9.88344669e-01
-9.87873077e-01
-9.87392187e-01
-9.86902058e-01
-9.86402631e-01
-9.85893905e-01
-9.85375881e-01
-9.84848559e-01
-9.84311938e-01
-9.83766019e-01
-9.83210862e-01
-9.82646465e-01
-9.82072830e-01
-9.81489897e-01
-9.80897725e-01
-9.80296254e-01
-9.79685605e-01
-9.79065716e-01
-9.78436649e-01
-9.77798343e-01
-9.77150798e-01
-9.76494074e-01
-9.75828171e-01
-9.75153029e-01
-9.74468768e-01
-9.73775268e-01
-9.73072588e-01
-9.72360730e-01
-9.71639752e-01
-9.70909595e-01
-9.70170259e-01
-9.69421804e-01
-9.68664229e-01
-9.67897534e-01
-9.67121720e-01
-9.66336727e-01
-9.65542734e-01
-9.64739561e-01
-9.63927329e-01
-9.63106036e-01
-9.62275684e-01
-9.61436212e-01
-9.60587740e-01
-9.59730148e-01
-9.58863556e-01
-9.57987905e-01
-9.57103312e-01
-9.56209660e-01
-9.55306947e-01
-9.54395235e-01
-9.53474581e-01
-9.52544868e-01
-9.51606274e-01
-9.50658619e-01
-9.49702084e-01
-9.48736608e-01
-9.47762132e-01
-9.46778774e-01
-9.45786536e-01
-9.44785297e-01
-9.43775177e-01
-9.42756176e-01
-9.41728294e-01
-9.40691531e-01
-9.39645946e-01
-9.38591480e-01
-9.37528133e-01
-9.36455965e-01
-9.35375035e-01
-9.34285223e-01
-9.33186650e-01
-9.32079315e-01
-9.30963159e-01
-9.29838240e-01
-9.28704500e-01
-9.27562058e-01
-9.26410854e-01
-9.25251007e-01
-9.24082398e-01
-9.22905028e-01
-9.21719074e-01
-9.20524359e-01
-9.19320941e-01
-9.18108881e-01
-9.16888177e-01
-9.15658832e-01
-9.14420843e-01
-9.13174331e-01
-9.11919177e-01
-9.10655379e-01
-9.09383059e-01
-9.08102155e-01
-9.06812668e-01
-9.05514598e-01
-9.04208064e-01
-9.02893007e-01
-9.01569366e-01
-9.00237381e-01
-8.98896813e-01
-8.97547841e-01
-8.96190345e-01
-8.94824445e-01
-8.93450081e-01
-8.92067313e-01
-8.90676141e-01
-8.89276564e-01
-8.87868583e-01
-8.86452317e-01
-8.85027647e-01
-8.83594692e-01
-8.82153392e-01
-8.80703747e-01
-8.79245818e-01
-8.77779603e-01
-8.76305044e-01
-8.74822319e-01
-8.73331308e-01
-8.71832073e-01
-8.70324671e-01
-8.68809044e-01
-8.67285252e-01
-8.65753293e-01
-8.64213228e-01
-8.62664938e-01
-8.61108482e-01
-8.59544039e-01
-8.57971430e-01
-8.56390715e-01
-8.54801893e-01
-8.53205085e-01
-8.51600230e-01
-8.49987328e-01
-8.48366439e-01
-8.46737564e-01
-8.45100701e-01
-8.43455851e-01
-8.41803074e-01
-8.40142369e-01
-8.38473797e-01
-8.36797297e-01
-8.35112870e-01
-8.33420634e-01
-8.31720471e-01
-8.30012500e-01
-8.28296721e-01
-8.26573133e-01
-8.24841738e-01
-8.23102593e-01
-8.21355700e-01
-8.19601119e-01
-8.17838728e-01
-8.16068649e-01
-8.14290881e-01
-8.12505424e-01
-8.10712278e-01
-8.08911562e-01
-8.07103276e-01
-8.05287361e-01
-8.03463876e-01
-8.01632762e-01
-7.99794078e-01
-7.97947943e-01
-7.96094239e-01
-7.94233024e-01
-7.92364359e-01
-7.90488183e-01
-7.88604558e-01
-7.86713541e-01
-7.84815073e-01
-7.82909274e-01
-7.80996025e-01
-7.79075444e-01
-7.77147532e-01
-7.75212348e-01
-7.73269832e-01
-7.71319985e-01
-7.69362926e-01
-7.67398596e-01
-7.65426993e-01
-7.63448179e-01
-7.61462212e-01
-7.59469032e-01
-7.57468700e-01
-7.55461276e-01
-7.53446758e-01
-7.51425087e-01
-7.49396384e-01
-7.47360587e-01
-7.45317817e-01
-7.43267953e-01
-7.41211057e-01
-7.39147127e-01
-7.37076283e-01
-7.34998524e-01
-7.32913852e-01
-7.30822325e-01
-7.28723884e-01
-7.26618528e-01
-7.24506438e-01
-7.22387433e-01
-7.20261574e-01
-7.18128920e-01
-7.15989590e-01
-7.13843465e-01
-7.11690545e-01
-7.09531009e-01
-7.07364798e-01
-7.05191970e-01
-7.03012407e-01
-7.00826228e-01
-6.98633492e-01
-6.96434140e-01
-6.94228292e-01
-6.92015886e-01
-6.89796865e-01
-6.87571347e-01
-6.85339391e-01
-6.83100998e-01
-6.80856168e-01
-6.78604960e-01
-6.76347315e-01
-6.74083292e-01
-6.71812952e-01
-6.69536233e-01
-6.67253256e-01
-6.64963961e-01
-6.62668347e-01
-6.60366535e-01
-6.58058524e-01
-6.55744314e-01
-6.53423905e-01
-6.51097357e-01
-6.48764670e-01
-6.46425843e-01
-6.44080997e-01
-6.41730011e-01
-6.39373004e-01
-6.37009978e-01
-6.34640932e-01
-6.32265925e-01
-6.29885018e-01
-6.27498150e-01
-6.25105321e-01
-6.22706652e-01
-6.20302081e-01
-6.17891669e-01
-6.15475357e-01
-6.13053262e-01
-6.10625446e-01
-6.08191848e-01
-6.05752528e-01
-6.03307545e-01
-6.00856841e-01
-5.98400533e-01
-5.95938563e-01
-5.93470931e-01
-5.90997756e-01
-5.88519037e-01
-5.86034715e-01
-5.83544910e-01
-5.81049562e-01
-5.78548729e-01
-5.76042473e-01
-5.73530853e-01
-5.71013749e-01
-5.68491340e-01
-5.65963507e-01
-5.63430309e-01
-5.60891867e-01
-5.58348119e-01
-5.55799127e-01
-5.53244889e-01
-5.50685406e-01
-5.48120797e-01
-5.45551002e-01
-5.42976081e-01
-5.40396035e-01
-5.37810862e-01
-5.35220623e-01
-5.32625377e-01
-5.30025065e-01
-5.27419806e-01
-5.24809539e-01
-5.22194386e-01
-5.19574285e-01
-5.16949296e-01
-5.14319420e-01
-5.11684656e-01
-5.09045124e-01
-5.06400764e-01
-5.03751636e-01
-5.01097798e-01
-4.98439282e-01
-4.95776027e-01
-4.93108094e-01
-4.90435541e-01
-4.87758309e-01
-4.85076517e-01
-4.82390106e-01
-4.79699194e-01
-4.77003753e-01
-4.74303812e-01
-4.71599400e-01
-4.68890578e-01
-4.66177315e-01
-4.63459671e-01
-4.60737675e-01
-4.58011329e-01
-4.55280662e-01
-4.52545702e-01
-4.49806482e-01
-4.47062999e-01
-4.44315284e-01
-4.41563427e-01
-4.38807398e-01
-4.36047256e-01
-4.33282971e-01
-4.30514604e-01
-4.27742243e-01
-4.24965799e-01
-4.22185361e-01
-4.19400960e-01
-4.16612595e-01
-4.13820297e-01
-4.11024153e-01
-4.08224046e-01
-4.05420125e-01
-4.02612388e-01
-3.99800897e-01
-3.96985590e-01
-3.94166559e-01
-3.91343802e-01
-3.88517380e-01
-3.85687292e-01
-3.82853568e-01
-3.80016237e-01
-3.77175301e-01
-3.74330848e-01
-3.71482849e-01
-3.68631363e-01
-3.65776390e-01
-3.62917989e-01
-3.60056162e-01
-3.57190937e-01
-3.54322314e-01
-3.51450384e-01
-3.48575175e-01
-3.45696688e-01
-3.42814893e-01
-3.39929879e-01
-3.37041676e-01
-3.34150255e-01
-3.31255734e-01
-3.28358084e-01
-3.25457305e-01
-3.22553486e-01
-3.19646627e-01
-3.16736758e-01
-3.13823938e-01
-3.10908139e-01
-3.07989389e-01
-3.05067718e-01
-3.02143216e-01
-2.99215853e-01
-2.96285689e-01
-2.93352723e-01
-2.90416986e-01
-2.87478536e-01
-2.84537345e-01
-2.81593502e-01
-2.78646976e-01
-2.75697827e-01
-2.72746086e-01
-2.69791782e-01
-2.66834915e-01
-2.63875544e-01
-2.60913730e-01
-2.57949412e-01
-2.54982680e-01
-2.52013534e-01
-2.49042019e-01
-2.46068165e-01
-2.43091986e-01
-2.40113527e-01
-2.37132803e-01
-2.34149829e-01
-2.31164664e-01
-2.28177309e-01
-2.25187808e-01
-2.22196192e-01
-2.19202489e-01
-2.16206700e-01
-2.13208899e-01
-2.10209087e-01
-2.07207277e-01
-2.04203516e-01
-2.01197833e-01
-1.98190257e-01
-1.95180804e-01
-1.92169532e-01
-1.89156443e-01
-1.86141565e-01
-1.83124930e-01
-1.80106565e-01
-1.77086517e-01
-1.74064800e-01
-1.71041444e-01
-1.68016464e-01
-1.64989904e-01
-1.61961794e-01
-1.58932164e-01
-1.55901030e-01
-1.52868435e-01
-1.49834394e-01
-1.46798939e-01
-1.43762112e-01
-1.40723929e-01
-1.37684405e-01
-1.34643599e-01
-1.31601512e-01
-1.28558189e-01
-1.25513658e-01
-1.22467935e-01
-1.19421072e-01
-1.16373084e-01
-1.13323994e-01
-1.10273838e-01
-1.07222632e-01
-1.04170419e-01
-1.01117231e-01
-9.80630815e-02
-9.50080156e-02
-9.19520557e-02
-8.88952315e-02
-8.58375728e-02
-8.27791020e-02
-7.97198489e-02
-7.66598433e-02
-7.35991150e-02
-7.05377012e-02
-6.74756169e-02
-6.44128993e-02
-6.13495708e-02
-5.82856648e-02
-5.52212074e-02
-5.21562323e-02
-4.90907654e-02
-4.60248366e-02
-4.29584756e-02
-3.98917086e-02
-3.68245654e-02
-3.37570719e-02
-3.06892935e-02
-2.76211128e-02
-2.45526973e-02
-2.14835610e-02
-1.84205119e-02
-1.53646441e-02
-1.23659754e-02
-9.34453402e-03
-6.61463663e-03
-3.06951511e-03
-5.96046448e-08
5.96046448e-08
3.06951511e-03
