3.50977614e-04
7.27150997e-04
1.10512681e-03
1.48322224e-03
1.86131301e-03
2.23938702e-03
2.61744019e-03
2.99546891e-03
3.37346946e-03
3.75143881e-03
4.12937300e-03
4.50726831e-03
4.88512171e-03
5.26292948e-03
5.64068789e-03
6.01839321e-03
6.39604218e-03
6.77363202e-03
7.15115806e-03
7.52861751e-03
7.90600665e-03
8.28332081e-03
8.66055861e-03
9.03771631e-03
9.41478834e-03
9.79177188e-03
1.01686651e-02
1.05454624e-02
1.09221609e-02
1.12987570e-02
1.16752470e-02
1.20516270e-02
1.24278944e-02
1.28040463e-02
1.31800780e-02
1.35559868e-02
1.39317689e-02
1.43074198e-02
1.46829374e-02
1.50583182e-02
1.54335573e-02
1.58086531e-02
1.61835998e-02
1.65583938e-02
1.69330351e-02
1.73075181e-02
1.76818389e-02
1.80559922e-02
1.84299778e-02
1.88037921e-02
1.91774312e-02
1.95508897e-02
1.99241638e-02
2.02972554e-02
2.06701551e-02
2.10428629e-02
2.14153714e-02
2.17876807e-02
2.21597850e-02
2.25316845e-02
2.29033716e-02
2.32748445e-02
2.36460995e-02
2.40171347e-02
2.43879445e-02
2.47585252e-02
2.51288768e-02
2.54989918e-02
2.58688685e-02
2.62385029e-02
2.66078934e-02
2.69770343e-02
2.73459200e-02
2.77145524e-02
2.80829240e-02
2.84510348e-02
2.88188793e-02
2.91864537e-02
2.95537543e-02
2.99207792e-02
3.02875265e-02
3.06539908e-02
3.10201664e-02
3.13860513e-02
3.17516439e-02
3.21169421e-02
3.24819386e-02
3.28466296e-02
3.32110189e-02
3.35750915e-02
3.39388549e-02
3.43023017e-02
3.46654244e-02
3.50282267e-02
3.53906974e-02
3.57528366e-02
3.61146405e-02
3.64761092e-02
3.68372351e-02
3.71980183e-02
3.75584513e-02
3.79185304e-02
3.82782556e-02
3.86376269e-02
3.89966406e-02
3.93552855e-02
3.97135578e-02
4.00714613e-02
4.04289924e-02
4.07861434e-02
4.11429182e-02
4.14993018e-02
4.18553017e-02
4.22109067e-02
4.25661169e-02
4.29209284e-02
4.32753377e-02
4.36293446e-02
4.39829454e-02
4.43361327e-02
4.46889028e-02
4.50412631e-02
4.53931987e-02
4.57447059e-02
4.60957848e-02
4.64464314e-02
4.67966497e-02
4.71464247e-02
4.74957600e-02
4.78446521e-02
4.81930971e-02
4.85410914e-02
4.88886312e-02
4.92357127e-02
4.95823361e-02
4.99284938e-02
5.02741858e-02
5.06194085e-02
5.09641580e-02
5.13084307e-02
5.16522266e-02
5.19955382e-02
5.23383617e-02
5.26806936e-02
5.30225374e-02
5.33638783e-02
5.37047312e-02
5.40450737e-02
5.43849133e-02
5.47242425e-02
5.50630577e-02
5.54013625e-02
5.57391495e-02
5.60764149e-02
5.64131550e-02
5.67493662e-02
5.70850447e-02
5.74201941e-02
5.77548034e-02
5.80888689e-02
5.84223978e-02
5.87553754e-02
5.90878092e-02
5.94196878e-02
5.97510114e-02
6.00817725e-02
6.04119748e-02
6.07416071e-02
6.10706769e-02
6.13991730e-02
6.17270954e-02
6.20544441e-02
6.23812079e-02
6.27073944e-02
6.30329847e-02
6.33579940e-02
6.36824146e-02
6.40062392e-02
6.43294752e-02
6.46521002e-02
6.49741143e-02
6.52955323e-02
6.56163320e-02
6.59365132e-02
6.62560835e-02
6.65750280e-02
6.68933615e-02
6.72110617e-02
6.75281361e-02
6.78445771e-02
6.81603774e-02
6.84755519e-02
6.87900782e-02
6.91039637e-02
6.94172084e-02
6.97297975e-02
7.00417385e-02
7.03530312e-02
7.06636608e-02
7.09736347e-02
7.12829381e-02
7.15915710e-02
7.18995333e-02
7.22068250e-02
7.25134388e-02
7.28193745e-02
7.31246248e-02
7.34291971e-02
7.37330839e-02
7.40362853e-02
7.43387938e-02
7.46406019e-02
7.49417096e-02
7.52421170e-02
7.55418241e-02
7.58408159e-02
7.61391073e-02
7.64366835e-02
7.67335594e-02
7.70297274e-02
7.73251727e-02
7.76198879e-02
7.79138729e-02
7.82071203e-02
7.84996375e-02
7.87914172e-02
7.90824667e-02
7.93727785e-02
7.96623453e-02
7.99511671e-02
8.02392438e-02
8.05265680e-02
8.08131471e-02
8.10989588e-02
8.13840181e-02
8.16683099e-02
8.19518492e-02
8.22346136e-02
8.25166106e-02
8.27978402e-02
8.30782950e-02
8.33579749e-02
8.36368799e-02
8.39149952e-02
8.41923207e-02
8.44688565e-02
8.47446099e-02
8.50195587e-02
8.52937177e-02
8.55670720e-02
8.58396366e-02
8.61113966e-02
8.63823593e-02
8.66525099e-02
8.69218558e-02
8.71903822e-02
8.74580890e-02
8.77249762e-02
8.79910439e-02
8.82562920e-02
8.85207132e-02
8.87843072e-02
8.90470669e-02
8.93089995e-02
8.95700976e-02
8.98303613e-02
9.00897831e-02
9.03483629e-02
9.06061009e-02
9.08629820e-02
9.11190137e-02
9.13742036e-02
9.16285291e-02
9.18820053e-02
9.21346098e-02
9.23863649e-02
9.26372483e-02
9.28872675e-02
9.31364298e-02
9.33847204e-02
9.36321318e-02
9.38786715e-02
9.41243246e-02
9.43691060e-02
9.46130008e-02
9.48560089e-02
9.50981379e-02
9.53393728e-02
9.55797136e-02
9.58191678e-02
9.60577205e-02
9.62953791e-02
9.65321362e-02
9.67679918e-02
9.70029384e-02
9.72369835e-02
9.74701121e-02
9.77023393e-02
9.79336426e-02
9.81640294e-02
9.83935073e-02
9.86220539e-02
9.88496915e-02
9.90763977e-02
9.93021876e-02
9.95270461e-02
9.97509733e-02
9.99739692e-02
1.00196034e-01
1.00417159e-01
1.00637339e-01
1.00856580e-01
1.01074882e-01
1.01292238e-01
1.01508647e-01
1.01724111e-01
1.01938628e-01
1.02152199e-01
1.02364816e-01
1.02576479e-01
1.02787204e-01
1.02996960e-01
1.03205740e-01
1.03413552e-01
1.03620388e-01
1.03826262e-01
1.04031153e-01
1.04235068e-01
1.04438007e-01
1.04639970e-01
1.04840957e-01
1.05040967e-01
1.05239995e-01
1.05438039e-01
1.05635092e-01
1.05831161e-01
1.06026240e-01
1.06220327e-01
1.06413424e-01
1.06605522e-01
1.06796622e-01
1.06986716e-01
1.07175827e-01
1.07363924e-01
1.07551023e-01
1.07737117e-01
1.07922204e-01
1.08106278e-01
1.08289339e-01
1.08471386e-01
1.08652420e-01
1.08832441e-01
1.09011441e-01
1.09189421e-01
1.09366387e-01
1.09542325e-01
1.09717242e-01
1.09891132e-01
1.10063992e-01
1.10235833e-01
1.10406637e-01
1.10576414e-01
1.10745147e-01
1.10912852e-01
1.11079514e-01
1.11245140e-01
1.11409724e-01
1.11573279e-01
1.11735776e-01
1.11897238e-01
1.12057649e-01
1.12217009e-01
1.12375326e-01
1.12532593e-01
1.12688810e-01
1.12843968e-01
1.12998068e-01
1.13151118e-01
1.13303103e-01
1.13454022e-01
1.13603890e-01
1.13752693e-01
1.13900431e-01
1.14047103e-01
1.14192709e-01
1.14337243e-01
1.14480719e-01
1.14623114e-01
1.14764445e-01
1.14904694e-01
1.15043871e-01
1.15181975e-01
1.15319006e-01
1.15454964e-01
1.15589850e-01
1.15723640e-01
1.15856357e-01
1.15987979e-01
1.16118513e-01
1.16247959e-01
1.16376318e-01
1.16503589e-01
1.16629764e-01
1.16754845e-01
1.16878845e-01
1.17001742e-01
1.17123552e-01
1.17244259e-01
1.17363878e-01
1.17482394e-01
1.17599815e-01
1.17716141e-01
1.17831357e-01
1.17945470e-01
1.18058480e-01
1.18170395e-01
1.18281193e-01
1.18390895e-01
1.18499495e-01
1.18606992e-01
1.18713371e-01
1.18818641e-01
1.18922800e-01
1.19025849e-01
1.19127780e-01
1.19228601e-01
1.19328305e-01
1.19426899e-01
1.19524367e-01
1.19620726e-01
1.19715959e-01
1.19810075e-01
1.19903065e-01
1.19994946e-01
1.20085701e-01
1.20175339e-01
1.20263845e-01
1.20351233e-01
1.20437481e-01
1.20522603e-01
1.20606601e-01
1.20689474e-01
1.20771214e-01
1.20851822e-01
1.20931298e-01
1.21009640e-01
1.21086858e-01
1.21162929e-01
1.21237881e-01
1.21311687e-01
1.21384367e-01
1.21455915e-01
1.21526331e-01
1.21595599e-01
1.21663727e-01
1.21730715e-01
1.21796571e-01
1.21861286e-01
1.21924870e-01
1.21987306e-01
1.22048602e-01
1.22108757e-01
1.22167766e-01
1.22225635e-01
1.22282349e-01
1.22337930e-01
1.22392349e-01
1.22445635e-01
1.22497775e-01
1.22548774e-01
1.22598618e-01
1.22647315e-01
1.22694865e-01
1.22741275e-01
1.22786522e-01
1.22830629e-01
1.22873589e-01
1.22915387e-01
1.22956045e-01
1.22995555e-01
1.23033933e-01
1.23071149e-01
1.23107217e-01
1.23142138e-01
1.23175904e-01
1.23208523e-01
1.23239979e-01
1.23270288e-01
1.23299442e-01
1.23327456e-01
1.23354301e-01
1.23379998e-01
1.23404533e-01
1.23427920e-01
1.23450138e-01
1.23471208e-01
1.23491123e-01
1.23509876e-01
1.23527482e-01
1.23543926e-01
1.23559214e-01
1.23573348e-01
1.23586319e-01
1.23598143e-01
1.23608805e-01
1.23618312e-01
1.23626657e-01
1.23633854e-01
1.23639889e-01
1.23644769e-01
1.23648494e-01
1.23651065e-01
1.23652481e-01
1.23652734e-01
1.23651832e-01
1.23649769e-01
1.23646557e-01
1.23642176e-01
1.23636648e-01
1.23629950e-01
1.23622105e-01
1.23613097e-01
1.23602942e-01
1.23591624e-01
1.23579159e-01
1.23565532e-01
1.23550750e-01
1.23534814e-01
1.23517714e-01
1.23499468e-01
1.23480059e-01
1.23459496e-01
1.23437785e-01
1.23414904e-01
1.23390868e-01
1.23365670e-01
1.23339325e-01
1.23311818e-01
1.23283163e-01
1.23253353e-01
1.23222396e-01
1.23190291e-01
1.23157024e-01
1.23122618e-01
1.23087056e-01
1.23050354e-01
1.23012498e-01
1.22973494e-01
1.22933336e-01
1.22892037e-01
1.22849584e-01
1.22805983e-01
1.22761242e-01
1.22715354e-01
1.22668311e-01
1.22620128e-01
1.22570798e-01
1.22520320e-01
1.22468695e-01
1.22415923e-01
1.22362003e-01
1.22306943e-01
1.22250728e-01
1.22193381e-01
1.22134887e-01
1.22075252e-01
1.22014478e-01
1.21952556e-01
1.21889502e-01
1.21825308e-01
1.21759966e-01
1.21693492e-01
1.21625870e-01
1.21557117e-01
1.21487230e-01
1.21416204e-01
1.21344045e-01
1.21270753e-01
1.21196322e-01
1.21120758e-01
1.21044070e-01
1.20966248e-01
1.20887294e-01
1.20807208e-01
1.20725997e-01
1.20643653e-01
1.20560177e-01
1.20475583e-01
1.20389856e-01
1.20303005e-01
1.20215036e-01
1.20125927e-01
1.20035693e-01
1.19944349e-01
1.19851880e-01
1.19758300e-01
1.19663596e-01
1.19567774e-01
1.19470827e-01
1.19372770e-01
1.19273596e-01
1.19173311e-01
1.19071908e-01
1.18969403e-01
1.18865781e-01
1.18761048e-01
1.18655205e-01
1.18548259e-01
1.18440203e-01
1.18331045e-01
1.18220784e-01
1.18109420e-01
1.17996946e-01
1.17883377e-01
1.17768705e-01
1.17652923e-01
1.17536053e-01
1.17418088e-01
1.17299020e-01
1.17178857e-01
1.17057599e-01
1.16935246e-01
1.16811797e-01
1.16687253e-01
1.16561629e-01
1.16434917e-01
1.16307110e-01
1.16178222e-01
1.16048232e-01
1.15917154e-01
1.15784988e-01
1.15651742e-01
1.15517423e-01
1.15382031e-01
1.15245573e-01
1.15108028e-01
1.14969417e-01
1.14829734e-01
1.14688985e-01
1.14547156e-01
1.14404269e-01
1.14260301e-01
1.14115275e-01
1.13969177e-01
1.13822021e-01
1.13673799e-01
1.13524519e-01
1.13374166e-01
1.13222763e-01
1.13070294e-01
1.12916782e-01
1.12762205e-01
1.12606578e-01
1.12449899e-01
1.12292171e-01
1.12133399e-01
1.11973576e-01
1.11812711e-01
1.11650802e-01
1.11487858e-01
1.11323863e-01
1.11158840e-01
1.10992759e-01
1.10825650e-01
1.10657513e-01
1.10488340e-01
1.10318147e-01
1.10146917e-01
1.09974660e-01
1.09801374e-01
1.09627061e-01
1.09451719e-01
1.09275363e-01
1.09097980e-01
1.08919583e-01
1.08740181e-01
1.08559750e-01
1.08378313e-01
1.08195871e-01
1.08012408e-01
1.07827947e-01
1.07642479e-01
1.07456006e-01
1.07268520e-01
1.07080042e-01
1.06890567e-01
1.06700085e-01
1.06508620e-01
1.06316157e-01
1.06122702e-01
1.05928257e-01
1.05732828e-01
1.05536409e-01
1.05339006e-01
1.05140626e-01
1.04941264e-01
1.04740925e-01
1.04539603e-01
1.04337312e-01
1.04134031e-01
1.03929773e-01
1.03724547e-01
1.03518367e-01
1.03311203e-01
1.03103071e-01
1.02893978e-01
1.02683924e-01
1.02472924e-01
1.02260977e-01
1.02048084e-01
1.01834238e-01
1.01619437e-01
1.01403698e-01
1.01187013e-01
1.00969382e-01
1.00750811e-01
1.00531302e-01
1.00310855e-01
1.00089476e-01
9.98671576e-02
9.96439159e-02
9.94197503e-02
9.91946533e-02
9.89686400e-02
9.87416953e-02
9.85138416e-02
9.82850567e-02
9.80553702e-02
9.78247523e-02
9.75932330e-02
9.73608047e-02
9.71274674e-02
9.68932211e-02
9.66580659e-02
9.64220166e-02
9.61850733e-02
9.59472358e-02
9.57085043e-02
9.54688787e-02
9.52283740e-02
9.49869677e-02
9.47446823e-02
9.45015103e-02
9.42574590e-02
9.40125287e-02
9.37667191e-02
9.35200304e-02
9.32724699e-02
9.30240527e-02
9.27747637e-02
9.25246179e-02
9.22736004e-02
9.20217335e-02
9.17690024e-02
9.15154293e-02
9.12609920e-02
9.10057053e-02
9.07495767e-02
9.04925913e-02
9.02347565e-02
8.99760798e-02
8.97165760e-02
8.94562379e-02
8.91950801e-02
8.89330804e-02
8.86702612e-02
8.84066150e-02
8.81421417e-02
8.78768563e-02
8.76107439e-02
8.73438120e-02
8.70760605e-02
8.68075043e-02
8.65381435e-02
8.62679780e-02
8.59970003e-02
8.57252255e-02
8.54526609e-02
8.51792991e-02
8.49051476e-02
8.46302062e-02
8.43544677e-02
8.40779468e-02
8.38006362e-02
8.35225508e-02
8.32436904e-02
8.29640552e-02
8.26836377e-02
8.24024603e-02
8.21205154e-02
8.18378031e-02
8.15543383e-02
8.12701061e-02
8.09851140e-02
8.06993693e-02
8.04128796e-02
8.01256374e-02
7.98376575e-02
7.95489326e-02
7.92594627e-02
7.89692551e-02
7.86783174e-02
7.83866495e-02
7.80942440e-02
7.78011084e-02
7.75072426e-02
7.72126615e-02
7.69173652e-02
7.66213611e-02
7.63246417e-02
7.60272220e-02
7.57290870e-02
7.54302591e-02
7.51307234e-02
7.48304874e-02
7.45295510e-02
7.42279217e-02
7.39256069e-02
7.36226067e-02
7.33189210e-02
7.30145574e-02
7.27095157e-02
7.24037960e-02
7.20973983e-02
7.17903301e-02
7.14825988e-02
7.11741969e-02
7.08651319e-02
7.05554113e-02
7.02450350e-02
6.99340105e-02
6.96223378e-02
6.93100169e-02
6.89970478e-02
6.86834380e-02
6.83691949e-02
6.80543110e-02
6.77387938e-02
6.74226508e-02
6.71058819e-02
6.67884946e-02
6.64704815e-02
6.61518574e-02
6.58326074e-02
6.55127540e-02
6.51922897e-02
6.48712143e-02
6.45495355e-02
6.42272606e-02
6.39044046e-02
6.35809451e-02
6.32568970e-02
6.29322678e-02
6.26070425e-02
6.22812510e-02
6.19548708e-02
6.16279244e-02
6.13004044e-02
6.09723106e-02
6.06436543e-02
6.03144355e-02
5.99846542e-02
5.96543178e-02
5.93234301e-02
5.89919910e-02
5.86600043e-02
5.83274737e-02
5.79944029e-02
5.76607957e-02
5.73266521e-02
5.69919758e-02
5.66567704e-02
5.63210398e-02
5.59847914e-02
5.56480214e-02
5.53107336e-02
5.49729355e-02
5.46346270e-02
5.42958118e-02
5.39564975e-02
5.36166802e-02
5.32763675e-02
5.29355593e-02
5.25942631e-02
5.22524789e-02
5.19102067e-02
5.15674576e-02
5.12242243e-02
5.08805215e-02
5.05363531e-02
5.01917154e-02
4.98466119e-02
4.95010503e-02
4.91550304e-02
4.88085523e-02
4.84616198e-02
4.81142439e-02
4.77664247e-02
4.74181585e-02
4.70694527e-02
4.67203185e-02
4.63707522e-02
4.60207537e-02
4.56703342e-02
4.53194901e-02
4.49682251e-02
4.46165465e-02
4.42644581e-02
4.39119563e-02
4.35590483e-02
4.32057418e-02
4.28520404e-02
4.24979366e-02
4.21434417e-02
4.17885594e-02
4.14332896e-02
4.10776399e-02
4.07216102e-02
4.03652042e-02
4.00084294e-02
3.96512821e-02
3.92937697e-02
3.89358923e-02
3.85776572e-02
3.82190719e-02
3.78601328e-02
3.75008434e-02
3.71412076e-02
3.67812291e-02
3.64209153e-02
3.60602662e-02
3.56992856e-02
3.53379771e-02
3.49763371e-02
3.46143804e-02
3.42521071e-02
3.38895172e-02
3.35266106e-02
3.31634022e-02
3.27998884e-02
3.24360728e-02
3.20719592e-02
3.17075476e-02
3.13428491e-02
3.09778620e-02
3.06125898e-02
3.02470401e-02
2.98812091e-02
2.95151062e-02
2.91487314e-02
2.87820902e-02
2.84151863e-02
2.80480199e-02
2.76806001e-02
2.73129232e-02
2.69449987e-02
2.65768282e-02
2.62084138e-02
2.58397590e-02
2.54708696e-02
2.51017474e-02
2.47323979e-02
2.43628211e-02
2.39930227e-02
2.36230064e-02
2.32527740e-02
2.28823274e-02
2.25116741e-02
2.21408159e-02
2.17697565e-02
2.13984996e-02
2.10270472e-02
2.06554066e-02
2.02835780e-02
1.99115667e-02
1.95393749e-02
1.91670060e-02
1.87944621e-02
1.84217487e-02
1.80488676e-02
1.76758245e-02
1.73026212e-02
1.69292595e-02
1.65557470e-02
1.61820874e-02
1.58082824e-02
1.54343350e-02
1.50602488e-02
1.46860285e-02
1.43116778e-02
1.39371995e-02
1.35625955e-02
1.31878695e-02
1.28130270e-02
1.24380710e-02
1.20630050e-02
1.16878320e-02
1.13125555e-02
1.09371804e-02
1.05617074e-02
1.01861432e-02
9.81048867e-03
9.43474937e-03
9.05892719e-03
8.68302770e-03
8.30705371e-03
7.93100707e-03
7.55489338e-03
7.17871450e-03
6.80247461e-03
6.42617699e-03
6.04982628e-03
5.67342434e-03
5.29697631e-03
4.92048450e-03
4.54395264e-03
4.16738493e-03
3.79078416e-03
3.41415429e-03
3.03749880e-03
2.66082119e-03
2.28412496e-03
1.90741348e-03
1.53069047e-03
1.15395943e-03
7.77224021e-04
4.00487566e-04
2.37537697e-05
-3.52973904e-04
-7.29691936e-04
-1.10639678e-03
-1.48308487e-03
-1.85975269e-03
-2.23639701e-03
-2.61301361e-03
-2.98959948e-03
-3.36615113e-03
-3.74266459e-03
-4.11913684e-03
-4.49556438e-03
-4.87194303e-03
-5.24827046e-03
-5.62454155e-03
-6.00075442e-03
-6.37690350e-03
-6.75298739e-03
-7.12900050e-03
-7.50494143e-03
-7.88080599e-03
-8.25658999e-03
-8.63228925e-03
-9.00790188e-03
-9.38342325e-03
-9.75884963e-03
-1.01341782e-02
-1.05094053e-02
-1.08845271e-02
-1.12595418e-02
-1.16344448e-02
-1.20092323e-02
-1.23839006e-02
-1.27584469e-02
-1.31328674e-02
-1.35071585e-02
-1.38813155e-02
-1.42553374e-02
-1.46292197e-02
-1.50029566e-02
-1.53765483e-02
-1.57499872e-02
-1.61232743e-02
-1.64964031e-02
-1.68693718e-02
-1.72421765e-02
-1.76148154e-02
-1.79872792e-02
-1.83595717e-02
-1.87316816e-02
-1.91036128e-02
-1.94753557e-02
-1.98469125e-02
-2.02182736e-02
-2.05894392e-02
-2.09604073e-02
-2.13311706e-02
-2.17017271e-02
-2.20720749e-02
-2.24422105e-02
-2.28121281e-02
-2.31818277e-02
-2.35513020e-02
-2.39205491e-02
-2.42895652e-02
-2.46583484e-02
-2.50268951e-02
-2.53951997e-02
-2.57632583e-02
-2.61310693e-02
-2.64986288e-02
-2.68659350e-02
-2.72329804e-02
-2.75997687e-02
-2.79662907e-02
-2.83325445e-02
-2.86985263e-02
-2.90642325e-02
-2.94296592e-02
-2.97948029e-02
-3.01596615e-02
-3.05242315e-02
-3.08885109e-02
-3.12524922e-02
-3.16161774e-02
-3.19795571e-02
-3.23426314e-02
-3.27053964e-02
-3.30678485e-02
-3.34299877e-02
-3.37918028e-02
-3.41532938e-02
-3.45144607e-02
-3.48752998e-02
-3.52357998e-02
-3.55959684e-02
-3.59557942e-02
-3.63152809e-02
-3.66744176e-02
-3.70332077e-02
-3.73916402e-02
-3.77497189e-02
-3.81074362e-02
-3.84647883e-02
-3.88217792e-02
-3.91783938e-02
-3.95346396e-02
-3.98905016e-02
-4.02459912e-02
-4.06010896e-02
-4.09558043e-02
-4.13101315e-02
-4.16640677e-02
-4.20176052e-02
-4.23707403e-02
-4.27234732e-02
-4.30757962e-02
-4.34277132e-02
-4.37792130e-02
-4.41302992e-02
-4.44809645e-02
-4.48312089e-02
-4.51810248e-02
-4.55304086e-02
-4.58793640e-02
-4.62278835e-02
-4.65759598e-02
-4.69235927e-02
-4.72707823e-02
-4.76175211e-02
-4.79638055e-02
-4.83096354e-02
-4.86550070e-02
-4.89999168e-02
-4.93443646e-02
-4.96883430e-02
-5.00318445e-02
-5.03748767e-02
-5.07174321e-02
-5.10595031e-02
-5.14010862e-02
-5.17421812e-02
-5.20827845e-02
-5.24228923e-02
-5.27625047e-02
-5.31016141e-02
-5.34402169e-02
-5.37783206e-02
-5.41159064e-02
-5.44529855e-02
-5.47895469e-02
-5.51255904e-02
-5.54611087e-02
-5.57961017e-02
-5.61305620e-02
-5.64644933e-02
-5.67978919e-02
-5.71307503e-02
-5.74630685e-02
-5.77948391e-02
-5.81260622e-02
-5.84567375e-02
-5.87868541e-02
-5.91164194e-02
-5.94454221e-02
-5.97738586e-02
-6.01017326e-02
-6.04290329e-02
-6.07557595e-02
-6.10819124e-02
-6.14074878e-02
-6.17324822e-02
-6.20568916e-02
-6.23807162e-02
-6.27039522e-02
-6.30265921e-02
-6.33486435e-02
-6.36700988e-02
-6.39909431e-02
-6.43111840e-02
-6.46308064e-02
-6.49498254e-02
-6.52682260e-02
-6.55860081e-02
-6.59031644e-02
-6.62197098e-02
-6.65356219e-02
-6.68509081e-02
-6.71655610e-02
-6.74795732e-02
-6.77929595e-02
-6.81056976e-02
-6.84177876e-02
-6.87292367e-02
-6.90400302e-02
-6.93501756e-02
-6.96596578e-02
-6.99684918e-02
-7.02766627e-02
-7.05841705e-02
-7.08910078e-02
-7.11971670e-02
-7.15026557e-02
-7.18074664e-02
-7.21115991e-02
-7.24150538e-02
-7.27178231e-02
-7.30199069e-02
-7.33213052e-02
-7.36220106e-02
-7.39220157e-02
-7.42213205e-02
-7.45199248e-02
-7.48178214e-02
-7.51150176e-02
-7.54115060e-02
-7.57072791e-02
-7.60023445e-02
-7.62966946e-02
-7.65903145e-02
-7.68832117e-02
-7.71753788e-02
-7.74668157e-02
-7.77575225e-02
-7.80474991e-02
-7.83367231e-02
-7.86252171e-02
-7.89129734e-02
-7.91999847e-02
-7.94862509e-02
-7.97717646e-02
-8.00565258e-02
-8.03405270e-02
-8.06237683e-02
-8.09062421e-02
-8.11879560e-02
-8.14689100e-02
-8.17490891e-02
-8.20285007e-02
-8.23071301e-02
-8.25849921e-02
-8.28620791e-02
-8.31383765e-02
-8.34138840e-02
-8.36886093e-02
-8.39625373e-02
-8.42356756e-02
-8.45080167e-02
-8.47795680e-02
-8.50503072e-02
-8.53202567e-02
-8.55893940e-02
-8.58577341e-02
-8.61252621e-02
-8.63919780e-02
-8.66578743e-02
-8.69229510e-02
-8.71872008e-02
-8.74506384e-02
-8.77132416e-02
-8.79750252e-02
-8.82359743e-02
-8.84960964e-02
-8.87553841e-02
-8.90138447e-02
-8.92714635e-02
-8.95282403e-02
-8.97841677e-02
-9.00392383e-02
-9.02934670e-02
-9.05468389e-02
-9.07993615e-02
-9.10510272e-02
-9.13018361e-02
-9.15517807e-02
-9.18008611e-02
-9.20490772e-02
-9.22964290e-02
-9.25429165e-02
-9.27885324e-02
-9.30332690e-02
-9.32771266e-02
-9.35201049e-02
-9.37621966e-02
-9.40034091e-02
-9.42437425e-02
-9.44831818e-02
-9.47217345e-02
-9.49593857e-02
-9.51961428e-02
-9.54320058e-02
-9.56669748e-02
-9.59010348e-02
-9.61341932e-02
-9.63664427e-02
-9.65977758e-02
-9.68281999e-02
-9.70577225e-02
-9.72863212e-02
-9.75140110e-02
-9.77407768e-02
-9.79666263e-02
-9.81915444e-02
-9.84155461e-02
-9.86386240e-02
-9.88607779e-02
-9.90820006e-02
-9.93022844e-02
-9.95216221e-02
-9.97400284e-02
-9.99574959e-02
-1.00174017e-01
-1.00389600e-01
-1.00604236e-01
-1.00817926e-01
-1.01030670e-01
-1.01242468e-01
-1.01453319e-01
-1.01663209e-01
-1.01872154e-01
-1.02080144e-01
-1.02287173e-01
-1.02493234e-01
-1.02698311e-01
-1.02902427e-01
-1.03105560e-01
-1.03307724e-01
-1.03508905e-01
-1.03709117e-01
-1.03908353e-01
-1.04106613e-01
-1.04303889e-01
-1.04500182e-01
-1.04695491e-01
-1.04889825e-01
-1.05083160e-01
-1.05275512e-01
-1.05466865e-01
-1.05657227e-01
-1.05846599e-01
-1.06034964e-01
-1.06222339e-01
-1.06408715e-01
-1.06594086e-01
-1.06778450e-01
-1.06961817e-01
-1.07144170e-01
-1.07325524e-01
-1.07505858e-01
-1.07685186e-01
-1.07863493e-01
-1.08040795e-01
-1.08217075e-01
-1.08392335e-01
-1.08566582e-01
-1.08739793e-01
-1.08911999e-01
-1.09083168e-01
-1.09253310e-01
-1.09422430e-01
-1.09590515e-01
-1.09757565e-01
-1.09923594e-01
-1.10088579e-01
-1.10252529e-01
-1.10415451e-01
-1.10577323e-01
-1.10738158e-01
-1.10897943e-01
-1.11056693e-01
-1.11214392e-01
-1.11371048e-01
-1.11526661e-01
-1.11681223e-01
-1.11834735e-01
-1.11987188e-01
-1.12138592e-01
-1.12288937e-01
-1.12438224e-01
-1.12586454e-01
-1.12733625e-01
-1.12879731e-01
-1.13024779e-01
-1.13168761e-01
-1.13311686e-01
-1.13453537e-01
-1.13594316e-01
-1.13734029e-01
-1.13872677e-01
-1.14010260e-01
-1.14146754e-01
-1.14282183e-01
-1.14416532e-01
-1.14549808e-01
-1.14682011e-01
-1.14813134e-01
-1.14943191e-01
-1.15072161e-01
-1.15200050e-01
-1.15326844e-01
-1.15452550e-01
-1.15577169e-01
-1.15700692e-01
-1.15823127e-01
-1.15944475e-01
-1.16064727e-01
-1.16183884e-01
-1.16301961e-01
-1.16418935e-01
-1.16534822e-01
-1.16649605e-01
-1.16763294e-01
-1.16875887e-01
-1.16987377e-01
-1.17097773e-01
-1.17207058e-01
-1.17315248e-01
-1.17422327e-01
-1.17528312e-01
-1.17633201e-01
-1.17736965e-01
-1.17839642e-01
-1.17941193e-01
-1.18041642e-01
-1.18140988e-01
-1.18239224e-01
-1.18336342e-01
-1.18432343e-01
-1.18527226e-01
-1.18620992e-01
-1.18713655e-01
-1.18805200e-01
-1.18895628e-01
-1.18984938e-01
-1.19073138e-01
-1.19160213e-01
-1.19246177e-01
-1.19331010e-01
-1.19414724e-01
-1.19497314e-01
-1.19578786e-01
-1.19659133e-01
-1.19738348e-01
-1.19816445e-01
-1.19893402e-01
-1.19969241e-01
-1.20043948e-01
-1.20117523e-01
-1.20189965e-01
-1.20261282e-01
-1.20331466e-01
-1.20400518e-01
-1.20468438e-01
-1.20535225e-01
-1.20600887e-01
-1.20665409e-01
-1.20728798e-01
-1.20791055e-01
-1.20852172e-01
-1.20912164e-01
-1.20971009e-01
-1.21028714e-01
-1.21085294e-01
-1.21140726e-01
-1.21195026e-01
-1.21248178e-01
-1.21300198e-01
-1.21351071e-01
-1.21400803e-01
-1.21449403e-01
-1.21496856e-01
-1.21543169e-01
-1.21588342e-01
-1.21632367e-01
-1.21675245e-01
-1.21716976e-01
-1.21757567e-01
-1.21797003e-01
-1.21835299e-01
-1.21872455e-01
-1.21908464e-01
-1.21943325e-01
-1.21977039e-01
-1.22009605e-01
-1.22041024e-01
-1.22071303e-01
-1.22100435e-01
-1.22128427e-01
-1.22155249e-01
-1.22180939e-01
-1.22205473e-01
-1.22228861e-01
-1.22251108e-01
-1.22272201e-01
-1.22292139e-01
-1.22310936e-01
-1.22328579e-01
-1.22345082e-01
-1.22360431e-01
-1.22374624e-01
-1.22387670e-01
-1.22399576e-01
-1.22410327e-01
-1.22419938e-01
-1.22428395e-01
-1.22435704e-01
-1.22441858e-01
-1.22446872e-01
-1.22450724e-01
-1.22453429e-01
-1.22454986e-01
-1.22455396e-01
-1.22454651e-01
-1.22452766e-01
-1.22449726e-01
-1.22445531e-01
-1.22440189e-01
-1.22433707e-01
-1.22426070e-01
-1.22417286e-01
-1.22407347e-01
-1.22396268e-01
-1.22384042e-01
-1.22370675e-01
-1.22356147e-01
-1.22340463e-01
-1.22323640e-01
-1.22305669e-01
-1.22286543e-01
-1.22266278e-01
-1.22244857e-01
-1.22222297e-01
-1.22198582e-01
-1.22173727e-01
-1.22147724e-01
-1.22120574e-01
-1.22092277e-01
-1.22062840e-01
-1.22032247e-01
-1.22000508e-01
-1.21967629e-01
-1.21933602e-01
-1.21898428e-01
-1.21862106e-01
-1.21824637e-01
-1.21786021e-01
-1.21746264e-01
-1.21705361e-01
-1.21663317e-01
-1.21620141e-01
-1.21575817e-01
-1.21530354e-01
-1.21483751e-01
-1.21436015e-01
-1.21387132e-01
-1.21337116e-01
-1.21285953e-01
-1.21233657e-01
-1.21180221e-01
-1.21125646e-01
-1.21069938e-01
-1.21013097e-01
-1.20955124e-01
-1.20896012e-01
-1.20835774e-01
-1.20774396e-01
-1.20711885e-01
-1.20648235e-01
-1.20583475e-01
-1.20517567e-01
-1.20450541e-01
-1.20382383e-01
-1.20313086e-01
-1.20242670e-01
-1.20171122e-01
-1.20098449e-01
-1.20024636e-01
-1.19949713e-01
-1.19873650e-01
-1.19796470e-01
-1.19718164e-01
-1.19638734e-01
-1.19558185e-01
-1.19476505e-01
-1.19393721e-01
-1.19309820e-01
-1.19224794e-01
-1.19138665e-01
-1.19051419e-01
-1.18963055e-01
-1.18873581e-01
-1.18782982e-01
-1.18691273e-01
-1.18598454e-01
-1.18504524e-01
-1.18409485e-01
-1.18313335e-01
-1.18216082e-01
-1.18117712e-01
-1.18018240e-01
-1.17917672e-01
-1.17815986e-01
-1.17713206e-01
-1.17609330e-01
-1.17504343e-01
-1.17398269e-01
-1.17291078e-01
-1.17182791e-01
-1.17073409e-01
-1.16962932e-01
-1.16851360e-01
-1.16738692e-01
-1.16624936e-01
-1.16510086e-01
-1.16394147e-01
-1.16277114e-01
-1.16158985e-01
-1.16039768e-01
-1.15919456e-01
-1.15798064e-01
-1.15675583e-01
-1.15552023e-01
-1.15427375e-01
-1.15301646e-01
-1.15174852e-01
-1.15046978e-01
-1.14918031e-01
-1.14788018e-01
-1.14656925e-01
-1.14524759e-01
-1.14391528e-01
-1.14257216e-01
-1.14121847e-01
-1.13985397e-01
-1.13847896e-01
-1.13709316e-01
-1.13569684e-01
-1.13428980e-01
-1.13287218e-01
-1.13144390e-01
-1.13000505e-01
-1.12855569e-01
-1.12709574e-01
-1.12562522e-01
-1.12414420e-01
-1.12265266e-01
-1.12115063e-01
-1.11963809e-01
-1.11811511e-01
-1.11658171e-01
-1.11503787e-01
-1.11348361e-01
-1.11191891e-01
-1.11034378e-01
-1.10875838e-01
-1.10716254e-01
-1.10555641e-01
-1.10393994e-01
-1.10231310e-01
-1.10067599e-01
-1.09902851e-01
-1.09737083e-01
-1.09570287e-01
-1.09402470e-01
-1.09233633e-01
-1.09063767e-01
-1.08892880e-01
-1.08720988e-01
-1.08548068e-01
-1.08374141e-01
-1.08199202e-01
-1.08023256e-01
-1.07846297e-01
-1.07668333e-01
-1.07489362e-01
-1.07309386e-01
-1.07128419e-01
-1.06946446e-01
-1.06763475e-01
-1.06579497e-01
-1.06394537e-01
-1.06208570e-01
-1.06021620e-01
-1.05833687e-01
-1.05644755e-01
-1.05454847e-01
-1.05263941e-01
-1.05072066e-01
-1.04879208e-01
-1.04685366e-01
-1.04490548e-01
-1.04294755e-01
-1.04097985e-01
-1.03900246e-01
-1.03701532e-01
-1.03501841e-01
-1.03301175e-01
-1.03099540e-01
-1.02896951e-01
-1.02693409e-01
-1.02488913e-01
-1.02283470e-01
-1.02077074e-01
-1.01869732e-01
-1.01661436e-01
-1.01452202e-01
-1.01242021e-01
-1.01030894e-01
-1.00818828e-01
-1.00605816e-01
-1.00391872e-01
-1.00176990e-01
-9.99611765e-02
-9.97444242e-02
-9.95267481e-02
-9.93081555e-02
-9.90886316e-02
-9.88681912e-02
-9.86468270e-02
-9.84245539e-02
-9.82013568e-02
-9.79772359e-02
-9.77522135e-02
-9.75262821e-02
-9.72994417e-02
-9.70716923e-02
-9.68430340e-02
-9.66134667e-02
-9.63830054e-02
-9.61516500e-02
-9.59194005e-02
-9.56862643e-02
-9.54522267e-02
-9.52173099e-02
-9.49814990e-02
-9.47448090e-02
-9.45072398e-02
-9.42687765e-02
-9.40294415e-02
-9.37892273e-02
-9.35481489e-02
-9.33061987e-02
-9.30633843e-02
-9.28196982e-02
-9.25751552e-02
-9.23297480e-02
-9.20834839e-02
-9.18363705e-02
-9.15883929e-02
-9.13395733e-02
-9.10898969e-02
-9.08393711e-02
-9.05880034e-02
-9.03357863e-02
-9.00827348e-02
-8.98288488e-02
-8.95741284e-02
-8.93185735e-02
-8.90621915e-02
-8.88049826e-02
-8.85469466e-02
-8.82880986e-02
-8.80284235e-02
-8.77679288e-02
-8.75066146e-02
-8.72444883e-02
-8.69815573e-02
-8.67178142e-02
-8.64532664e-02
-8.61879215e-02
-8.59217718e-02
-8.56548324e-02
-8.53870884e-02
-8.51185620e-02
-8.48492384e-02
-8.45791250e-02
-8.43082219e-02
-8.40365365e-02
-8.37640762e-02
-8.34908411e-02
-8.32168236e-02
-8.29420388e-02
-8.26664865e-02
-8.23901743e-02
-8.21130872e-02
-8.18352476e-02
-8.15566480e-02
-8.12772885e-02
-8.09971690e-02
-8.07163045e-02
-8.04346949e-02
-8.01523402e-02
-7.98692405e-02
-7.95854107e-02
-7.93008283e-02
-7.90155232e-02
-7.87294805e-02
-7.84427077e-02
-7.81552047e-02
-7.78669715e-02
-7.75780156e-02
-7.72883445e-02
-7.69979581e-02
-7.67068714e-02
-7.64150694e-02
-7.61225671e-02
-7.58293569e-02
-7.55354539e-02
-7.52408504e-02
-7.49455467e-02
-7.46495426e-02
-7.43528605e-02
-7.40554929e-02
-7.37574324e-02
-7.34586939e-02
-7.31592774e-02
-7.28591755e-02
-7.25584105e-02
-7.22569674e-02
-7.19548613e-02
-7.16520846e-02
-7.13486448e-02
-7.10445493e-02
-7.07397982e-02
-7.04343915e-02
-7.01283365e-02
-6.98216334e-02
-6.95142820e-02
-6.92062974e-02
-6.88976645e-02
-6.85883984e-02
-6.82784989e-02
-6.79679736e-02
-6.76568151e-02
-6.73450381e-02
-6.70326427e-02
-6.67196289e-02
-6.64060041e-02
-6.60917610e-02
-6.57768995e-02
-6.54614419e-02
-6.51453808e-02
-6.48287162e-02
-6.45114630e-02
-6.41936138e-02
-6.38751835e-02
-6.35561571e-02
-6.32365495e-02
-6.29163533e-02
-6.25955835e-02
-6.22742325e-02
-6.19523078e-02
-6.16298169e-02
-6.13067560e-02
-6.09831363e-02
-6.06589504e-02
-6.03342094e-02
-6.00089170e-02
-5.96830733e-02
-5.93566820e-02
-5.90297431e-02
-5.87022603e-02
-5.83742373e-02
-5.80456853e-02
-5.77165969e-02
-5.73869832e-02
-5.70568405e-02
-5.67261726e-02
-5.63949868e-02
-5.60632832e-02
-5.57310693e-02
-5.53983450e-02
-5.50651103e-02
-5.47313727e-02
-5.43971360e-02
-5.40624037e-02
-5.37271723e-02
-5.33914454e-02
-5.30552343e-02
-5.27185351e-02
-5.23813516e-02
-5.20436950e-02
-5.17055616e-02
-5.13669625e-02
-5.10278903e-02
-5.06883524e-02
-5.03483489e-02
-5.00078909e-02
-4.96669747e-02
-4.93256077e-02
-4.89837900e-02
-4.86415252e-02
-4.82988209e-02
-4.79556732e-02
-4.76120859e-02
-4.72680703e-02
-4.69236225e-02
-4.65787537e-02
-4.62334566e-02
-4.58877385e-02
-4.55416068e-02
-4.51950580e-02
-4.48480994e-02
-4.45007347e-02
-4.41529676e-02
-4.38047983e-02
-4.34562340e-02
-4.31072712e-02
-4.27579209e-02
-4.24081795e-02
-4.20580581e-02
-4.17075530e-02
-4.13566753e-02
-4.10054177e-02
-4.06537950e-02
-4.03018035e-02
-3.99494469e-02
-3.95967290e-02
-3.92436571e-02
-3.88902314e-02
-3.85364555e-02
-3.81823294e-02
-3.78278606e-02
-3.74730490e-02
-3.71179059e-02
-3.67624238e-02
-3.64066139e-02
-3.60504799e-02
-3.56940217e-02
-3.53372395e-02
-3.49801444e-02
-3.46227325e-02
-3.42650115e-02
-3.39069851e-02
-3.35486569e-02
-3.31900269e-02
-3.28311026e-02
-3.24718840e-02
-3.21123786e-02
-3.17525864e-02
-3.13925110e-02
-3.10321543e-02
-3.06715239e-02
-3.03106196e-02
-2.99494490e-02
-2.95880102e-02
-2.92263106e-02
-2.88643539e-02
-2.85021383e-02
-2.81396750e-02
-2.77769621e-02
-2.74140034e-02
-2.70508043e-02
-2.66873669e-02
-2.63236929e-02
-2.59597879e-02
-2.55956575e-02
-2.52312999e-02
-2.48667244e-02
-2.45019309e-02
-2.41369233e-02
-2.37717051e-02
-2.34062802e-02
-2.30406523e-02
-2.26748250e-02
-2.23088004e-02
-2.19425838e-02
-2.15761755e-02
-2.12095827e-02
-2.08428092e-02
-2.04758532e-02
-2.01087240e-02
-1.97414234e-02
-1.93739533e-02
-1.90063193e-02
-1.86385233e-02
-1.82705689e-02
-1.79024581e-02
-1.75341982e-02
-1.71657875e-02
-1.67972334e-02
-1.64285377e-02
-1.60597079e-02
-1.56907439e-02
-1.53216487e-02
-1.49524277e-02
-1.45830838e-02
-1.42136198e-02
-1.38440393e-02
-1.34743471e-02
-1.31045459e-02
-1.27346385e-02
-1.23646287e-02
-1.19945211e-02
-1.16243176e-02
-1.12540228e-02
-1.08836405e-02
-1.05131734e-02
-1.01426262e-02
-9.77199990e-03
-9.40130092e-03
-9.03053116e-03
-8.65969621e-03
-8.28879699e-03
-7.91783910e-03
-7.54682394e-03
-7.17575662e-03
-6.80463947e-03
-6.43347809e-03
-6.06226921e-03
-5.69103938e-03
-5.31971967e-03
-4.94854152e-03
-4.57678409e-03
-4.20675194e-03
-3.83114582e-03
-3.47314565e-03
-3.05917603e-03
-2.82269344e-03
-2.02370435e-03
-3.06951511e-03
-5.96046448e-08
5.96046448e-08
3.06951511e-03
