2.23759725e-03
4.63582668e-03
7.04554748e-03
9.45603196e-03
1.18664885e-02
1.42768417e-02
1.66870635e-02
1.90971326e-02
2.15070266e-02
2.39167213e-02
2.63261981e-02
2.87354346e-02
3.11444066e-02
3.35530937e-02
3.59614752e-02
3.83695289e-02
4.07772288e-02
4.31845561e-02
4.55914885e-02
4.79980037e-02
5.04040793e-02
5.28096929e-02
5.52148223e-02
5.76194488e-02
6.00235462e-02
6.24270923e-02
6.48300648e-02
6.72324523e-02
6.96342215e-02
7.20353499e-02
7.44358227e-02
7.68356100e-02
7.92346969e-02
8.16330612e-02
8.40306729e-02
8.64275172e-02
8.88235718e-02
9.12188068e-02
9.36132148e-02
9.60067585e-02
9.83994156e-02
1.00791186e-01
1.03182025e-01
1.05571926e-01
1.07960857e-01
1.10348791e-01
1.12735726e-01
1.15121618e-01
1.17506467e-01
1.19890235e-01
1.22272909e-01
1.24654457e-01
1.27034858e-01
1.29414111e-01
1.31792158e-01
1.34169012e-01
1.36544630e-01
1.38918996e-01
1.41292095e-01
1.43663898e-01
1.46034375e-01
1.48403525e-01
1.50771305e-01
1.53137714e-01
1.55502722e-01
1.57866299e-01
1.60228446e-01
1.62589103e-01
1.64948285e-01
1.67305946e-01
1.69662058e-01
1.72016621e-01
1.74369633e-01
1.76721036e-01
1.79070815e-01
1.81418955e-01
1.83765441e-01
1.86110228e-01
1.88453317e-01
1.90794677e-01
1.93134278e-01
1.95472106e-01
1.97808146e-01
2.00142369e-01
2.02474773e-01
2.04805300e-01
2.07133949e-01
2.09460720e-01
2.11785585e-01
2.14108467e-01
2.16429397e-01
2.18748361e-01
2.21065298e-01
2.23380223e-01
2.25693092e-01
2.28003904e-01
2.30312616e-01
2.32619196e-01
2.34923661e-01
2.37225950e-01
2.39526078e-01
2.41824001e-01
2.44119704e-01
2.46413171e-01
2.48704374e-01
2.50993311e-01
2.53279924e-01
2.55564183e-01
2.57846117e-01
2.60125697e-01
2.62402892e-01
2.64677674e-01
2.66950041e-01
2.69219935e-01
2.71487385e-01
2.73752302e-01
2.76014745e-01
2.78274626e-01
2.80531973e-01
2.82786697e-01
2.85038859e-01
2.87288398e-01
2.89535314e-01
2.91779548e-01
2.94021130e-01
2.96259999e-01
2.98496127e-01
3.00729513e-01
3.02960128e-01
3.05188000e-01
3.07413042e-01
3.09635282e-01
3.11854661e-01
3.14071178e-01
3.16284776e-01
3.18495512e-01
3.20703298e-01
3.22908133e-01
3.25109988e-01
3.27308863e-01
3.29504728e-01
3.31697583e-01
3.33887339e-01
3.36074054e-01
3.38257670e-01
3.40438187e-01
3.42615575e-01
3.44789773e-01
3.46960843e-01
3.49128693e-01
3.51293355e-01
3.53454769e-01
3.55612904e-01
3.57767791e-01
3.59919399e-01
3.62067670e-01
3.64212632e-01
3.66354257e-01
3.68492484e-01
3.70627344e-01
3.72758776e-01
3.74886751e-01
3.77011299e-01
3.79132360e-01
3.81249934e-01
3.83364022e-01
3.85474533e-01
3.87581527e-01
3.89684945e-01
3.91784787e-01
3.93880993e-01
3.95973563e-01
3.98062527e-01
4.00147796e-01
4.02229398e-01
4.04307276e-01
4.06381428e-01
4.08451855e-01
4.10518467e-01
4.12581354e-01
4.14640397e-01
4.16695684e-01
4.18747127e-01
4.20794696e-01
4.22838390e-01
4.24878150e-01
4.26914006e-01
4.28945899e-01
4.30973858e-01
4.32997823e-01
4.35017794e-01
4.37033772e-01
4.39045697e-01
4.41053569e-01
4.43057388e-01
4.45057124e-01
4.47052747e-01
4.49044228e-01
4.51031595e-01
4.53014791e-01
4.54993784e-01
4.56968576e-01
4.58939165e-01
4.60905552e-01
4.62867647e-01
4.64825481e-01
4.66779023e-01
4.68728215e-01
4.70673144e-01
4.72613692e-01
4.74549860e-01
4.76481646e-01
4.78409052e-01
4.80332017e-01
4.82250541e-01
4.84164625e-01
4.86074209e-01
4.87979352e-01
4.89879966e-01
4.91776019e-01
4.93667543e-01
4.95554507e-01
4.97436851e-01
4.99314636e-01
5.01187801e-01
5.03056347e-01
5.04920244e-01
5.06779432e-01
5.08633971e-01
5.10483801e-01
5.12328982e-01
5.14169395e-01
5.16005039e-01
5.17835975e-01
5.19662142e-01
5.21483481e-01
5.23299932e-01
5.25111556e-01
5.26918292e-01
5.28720140e-01
5.30517042e-01
5.32309115e-01
5.34096181e-01
5.35878360e-01
5.37655592e-01
5.39427817e-01
5.41195095e-01
5.42957306e-01
5.44714570e-01
5.46466768e-01
5.48213899e-01
5.49956024e-01
5.51692963e-01
5.53424776e-01
5.55151463e-01
5.56873024e-01
5.58589399e-01
5.60300648e-01
5.62006652e-01
5.63707471e-01
5.65403044e-01
5.67093432e-01
5.68778515e-01
5.70458412e-01
5.72133005e-01
5.73802233e-01
5.75466096e-01
5.77124655e-01
5.78777790e-01
5.80425560e-01
5.82068026e-01
5.83705008e-01
5.85336626e-01
5.86962759e-01
5.88583469e-01
5.90198696e-01
5.91808498e-01
5.93412817e-01
5.95011592e-01
5.96604943e-01
5.98192751e-01
5.99774957e-01
6.01351559e-01
6.02922559e-01
6.04488015e-01
6.06047869e-01
6.07602060e-01
6.09150648e-01
6.10693514e-01
6.12230778e-01
6.13762319e-01
6.15288258e-01
6.16808474e-01
6.18322968e-01
6.19831800e-01
6.21334910e-01
6.22832239e-01
6.24323726e-01
6.25809371e-01
6.27289176e-01
6.28763139e-01
6.30231202e-01
6.31693363e-01
6.33149683e-01
6.34600103e-01
6.36044621e-01
6.37483239e-01
6.38915956e-01
6.40342772e-01
6.41763568e-01
6.43178403e-01
6.44587278e-01
6.45990193e-01
6.47387087e-01
6.48777962e-01
6.50162756e-01
6.51541591e-01
6.52914286e-01
6.54280901e-01
6.55641377e-01
6.56995773e-01
6.58344090e-01
6.59686267e-01
6.61022305e-01
6.62352204e-01
6.63675904e-01
6.64993405e-01
6.66304708e-01
6.67609870e-01
6.68908834e-01
6.70201600e-01
6.71488166e-01
6.72768414e-01
6.74042344e-01
6.75309956e-01
6.76571310e-01
6.77826345e-01
6.79075062e-01
6.80317461e-01
6.81553423e-01
6.82783127e-01
6.84006393e-01
6.85223341e-01
6.86433911e-01
6.87638104e-01
6.88835859e-01
6.90027177e-01
6.91212058e-01
6.92390501e-01
6.93562567e-01
6.94728136e-01
6.95887268e-01
6.97039962e-01
6.98186100e-01
6.99325681e-01
7.00458705e-01
7.01585174e-01
7.02705085e-01
7.03818440e-01
7.04925239e-01
7.06025481e-01
7.07119107e-01
7.08206117e-01
7.09286571e-01
7.10360408e-01
7.11427569e-01
7.12488115e-01
7.13541925e-01
7.14589179e-01
7.15629756e-01
7.16663718e-01
7.17691064e-01
7.18711734e-01
7.19725728e-01
7.20733047e-01
7.21733570e-01
7.22727299e-01
7.23714232e-01
7.24694431e-01
7.25667834e-01
7.26634443e-01
7.27594256e-01
7.28547215e-01
7.29493380e-01
7.30432689e-01
7.31365263e-01
7.32290983e-01
7.33209908e-01
7.34121919e-01
7.35027075e-01
7.35925317e-01
7.36816764e-01
7.37701297e-01
7.38578975e-01
7.39449680e-01
7.40313590e-01
7.41170526e-01
7.42020607e-01
7.42863715e-01
7.43699908e-01
7.44529188e-01
7.45351553e-01
7.46166945e-01
7.46975362e-01
7.47776747e-01
7.48571098e-01
7.49358416e-01
7.50138760e-01
7.50912070e-01
7.51678288e-01
7.52437532e-01
7.53189683e-01
7.53934860e-01
7.54672945e-01
7.55403936e-01
7.56127834e-01
7.56844699e-01
7.57554471e-01
7.58257091e-01
7.58952618e-01
7.59641051e-01
7.60322392e-01
7.60996580e-01
7.61663675e-01
7.62323618e-01
7.62976468e-01
7.63622165e-01
7.64260769e-01
7.64892161e-01
7.65516460e-01
7.66133547e-01
7.66743481e-01
7.67346263e-01
7.67941892e-01
7.68530369e-01
7.69111693e-01
7.69685864e-01
7.70252824e-01
7.70812571e-01
7.71365047e-01
7.71910250e-01
7.72448182e-01
7.72978842e-01
7.73502231e-01
7.74018347e-01
7.74527192e-01
7.75028765e-01
7.75523067e-01
7.76010096e-01
7.76489794e-01
7.76962280e-01
7.77427495e-01
7.77885377e-01
7.78335989e-01
7.78779387e-01
7.79215455e-01
7.79644251e-01
7.80065775e-01
7.80479968e-01
7.80886889e-01
7.81286418e-01
7.81678677e-01
7.82063544e-01
7.82441139e-01
7.82811344e-01
7.83174276e-01
7.83529758e-01
7.83878028e-01
7.84218907e-01
7.84552515e-01
7.84878731e-01
7.85197556e-01
7.85509050e-01
7.85813153e-01
7.86109924e-01
7.86399364e-01
7.86681354e-01
7.86956012e-01
7.87223279e-01
7.87483156e-01
7.87735581e-01
7.87980676e-01
7.88218319e-01
7.88448632e-01
7.88671553e-01
7.88887024e-01
7.89095163e-01
7.89295912e-01
7.89489269e-01
7.89675295e-01
7.89853871e-01
7.90025115e-01
7.90188909e-01
7.90345371e-01
7.90494382e-01
7.90636003e-01
7.90770233e-01
7.90897071e-01
7.91016519e-01
7.91128516e-01
7.91233122e-01
7.91330338e-01
7.91420043e-01
7.91502357e-01
7.91577280e-01
7.91644692e-01
7.91704595e-01
7.91756988e-01
7.91801870e-01
7.91839242e-01
7.91869104e-01
7.91891456e-01
7.91906297e-01
7.91913629e-01
7.91913450e-01
7.91905820e-01
7.91890681e-01
7.91868150e-01
7.91838109e-01
7.91800559e-01
7.91755497e-01
7.91702926e-01
7.91642845e-01
7.91575253e-01
7.91500151e-01
7.91417539e-01
7.91327417e-01
7.91229784e-01
7.91124642e-01
7.91011989e-01
7.90891886e-01
7.90764391e-01
7.90629447e-01
7.90487111e-01
7.90337384e-01
7.90180266e-01
7.90015697e-01
7.89843738e-01
7.89664388e-01
7.89477646e-01
7.89283514e-01
7.89082050e-01
7.88873136e-01
7.88656712e-01
7.88432956e-01
7.88201809e-01
7.87963331e-01
7.87717402e-01
7.87464082e-01
7.87203431e-01
7.86935329e-01
7.86659896e-01
7.86377132e-01
7.86086977e-01
7.85789371e-01
7.85484433e-01
7.85172045e-01
7.84852326e-01
7.84525156e-01
7.84190655e-01
7.83848822e-01
7.83499539e-01
7.83142984e-01
7.82779038e-01
7.82407820e-01
7.82029152e-01
7.81643152e-01
7.81249821e-01
7.80849159e-01
7.80441165e-01
7.80025780e-01
7.79603124e-01
7.79173076e-01
7.78735816e-01
7.78291166e-01
7.77839184e-01
7.77379870e-01
7.76913285e-01
7.76439369e-01
7.75958240e-01
7.75469780e-01
7.74974048e-01
7.74471045e-01
7.73960769e-01
7.73443222e-01
7.72918403e-01
7.72386312e-01
7.71846950e-01
7.71300316e-01
7.70746410e-01
7.70185232e-01
7.69616783e-01
7.69041061e-01
7.68458068e-01
7.67867804e-01
7.67270267e-01
7.66665459e-01
7.66053438e-01
7.65434265e-01
7.64807940e-01
7.64174461e-01
7.63533831e-01
7.62886047e-01
7.62231112e-01
7.61569023e-01
7.60899782e-01
7.60223389e-01
7.59539843e-01
7.58849144e-01
7.58151293e-01
7.57446349e-01
7.56734192e-01
7.56015003e-01
7.55288661e-01
7.54555166e-01
7.53814638e-01
7.53067017e-01
7.52312303e-01
7.51550436e-01
7.50781476e-01
7.50005543e-01
7.49222517e-01
7.48432457e-01
7.47635305e-01
7.46831179e-01
7.46020019e-01
7.45201826e-01
7.44376600e-01
7.43544340e-01
7.42705047e-01
7.41858721e-01
7.41005361e-01
7.40145028e-01
7.39277780e-01
7.38403618e-01
7.37522542e-01
7.36634552e-01
7.35739589e-01
7.34837770e-01
7.33928978e-01
7.33013391e-01
7.32090890e-01
7.31161475e-01
7.30225205e-01
7.29282081e-01
7.28332043e-01
7.27375269e-01
7.26411581e-01
7.25441039e-01
7.24463642e-01
7.23479509e-01
7.22488523e-01
7.21490800e-01
7.20486224e-01
7.19474852e-01
7.18456686e-01
7.17431724e-01
7.16399968e-01
7.15361416e-01
7.14316130e-01
7.13264108e-01
7.12205410e-01
7.11140096e-01
7.10068107e-01
7.08989501e-01
7.07904160e-01
7.06812143e-01
7.05713511e-01
7.04608262e-01
7.03496337e-01
7.02377915e-01
7.01252818e-01
7.00121164e-01
6.98982894e-01
6.97838068e-01
6.96686625e-01
6.95528626e-01
6.94364130e-01
6.93193018e-01
6.92015409e-01
6.90831244e-01
6.89640522e-01
6.88443363e-01
6.87239647e-01
6.86029553e-01
6.84813023e-01
6.83590055e-01
6.82360649e-01
6.81124747e-01
6.79882526e-01
6.78633869e-01
6.77378833e-01
6.76117480e-01
6.74849689e-01
6.73575580e-01
6.72295094e-01
6.71008289e-01
6.69715226e-01
6.68415785e-01
6.67110085e-01
6.65798008e-01
6.64479673e-01
6.63155019e-01
6.61824167e-01
6.60487115e-01
6.59143865e-01
6.57794416e-01
6.56438708e-01
6.55076861e-01
6.53708816e-01
6.52334690e-01
6.50954366e-01
6.49567902e-01
6.48175359e-01
6.46776736e-01
6.45371974e-01
6.43961191e-01
6.42544329e-01
6.41121387e-01
6.39692366e-01
6.38257384e-01
6.36816323e-01
6.35369301e-01
6.33916378e-01
6.32457435e-01
6.30992591e-01
6.29521787e-01
6.28045142e-01
6.26562476e-01
6.25073969e-01
6.23579562e-01
6.22079372e-01
6.20573223e-01
6.19061172e-01
6.17543280e-01
6.16019547e-01
6.14489913e-01
6.12954557e-01
6.11413300e-01
6.09866321e-01
6.08313680e-01
6.06755435e-01
6.05191469e-01
6.03621900e-01
6.02046549e-01
6.00465596e-01
5.98878920e-01
5.97286701e-01
5.95688820e-01
5.94085336e-01
5.92476249e-01
5.90861559e-01
5.89241266e-01
5.87615430e-01
5.85984051e-01
5.84347129e-01
5.82704723e-01
5.81056893e-01
5.79403639e-01
5.77744842e-01
5.76080680e-01
5.74411094e-01
5.72736084e-01
5.71055710e-01
5.69369912e-01
5.67678750e-01
5.65982223e-01
5.64280331e-01
5.62573135e-01
5.60860574e-01
5.59142768e-01
5.57419717e-01
5.55691421e-01
5.53957880e-01
5.52219152e-01
5.50475240e-01
5.48726141e-01
5.46971798e-01
5.45212388e-01
5.43447793e-01
5.41678131e-01
5.39903343e-01
5.38123429e-01
5.36338449e-01
5.34548402e-01
5.32753348e-01
5.30953288e-01
5.29148281e-01
5.27338266e-01
5.25523305e-01
5.23703396e-01
5.21878600e-01
5.20048797e-01
5.18214107e-01
5.16374588e-01
5.14530182e-01
5.12680888e-01
5.10826707e-01
5.08967757e-01
5.07103980e-01
5.05235434e-01
5.03362179e-01
5.01484275e-01
4.99601573e-01
4.97714221e-01
4.95822161e-01
4.93925422e-01
4.92024034e-01
4.90118027e-01
4.88207430e-01
4.86292183e-01
4.84372377e-01
4.82447982e-01
4.80519086e-01
4.78585660e-01
4.76647705e-01
4.74705279e-01
4.72758353e-01
4.70807016e-01
4.68851238e-01
4.66891021e-01
4.64926422e-01
4.62957412e-01
4.60984081e-01
4.59006399e-01
4.57024395e-01
4.55038100e-01
4.53047484e-01
4.51052636e-01
4.49053496e-01
4.47050184e-01
4.45042640e-01
4.43030894e-01
4.41014975e-01
4.38994884e-01
4.36970681e-01
4.34942335e-01
4.32909906e-01
4.30873394e-01
4.28832829e-01
4.26788241e-01
4.24739629e-01
4.22687024e-01
4.20630425e-01
4.18569863e-01
4.16505367e-01
4.14436907e-01
4.12364602e-01
4.10288364e-01
4.08208251e-01
4.06124294e-01
4.04036492e-01
4.01944935e-01
3.99849594e-01
3.97750497e-01
3.95647645e-01
3.93541038e-01
3.91430736e-01
3.89316767e-01
3.87199134e-01
3.85077834e-01
3.82952929e-01
3.80824357e-01
3.78692240e-01
3.76556545e-01
3.74417305e-01
3.72274548e-01
3.70128274e-01
3.67978513e-01
3.65825295e-01
3.63668650e-01
3.61508548e-01
3.59345049e-01
3.57178152e-01
3.55007917e-01
3.52834344e-01
3.50657433e-01
3.48477215e-01
3.46293747e-01
3.44106972e-01
3.41916978e-01
3.39723766e-01
3.37527364e-01
3.35327774e-01
3.33124995e-01
3.30919087e-01
3.28710079e-01
3.26497972e-01
3.24282825e-01
3.22064579e-01
3.19843292e-01
3.17618996e-01
3.15391690e-01
3.13161463e-01
3.10928255e-01
3.08692127e-01
3.06453079e-01
3.04211140e-01
3.01966339e-01
2.99718708e-01
2.97468275e-01
2.95214981e-01
2.92958945e-01
2.90700138e-01
2.88438618e-01
2.86174357e-01
2.83907413e-01
2.81637818e-01
2.79365540e-01
2.77090639e-01
2.74813116e-01
2.72533000e-01
2.70250291e-01
2.67965078e-01
2.65677333e-01
2.63387054e-01
2.61094332e-01
2.58799165e-01
2.56501526e-01
2.54201472e-01
2.51899034e-01
2.49594256e-01
2.47287095e-01
2.44977623e-01
2.42665827e-01
2.40351766e-01
2.38035440e-01
2.35716850e-01
2.33396038e-01
2.31073022e-01
2.28747830e-01
2.26420492e-01
2.24091023e-01
2.21759424e-01
2.19425753e-01
2.17090011e-01
2.14752227e-01
2.12412417e-01
2.10070610e-01
2.07726821e-01
2.05381066e-01
2.03033388e-01
2.00683802e-01
1.98332310e-01
1.95978954e-01
1.93623766e-01
1.91266745e-01
1.88907921e-01
1.86547324e-01
1.84184983e-01
1.81820899e-01
1.79455101e-01
1.77087605e-01
1.74718454e-01
1.72347650e-01
1.69975221e-01
1.67601183e-01
1.65225565e-01
1.62848398e-01
1.60469711e-01
1.58089489e-01
1.55707791e-01
1.53324634e-01
1.50940016e-01
1.48553997e-01
1.46166563e-01
1.43777758e-01
1.41387597e-01
1.38996094e-01
1.36603296e-01
1.34209216e-01
1.31813854e-01
1.29417256e-01
1.27019435e-01
1.24620415e-01
1.22220233e-01
1.19818896e-01
1.17416434e-01
1.15012862e-01
1.12608209e-01
1.10202491e-01
1.07795738e-01
1.05387971e-01
1.02979206e-01
1.00569472e-01
9.81587917e-02
9.57471877e-02
9.33346748e-02
9.09212902e-02
8.85070413e-02
8.60919580e-02
8.36760700e-02
8.12593922e-02
7.88419470e-02
7.64237642e-02
7.40048587e-02
7.15852603e-02
6.91649765e-02
6.67440519e-02
6.43225014e-02
6.19003363e-02
5.94775900e-02
5.70542850e-02
5.46304435e-02
5.22060879e-02
4.97812405e-02
4.73559238e-02
4.49301638e-02
4.25039753e-02
4.00773883e-02
3.76504250e-02
3.52231041e-02
3.27954479e-02
3.03674862e-02
2.79392377e-02
2.55107246e-02
2.30819713e-02
2.06530020e-02
1.82238389e-02
1.57945026e-02
1.33650191e-02
1.09354099e-02
8.50569829e-03
6.07590564e-03
3.64605640e-03
1.21617282e-03
-1.21372216e-03
-3.64360563e-03
-6.07345439e-03
-8.50324612e-03
-1.09329578e-02
-1.33625669e-02
-1.57920495e-02
-1.82213839e-02
-2.06505470e-02
-2.30795164e-02
-2.55082697e-02
-2.79367827e-02
-3.03650312e-02
-3.27929929e-02
-3.52206454e-02
-3.76479626e-02
-4.00749296e-02
-4.25015129e-02
-4.49277014e-02
-4.73534614e-02
-4.97787781e-02
-5.22036254e-02
-5.46279773e-02
-5.70518151e-02
-5.94751164e-02
-6.18978590e-02
-6.43200204e-02
-6.67415708e-02
-6.91624954e-02
-7.15827644e-02
-7.40023702e-02
-7.64212683e-02
-7.88394511e-02
-8.12568963e-02
-8.36735666e-02
-8.60894471e-02
-8.85045156e-02
-9.09187496e-02
-9.33321342e-02
-9.57446396e-02
-9.81562436e-02
-1.00566924e-01
-1.02976650e-01
-1.05385408e-01
-1.07793175e-01
-1.10199921e-01
-1.12605631e-01
-1.15010291e-01
-1.17413856e-01
-1.19816311e-01
-1.22217640e-01
-1.24617815e-01
-1.27016813e-01
-1.29414633e-01
-1.31811216e-01
-1.34206578e-01
-1.36600658e-01
-1.38993457e-01
-1.41384959e-01
-1.43775135e-01
-1.46163940e-01
-1.48551375e-01
-1.50937393e-01
-1.53322011e-01
-1.55705184e-01
-1.58086866e-01
-1.60467073e-01
-1.62845746e-01
-1.65222913e-01
-1.67598501e-01
-1.69972539e-01
-1.72344953e-01
-1.74715742e-01
-1.77084908e-01
-1.79452389e-01
-1.81818187e-01
-1.84182271e-01
-1.86544627e-01
-1.88905224e-01
-1.91264033e-01
-1.93621039e-01
-1.95976213e-01
-1.98329568e-01
-2.00681031e-01
-2.03030631e-01
-2.05378294e-01
-2.07724035e-01
-2.10067809e-01
-2.12409586e-01
-2.14749381e-01
-2.17087135e-01
-2.19422877e-01
-2.21756518e-01
-2.24088088e-01
-2.26417527e-01
-2.28744850e-01
-2.31070027e-01
-2.33393013e-01
-2.35713810e-01
-2.38032386e-01
-2.40348712e-01
-2.42662787e-01
-2.44974568e-01
-2.47284040e-01
-2.49591202e-01
-2.51895994e-01
-2.54198402e-01
-2.56498456e-01
-2.58796066e-01
-2.61091262e-01
-2.63383985e-01
-2.65674233e-01
-2.67961979e-01
-2.70247191e-01
-2.72529870e-01
-2.74809986e-01
-2.77087510e-01
-2.79362410e-01
-2.81634688e-01
-2.83904284e-01
-2.86171228e-01
-2.88435459e-01
-2.90696979e-01
-2.92955756e-01
-2.95211762e-01
-2.97465026e-01
-2.99715459e-01
-3.01963091e-01
-3.04207861e-01
-3.06449801e-01
-3.08688879e-01
-3.10925007e-01
-3.13158184e-01
-3.15388411e-01
-3.17615688e-01
-3.19839954e-01
-3.22061211e-01
-3.24279428e-01
-3.26494604e-01
-3.28706682e-01
-3.30915689e-01
-3.33121538e-01
-3.35324287e-01
-3.37523848e-01
-3.39720249e-01
-3.41913432e-01
-3.44103426e-01
-3.46290171e-01
-3.48473638e-01
-3.50653857e-01
-3.52830708e-01
-3.55004281e-01
-3.57174516e-01
-3.59341383e-01
-3.61504883e-01
-3.63664955e-01
-3.65821570e-01
-3.67974788e-01
-3.70124519e-01
-3.72270763e-01
-3.74413520e-01
-3.76552731e-01
-3.78688395e-01
-3.80820483e-01
-3.82948995e-01
-3.85073870e-01
-3.87195140e-01
-3.89312774e-01
-3.91426712e-01
-3.93536985e-01
-3.95643562e-01
-3.97746384e-01
-3.99845481e-01
-4.01940793e-01
-4.04032320e-01
-4.06120062e-01
-4.08203989e-01
-4.10284102e-01
-4.12360311e-01
-4.14432585e-01
-4.16500986e-01
-4.18565482e-01
-4.20626014e-01
-4.22682583e-01
-4.24735188e-01
-4.26783770e-01
-4.28828359e-01
-4.30868864e-01
-4.32905316e-01
-4.34937716e-01
-4.36966032e-01
-4.38990206e-01
-4.41010237e-01
-4.43026125e-01
-4.45037842e-01
-4.47045356e-01
-4.49048668e-01
-4.51047748e-01
-4.53042567e-01
-4.55033153e-01
-4.57019418e-01
-4.59001392e-01
-4.60979074e-01
-4.62952405e-01
-4.64921325e-01
-4.66885895e-01
-4.68846053e-01
-4.70801800e-01
-4.72753137e-01
-4.74700004e-01
-4.76642400e-01
-4.78580296e-01
-4.80513692e-01
-4.82442558e-01
-4.84366864e-01
-4.86286610e-01
-4.88201797e-01
-4.90112364e-01
-4.92018342e-01
-4.93919671e-01
-4.95816320e-01
-4.97708291e-01
-4.99595612e-01
-5.01478195e-01
-5.03356099e-01
-5.05229294e-01
-5.07097721e-01
-5.08961499e-01
-5.10820508e-01
-5.12674630e-01
-5.14523864e-01
-5.16368210e-01
-5.18207669e-01
-5.20042241e-01
-5.21871984e-01
-5.23696721e-01
-5.25516629e-01
-5.27331531e-01
-5.29141486e-01
-5.30946434e-01
-5.32746375e-01
-5.34541368e-01
-5.36331356e-01
-5.38116276e-01
-5.39896071e-01
-5.41670859e-01
-5.43440461e-01
-5.45204937e-01
-5.46964288e-01
-5.48718452e-01
-5.50467491e-01
-5.52211344e-01
-5.53949952e-01
-5.55683434e-01
-5.57411671e-01
-5.59134603e-01
-5.60852349e-01
-5.62564850e-01
-5.64271986e-01
-5.65973759e-01
-5.67670166e-01
-5.69361269e-01
-5.71046948e-01
-5.72727323e-01
-5.74402273e-01
-5.76071739e-01
-5.77735841e-01
-5.79394460e-01
-5.81047654e-01
-5.82695425e-01
-5.84337652e-01
-5.85974395e-01
-5.87605655e-01
-5.89231431e-01
-5.90851605e-01
-5.92466176e-01
-5.94075143e-01
-5.95678508e-01
-5.97276270e-01
-5.98868370e-01
-6.00454807e-01
-6.02035642e-01
-6.03610814e-01
-6.05180323e-01
-6.06744170e-01
-6.08302295e-01
-6.09854758e-01
-6.11401558e-01
-6.12942636e-01
-6.14477932e-01
-6.16007328e-01
-6.17530882e-01
-6.19048655e-01
-6.20560527e-01
-6.22066557e-01
-6.23566628e-01
-6.25060916e-01
-6.26549244e-01
-6.28031731e-01
-6.29508317e-01
-6.30979002e-01
-6.32443666e-01
-6.33902431e-01
-6.35355234e-01
-6.36802077e-01
-6.38242960e-01
-6.39677823e-01
-6.41106665e-01
-6.42529428e-01
-6.43946111e-01
-6.45356715e-01
-6.46761239e-01
-6.48159683e-01
-6.49551988e-01
-6.50938213e-01
-6.52318239e-01
-6.53692186e-01
-6.55059993e-01
-6.56421661e-01
-6.57777071e-01
-6.59126282e-01
-6.60469294e-01
-6.61806107e-01
-6.63136721e-01
-6.64461136e-01
-6.65779233e-01
-6.67091012e-01
-6.68396473e-01
-6.69695616e-01
-6.70988441e-01
-6.72274947e-01
-6.73555136e-01
-6.74828947e-01
-6.76096439e-01
-6.77357554e-01
-6.78612292e-01
-6.79860592e-01
-6.81102633e-01
-6.82338178e-01
-6.83567286e-01
-6.84789956e-01
-6.86006188e-01
-6.87215984e-01
-6.88419342e-01
-6.89616263e-01
-6.90806627e-01
-6.91990495e-01
-6.93167806e-01
-6.94338560e-01
-6.95502758e-01
-6.96660399e-01
-6.97811544e-01
-6.98956013e-01
-7.00093925e-01
-7.01225281e-01
-7.02350020e-01
-7.03468144e-01
-7.04579651e-01
-7.05684423e-01
-7.06782639e-01
-7.07874179e-01
-7.08959103e-01
-7.10037351e-01
-7.11108983e-01
-7.12173939e-01
-7.13232219e-01
-7.14283824e-01
-7.15328693e-01
-7.16366768e-01
-7.17398047e-01
-7.18422592e-01
-7.19440341e-01
-7.20451236e-01
-7.21455336e-01
-7.22452581e-01
-7.23443091e-01
-7.24426746e-01
-7.25403607e-01
-7.26373613e-01
-7.27336764e-01
-7.28293121e-01
-7.29242504e-01
-7.30185151e-01
-7.31120884e-01
-7.32049704e-01
-7.32971609e-01
-7.33886659e-01
-7.34794855e-01
-7.35696077e-01
-7.36590445e-01
-7.37477839e-01
-7.38358319e-01
-7.39231884e-01
-7.40098536e-01
-7.40958214e-01
-7.41810918e-01
-7.42656589e-01
-7.43495226e-01
-7.44326830e-01
-7.45151341e-01
-7.45968878e-01
-7.46779323e-01
-7.47582793e-01
-7.48379171e-01
-7.49168575e-01
-7.49950886e-01
-7.50726104e-01
-7.51494229e-01
-7.52255321e-01
-7.53009260e-01
-7.53756166e-01
-7.54495919e-01
-7.55228639e-01
-7.55954146e-01
-7.56672621e-01
-7.57383883e-01
-7.58088052e-01
-7.58785009e-01
-7.59474874e-01
-7.60157526e-01
-7.60833085e-01
-7.61501491e-01
-7.62162745e-01
-7.62816787e-01
-7.63463736e-01
-7.64103472e-01
-7.64736116e-01
-7.65361607e-01
-7.65979886e-01
-7.66590893e-01
-7.67194629e-01
-7.67791092e-01
-7.68380284e-01
-7.68962145e-01
-7.69536793e-01
-7.70104170e-01
-7.70664215e-01
-7.71217048e-01
-7.71762550e-01
-7.72300780e-01
-7.72831798e-01
-7.73355544e-01
-7.73872018e-01
-7.74381220e-01
-7.74883091e-01
-7.75377691e-01
-7.75865018e-01
-7.76345015e-01
-7.76817739e-01
-7.77283132e-01
-7.77741134e-01
-7.78191924e-01
-7.78635323e-01
-7.79071450e-01
-7.79500186e-01
-7.79921591e-01
-7.80335665e-01
-7.80742466e-01
-7.81141818e-01
-7.81533897e-01
-7.81918585e-01
-7.82295883e-01
-7.82665908e-01
-7.83028483e-01
-7.83383727e-01
-7.83731580e-01
-7.84072042e-01
-7.84405172e-01
-7.84730852e-01
-7.85049140e-01
-7.85360098e-01
-7.85663605e-01
-7.85959780e-01
-7.86248505e-01
-7.86529899e-01
-7.86803842e-01
-7.87070453e-01
-7.87329614e-01
-7.87581384e-01
-7.87825823e-01
-7.88062811e-01
-7.88292468e-01
-7.88514674e-01
-7.88729548e-01
-7.88936973e-01
-7.89137006e-01
-7.89329708e-01
-7.89514959e-01
-7.89692819e-01
-7.89863288e-01
-7.90026307e-01
-7.90181816e-01
-7.90329874e-01
-7.90470421e-01
-7.90603459e-01
-7.90728986e-01
-7.90847003e-01
-7.90957510e-01
-7.91060507e-01
-7.91155994e-01
-7.91243970e-01
-7.91324437e-01
-7.91397393e-01
-7.91462839e-01
-7.91520774e-01
-7.91571200e-01
-7.91614115e-01
-7.91649520e-01
-7.91677415e-01
-7.91697800e-01
-7.91710675e-01
-7.91716039e-01
-7.91713893e-01
-7.91704237e-01
-7.91687071e-01
-7.91662395e-01
-7.91630208e-01
-7.91590512e-01
-7.91543305e-01
-7.91488588e-01
-7.91426361e-01
-7.91356623e-01
-7.91279376e-01
-7.91194618e-01
-7.91102350e-01
-7.91002572e-01
-7.90895283e-01
-7.90780485e-01
-7.90658176e-01
-7.90528357e-01
-7.90391028e-01
-7.90246189e-01
-7.90093839e-01
-7.89933980e-01
-7.89766669e-01
-7.89591908e-01
-7.89409697e-01
-7.89220095e-01
-7.89023101e-01
-7.88818717e-01
-7.88606942e-01
-7.88387775e-01
-7.88161218e-01
-7.87927270e-01
-7.87685931e-01
-7.87437201e-01
-7.87181079e-01
-7.86917567e-01
-7.86646664e-01
-7.86368370e-01
-7.86082685e-01
-7.85789609e-01
-7.85489142e-01
-7.85181284e-01
-7.84866035e-01
-7.84543395e-01
-7.84213424e-01
-7.83876002e-01
-7.83531249e-01
-7.83179104e-01
-7.82819629e-01
-7.82452703e-01
-7.82078385e-01
-7.81696737e-01
-7.81307757e-01
-7.80911446e-01
-7.80507803e-01
-7.80096710e-01
-7.79678285e-01
-7.79252589e-01
-7.78819501e-01
-7.78379023e-01
-7.77931273e-01
-7.77476132e-01
-7.77013779e-01
-7.76544034e-01
-7.76067019e-01
-7.75582671e-01
-7.75091052e-01
-7.74592042e-01
-7.74085820e-01
-7.73572266e-01
-7.73051500e-01
-7.72523463e-01
-7.71988094e-01
-7.71445453e-01
-7.70895600e-01
-7.70338476e-01
-7.69774020e-01
-7.69202292e-01
-7.68623352e-01
-7.68037081e-01
-7.67443538e-01
-7.66842782e-01
-7.66234696e-01
-7.65619338e-01
-7.64996767e-01
-7.64366984e-01
-7.63730049e-01
-7.63085902e-01
-7.62434602e-01
-7.61776149e-01
-7.61110485e-01
-7.60437727e-01
-7.59757817e-01
-7.59070754e-01
-7.58376479e-01
-7.57675111e-01
-7.56966650e-01
-7.56251037e-01
-7.55528271e-01
-7.54798412e-01
-7.54061341e-01
-7.53317237e-01
-7.52566040e-01
-7.51807690e-01
-7.51042306e-01
-7.50269771e-01
-7.49490201e-01
-7.48703599e-01
-7.47909844e-01
-7.47109115e-01
-7.46301293e-01
-7.45486498e-01
-7.44664609e-01
-7.43835747e-01
-7.42999792e-01
-7.42156804e-01
-7.41306841e-01
-7.40449905e-01
-7.39585876e-01
-7.38714933e-01
-7.37837017e-01
-7.36952186e-01
-7.36060381e-01
-7.35161722e-01
-7.34256089e-01
-7.33343601e-01
-7.32424200e-01
-7.31497884e-01
-7.30564713e-01
-7.29624689e-01
-7.28677750e-01
-7.27723956e-01
-7.26763248e-01
-7.25795746e-01
-7.24821329e-01
-7.23840117e-01
-7.22852051e-01
-7.21857190e-01
-7.20855534e-01
-7.19847083e-01
-7.18831837e-01
-7.17809856e-01
-7.16781020e-01
-7.15745389e-01
-7.14702964e-01
-7.13653803e-01
-7.12597847e-01
-7.11535215e-01
-7.10465908e-01
-7.09389925e-01
-7.08307385e-01
-7.07218111e-01
-7.06122160e-01
-7.05019593e-01
-7.03910351e-01
-7.02794552e-01
-7.01672077e-01
-7.00543046e-01
-6.99407399e-01
-6.98265135e-01
-6.97116256e-01
-6.95960879e-01
-6.94798827e-01
-6.93630278e-01
-6.92455173e-01
-6.91273510e-01
-6.90085292e-01
-6.88890517e-01
-6.87689304e-01
-6.86481595e-01
-6.85267448e-01
-6.84046865e-01
-6.82819784e-01
-6.81586266e-01
-6.80346370e-01
-6.79099977e-01
-6.77847207e-01
-6.76588118e-01
-6.75322592e-01
-6.74050748e-01
-6.72772527e-01
-6.71487987e-01
-6.70197070e-01
-6.68899894e-01
-6.67596400e-01
-6.66286588e-01
-6.64970458e-01
-6.63648009e-01
-6.62319303e-01
-6.60984337e-01
-6.59643173e-01
-6.58295810e-01
-6.56942189e-01
-6.55582428e-01
-6.54216468e-01
-6.52844369e-01
-6.51466072e-01
-6.50081694e-01
-6.48691118e-01
-6.47294462e-01
-6.45891726e-01
-6.44482851e-01
-6.43067956e-01
-6.41646922e-01
-6.40219808e-01
-6.38786674e-01
-6.37347460e-01
-6.35902226e-01
-6.34451032e-01
-6.32993877e-01
-6.31530821e-01
-6.30061746e-01
-6.28586769e-01
-6.27105892e-01
-6.25619054e-01
-6.24126375e-01
-6.22627735e-01
-6.21123314e-01
-6.19612932e-01
-6.18096769e-01
-6.16574645e-01
-6.15046740e-01
-6.13512993e-01
-6.11973405e-01
-6.10427976e-01
-6.08876944e-01
-6.07320189e-01
-6.05757713e-01
-6.04189575e-01
-6.02615774e-01
-6.01036310e-01
-5.99451184e-01
-5.97860336e-01
-5.96263945e-01
-5.94661891e-01
-5.93054235e-01
-5.91440976e-01
-5.89822114e-01
-5.88197649e-01
-5.86567640e-01
-5.84932089e-01
-5.83291054e-01
-5.81644535e-01
-5.79992473e-01
-5.78334987e-01
-5.76672077e-01
-5.75003743e-01
-5.73329926e-01
-5.71650803e-01
-5.69966257e-01
-5.68276286e-01
-5.66580951e-01
-5.64880252e-01
-5.63174248e-01
-5.61462879e-01
-5.59746146e-01
-5.58024168e-01
-5.56296945e-01
-5.54564536e-01
-5.52826881e-01
-5.51083982e-01
-5.49335897e-01
-5.47582626e-01
-5.45824230e-01
-5.44060647e-01
-5.42291880e-01
-5.40518045e-01
-5.38739085e-01
-5.36955118e-01
-5.35166025e-01
-5.33371866e-01
-5.31572700e-01
-5.29768586e-01
-5.27959406e-01
-5.26145279e-01
-5.24326146e-01
-5.22502124e-01
-5.20673156e-01
-5.18839300e-01
-5.17000556e-01
-5.15156925e-01
-5.13308406e-01
-5.11455059e-01
-5.09596765e-01
-5.07733703e-01
-5.05865872e-01
-5.03993273e-01
-5.02115965e-01
-5.00233889e-01
-4.98347133e-01
-4.96455699e-01
-4.94559586e-01
-4.92658794e-01
-4.90753382e-01
-4.88843322e-01
-4.86928642e-01
-4.85009402e-01
-4.83085543e-01
-4.81157154e-01
-4.79224235e-01
-4.77286786e-01
-4.75344807e-01
-4.73398358e-01
-4.71447438e-01
-4.69492078e-01
-4.67532277e-01
-4.65568095e-01
-4.63599503e-01
-4.61626530e-01
-4.59649205e-01
-4.57667559e-01
-4.55681622e-01
-4.53691334e-01
-4.51696813e-01
-4.49698001e-01
-4.47694957e-01
-4.45687681e-01
-4.43676233e-01
-4.41660583e-01
-4.39640731e-01
-4.37616765e-01
-4.35588658e-01
-4.33556437e-01
-4.31520134e-01
-4.29479778e-01
-4.27435368e-01
-4.25386906e-01
-4.23334420e-01
-4.21277970e-01
-4.19217527e-01
-4.17153150e-01
-4.15084839e-01
-4.13012624e-01
-4.10936505e-01
-4.08856481e-01
-4.06772614e-01
-4.04684901e-01
-4.02593344e-01
-4.00498062e-01
-3.98398966e-01
-3.96296144e-01
-3.94189537e-01
-3.92079204e-01
-3.89965206e-01
-3.87847543e-01
-3.85726243e-01
-3.83601278e-01
-3.81472737e-01
-3.79340559e-01
-3.77204806e-01
-3.75065506e-01
-3.72922689e-01
-3.70776355e-01
-3.68626505e-01
-3.66473198e-01
-3.64316434e-01
-3.62156212e-01
-3.59992594e-01
-3.57825577e-01
-3.55655193e-01
-3.53481472e-01
-3.51304382e-01
-3.49124014e-01
-3.46940339e-01
-3.44753385e-01
-3.42563182e-01
-3.40369731e-01
-3.38173121e-01
-3.35973293e-01
-3.33770335e-01
-3.31564188e-01
-3.29354942e-01
-3.27142566e-01
-3.24927121e-01
-3.22708637e-01
-3.20487082e-01
-3.18262488e-01
-3.16034943e-01
-3.13804418e-01
-3.11570942e-01
-3.09334517e-01
-3.07095170e-01
-3.04852903e-01
-3.02607775e-01
-3.00359845e-01
-2.98109025e-01
-2.95855433e-01
-2.93599069e-01
-2.91339934e-01
-2.89078057e-01
-2.86813468e-01
-2.84546167e-01
-2.82276213e-01
-2.80003577e-01
-2.77728289e-01
-2.75450408e-01
-2.73169935e-01
-2.70886868e-01
-2.68601298e-01
-2.66313136e-01
-2.64022470e-01
-2.61729360e-01
-2.59433776e-01
-2.57135749e-01
-2.54835278e-01
-2.52532423e-01
-2.50227213e-01
-2.47919649e-01
-2.45609730e-01
-2.43297517e-01
-2.40983009e-01
-2.38666251e-01
-2.36347243e-01
-2.34026015e-01
-2.31702581e-01
-2.29376957e-01
-2.27049202e-01
-2.24719286e-01
-2.22387254e-01
-2.20053151e-01
-2.17716977e-01
-2.15378761e-01
-2.13038519e-01
-2.10696265e-01
-2.08352044e-01
-2.06005841e-01
-2.03657717e-01
-2.01307684e-01
-1.98955759e-01
-1.96601972e-01
-1.94246352e-01
-1.91888899e-01
-1.89529657e-01
-1.87168628e-01
-1.84805825e-01
-1.82441309e-01
-1.80075079e-01
-1.77707151e-01
-1.75337553e-01
-1.72966316e-01
-1.70593455e-01
-1.68218985e-01
-1.65842965e-01
-1.63465366e-01
-1.61086246e-01
-1.58705607e-01
-1.56323493e-01
-1.53939903e-01
-1.51554883e-01
-1.49168447e-01
-1.46780610e-01
-1.44391403e-01
-1.42000839e-01
-1.39608964e-01
-1.37215763e-01
-1.34821281e-01
-1.32425547e-01
-1.30028561e-01
-1.27630383e-01
-1.25230983e-01
-1.22830443e-01
-1.20428748e-01
-1.18025936e-01
-1.15622014e-01
-1.13217026e-01
-1.10810988e-01
-1.08403906e-01
-1.05995819e-01
-1.03586741e-01
-1.01176694e-01
-9.87657011e-02
-9.63537991e-02
-9.39410031e-02
-9.15273353e-02
-8.91128108e-02
-8.66974592e-02
-8.42813104e-02
-8.18643793e-02
-7.94466883e-02
-7.70282671e-02
-7.46091306e-02
-7.21893013e-02
-6.97688162e-02
-6.73476830e-02
-6.49259314e-02
-6.25035763e-02
-6.00806512e-02
-5.76571785e-02
-5.52331693e-02
-5.28086610e-02
-5.03836684e-02
-4.79582138e-02
-4.55323234e-02
-4.31060232e-02
-4.06793356e-02
-3.82522754e-02
-3.58248726e-02
-3.33971493e-02
-3.09691317e-02
-2.85408311e-02
-2.61122975e-02
-2.36834809e-02
-2.12546308e-02
-1.88250486e-02
-1.63970534e-02
-1.39633706e-02
-1.15472013e-02
-9.07503534e-03
-6.78100763e-03
-3.93428374e-03
-3.06951511e-03
-5.96046448e-08
5.96046448e-08
3.06951511e-03
